1 47046 49243 + 7 2428187 2430333 +
1 417011 418136 + 1 6301410 6302532 +
1 73195 76407 + 3 945632 948846 -
1 201824 281380 + 3 965927 1041493 +
1 282160 412335 + 3 1059977 1193304 +
1 442290 507461 + 3 1194175 1246343 +
1 508541 510584 + 3 1247028 1249076 -
1 511653 513302 + 3 1250391 1252110 +
1 513771 590611 + 3 1274334 1336757 +
1 599552 680505 + 3 1350797 1415214 +
1 683742 695438 + 3 1416042 1428165 -
1 696281 701904 + 3 1431413 1437415 -
1 702660 724528 + 3 1437969 1461177 -
1 725803 732603 + 3 1462705 1469680 -
1 733329 887692 + 3 1470482 1611581 +
1 888258 899387 + 3 1614094 1625023 -
1 900982 999296 + 3 1625866 1702518 +
1 999548 1026094 + 3 1750018 1776700 +
1 1026716 1039211 + 3 1779637 1792469 -
1 1041972 1065112 + 3 1792836 1819551 +
1 17323 24883 + 2 1246098 1254960 -
1 1101034 1104722 + 2 3603009 3606280 +
1 2581 7073 + 4 5211420 5215921 +
1 1070588 1096033 + 4 2272690 2294767 -
1 1120450 1192930 + 4 2198497 2270998 -
1 28317 30676 + 6 3054675 3056960 +
1 435322 440156 + 6 2688145 2692970 +
2 244970 257137 + 7 2382808 2387392 -
2 518031 520158 + 7 3730403 3732695 -
2 527204 532893 + 7 3734413 3739963 +
2 534011 541050 + 7 3740864 3747554 -
2 541294 555545 + 7 3747811 3762956 +
2 556684 565624 + 7 3765213 3774052 -
2 569345 600513 + 7 3775343 3805983 +
2 614670 625021 + 7 3812730 3822229 -
2 686236 690118 + 7 899801 903370 +
2 698985 704746 + 7 3806837 3812439 -
2 824651 826563 + 7 3830101 3831870 -
2 830294 1051415 + 7 3833098 3960868 +
2 1052515 1082438 + 7 3964003 3971961 -
2 1097958 1109705 + 7 3976031 3986378 +
2 1172950 1219210 + 7 3988066 4033946 +
2 1224700 1231487 + 7 4036119 4041606 -
2 1233354 1285968 + 7 2905532 2969270 +
2 1367 24549 + 4 658725 670211 -
2 50602 181466 + 4 584521 655501 -
2 192042 217144 + 4 556506 580192 +
2 219033 230844 + 4 546638 556163 -
2 266515 292390 + 4 514005 541597 +
2 295624 299769 + 4 509320 511522 -
2 359877 421254 + 4 478123 502590 -
2 430096 461210 + 4 415598 462968 +
2 493025 497080 + 4 465325 469625 +
2 310900 313218 + 5 5667107 5669539 -
2 795172 797363 + 5 4243516 4245668 +
2 798293 804133 + 5 1156235 1162072 -
2 469137 472911 + 3 940898 944681 +
2 1111910 1169674 + 3 2881689 2889449 -
2 31823 36824 + 10 118293 123390 -
3 788 2252 + 4 2334946 2336427 +
3 2718 8306 + 4 2379699 2385325 +
3 21908 25914 + 4 1068592 1072406 -
3 33132 626469 + 4 2385933 2924792 +
3 684069 742906 + 4 2925716 2974600 -
3 754142 781165 + 4 2978102 2996441 +
3 635344 636393 + 3 2966796 2967829 +
4 95969 98022 + 7 947659 948898 +
4 848994 850802 + 7 2295330 2296972 +
4 1062975 1066856 + 7 2332123 2335977 -
4 16290 18962 + 3 205395 207914 -
4 27206 30095 + 3 201659 204443 -
4 36794 65834 + 3 219435 244669 +
4 67005 71485 + 3 283040 287579 +
4 80648 89486 + 3 273604 282827 -
4 98622 123555 + 3 245691 269447 -
4 124961 128457 + 3 296507 299811 +
4 130908 149336 + 3 330192 345534 +
4 154660 210547 + 3 384305 427911 +
4 287424 290418 + 3 2431819 2434753 +
4 356515 363296 + 3 461007 467760 +
4 365678 370981 + 3 486511 492826 -
4 372606 376783 + 3 469691 473854 -
4 379191 428224 + 3 495223 527717 -
4 428518 430206 + 3 474634 476333 +
4 449637 451858 + 3 529942 532209 -
4 464358 469409 + 3 533928 538490 +
4 543710 561455 + 3 539778 556132 +
4 566962 569833 + 3 560604 563813 +
4 570603 680597 + 3 568946 667748 +
4 701867 714730 + 3 669108 682946 +
4 758818 760341 + 3 754044 755516 +
4 1096800 1098555 + 3 695064 697560 +
4 1379083 1382654 + 3 176922 180157 -
4 1037204 1041667 + 2 1138635 1143107 +
4 19661 24441 + 5 1148128 1152839 +
4 346397 349549 + 5 1093806 1096942 +
4 1017959 1023113 + 5 1049852 1059944 -
4 1057897 1059991 + 5 1033973 1035962 -
4 1156850 1159333 + 5 4512381 4514866 +
4 562790 564214 + 4 4308460 4309963 +
4 696240 698462 + 4 948828 951108 -
4 734864 736121 + 4 1075916 1077138 +
4 777012 780247 + 4 995130 998276 +
4 834615 840577 + 4 1046067 1051687 -
4 946761 948146 + 4 896763 898145 -
4 988506 1002187 + 4 1031107 1036449 -
4 1081053 1083720 + 4 929784 932729 -
4 1159342 1161335 + 4 5915989 5918205 -
4 2261206 2264205 + 4 5872247 5875358 -
4 497735 500818 + 6 1805749 1808784 -
4 1053428 1054748 + 6 2819007 2820233 +
4 1117906 1120505 + 6 2994350 2999293 +
4 1163605 1240718 + 6 3076615 3149857 +
4 1245452 1288140 + 6 3152717 3194227 -
4 1291609 1308006 + 6 3197504 3212161 -
4 1311629 1332550 + 6 3213417 3230749 +
4 1339685 1377085 + 6 3240623 3279772 +
4 1392255 1397948 + 6 3305159 3310064 -
4 1403758 1437513 + 6 3288464 3300502 +
4 1440406 1446495 + 6 3280730 3286937 -
4 1486876 1508504 + 6 3312138 3334609 +
4 1509541 1628799 + 6 3339940 3406956 +
4 1629946 1893982 + 6 3421526 3593137 +
4 1896801 1932917 + 6 3593685 3629272 -
4 1937674 1941217 + 6 3646202 3648962 +
4 1953347 1981831 + 6 3653892 3664679 -
4 2001301 2084838 + 6 3672199 3712974 +
4 2142026 2200331 + 6 3727799 3741949 -
4 2207952 2234979 + 6 3719418 3727254 +
4 2251226 2252901 + 6 3745827 3747538 -
4 2277903 2279221 + 6 3752265 3753561 +
5 638539 642933 + 3 836192 840571 +
5 1460590 1462446 + 3 2426061 2427902 +
5 2383033 2384405 + 3 4261800 4263176 -
5 2420686 2425167 + 3 916725 921215 -
5 1508551 1510161 + 7 2417017 2418624 -
5 2211872 2214247 + 7 1341828 1344186 +
5 2459407 2463327 + 7 2309555 2313484 +
5 735691 736822 + 4 4988526 4989630 -
5 876052 877627 + 4 3311347 3312909 -
5 1113604 1208496 + 4 3128543 3183954 +
5 1350215 1455884 + 4 3183966 3263757 +
5 1621512 1656407 + 4 3264598 3298512 +
5 1661687 1668199 + 4 5239826 5246391 -
5 1669632 1677568 + 4 3298847 3306699 +
5 1679486 1729926 + 4 3314442 3364324 +
5 1755081 1757143 + 4 1142704 1144763 -
5 1776402 1933549 + 4 3367238 3490131 +
5 2006739 2039773 + 4 3490919 3512507 +
5 2044276 2048244 + 4 5787169 5789642 -
5 2075873 2077275 + 4 4928581 4930026 +
5 2078079 2084255 + 4 4931383 4937426 -
5 2086790 2179313 + 4 4852370 4927497 +
5 2181112 2184972 + 4 4938092 4942083 -
5 2186756 2189674 + 4 4304281 4307554 -
5 2190199 2206670 + 4 3842712 3857406 +
5 2215057 2360450 + 4 3858917 4000059 +
5 2400296 2415064 + 4 4000262 4009660 +
5 2429667 2435055 + 4 4011173 4016538 +
5 731238 732976 + 5 5494691 5496124 -
5 1307288 1308863 + 5 939337 940972 -
5 1339133 1342556 + 5 1204710 1208107 -
5 1950874 1960536 + 1 3647552 3659035 -
5 2367302 2370640 + 1 9288234 9291545 +
5 155519 218592 + 6 1409 46800 +
5 221002 229880 + 6 47483 56095 -
5 232451 248550 + 6 59682 76452 -
5 249347 266809 + 6 77459 94892 +
5 268762 272123 + 6 100727 103928 -
5 326374 381083 + 6 120904 171006 +
5 420879 425038 + 6 2871286 2875072 +
5 457214 471359 + 6 171169 184900 +
5 472624 486972 + 6 185156 196535 -
5 488981 511469 + 6 198181 214372 +
5 513488 514702 + 6 348788 349934 +
5 517020 537970 + 6 218865 226502 -
5 544683 553213 + 6 339420 348160 -
5 566084 569757 + 6 332138 335892 +
5 571012 590581 + 6 297568 330403 +
5 595612 605083 + 6 258587 268686 +
5 605946 624776 + 6 275820 296592 +
5 626063 638214 + 6 243683 255292 +
5 654213 655961 + 6 255529 257289 +
5 657058 670466 + 6 227807 240815 -
5 701796 723781 + 6 398587 413565 -
5 746709 757564 + 6 415364 422652 -
5 764890 768727 + 6 423785 427657 +
5 803216 805504 + 6 450124 451791 -
5 814691 857167 + 6 457643 487066 +
5 878267 925725 + 6 489590 531126 -
5 929432 951837 + 6 534273 556031 +
5 953122 993636 + 6 561019 599127 +
5 994045 998357 + 6 1193446 1197925 -
5 998795 1054469 + 6 1138161 1172031 -
5 1210988 1213245 + 6 2811066 2816433 -
5 1524173 1526453 + 6 2973628 2975917 -
5 1526638 1528651 + 6 2860982 2862993 +
5 2437001 2438440 + 6 3237538 3238962 -
5 1551554 1554770 + 2 3692491 3695689 +
5 2059845 2064846 + 10 95750 100706 +
6 828 38600 + 5 3994846 4033105 +
6 38994 64159 + 5 4065460 4090687 +
6 102257 167995 + 5 4092514 4159490 +
6 168699 231864 + 5 4171286 4234719 +
6 232673 460186 + 5 4249564 4429536 +
6 513443 524757 + 5 4429887 4441205 +
6 526052 530583 + 5 4473223 4477791 +
6 555623 583727 + 5 4479873 4506372 +
6 624398 807734 + 5 4520257 4699923 +
6 859407 913726 + 5 4724468 4777408 +
6 474012 476318 + 1 6404720 6407023 +
6 808293 809497 + 6 3335652 3336921 +
6 78454 83414 + 7 279982 284747 +
6 817072 819011 + 7 2319916 2321800 +
6 531304 532351 + 2 2902748 2903831 +
7 334207 335289 + 1 3935044 3936151 +
7 1117706 1119975 + 5 4464893 4467241 -
7 7683 33883 + 6 631503 658272 +
7 41285 80456 + 6 1199023 1237443 +
7 82296 88723 + 6 1239545 1245946 -
7 90571 244759 + 6 1248205 1380239 +
7 244983 250419 + 6 1380421 1385826 -
7 250751 329030 + 6 1386160 1461240 +
7 335291 363727 + 6 1461510 1492150 +
7 370481 377841 + 6 4174545 4181295 -
7 394616 670019 + 6 1496307 1702388 +
7 713022 803669 + 6 1704009 1795046 +
7 803678 816698 + 6 1823773 1837278 +
7 821866 826880 + 6 1837851 1842846 -
7 827902 939586 + 6 1853214 1976000 +
7 962339 971232 + 6 1977845 1986796 -
7 972711 1097146 + 6 1989233 2102000 +
7 1099016 1102091 + 6 2103769 2107005 -
7 1102714 1109888 + 6 2107696 2115059 +
7 1155159 1264307 + 6 2119291 2199930 +
7 683460 686641 + 7 329008 332069 -
7 1112779 1114220 + 3 4073365 4075663 +
8 1132 3841 + 2 3481660 3484418 +
8 15774 140076 + 2 3321392 3470922 -
8 140421 358809 + 2 3098994 3302662 -
8 359795 380435 + 2 3084977 3098431 +
8 381422 383540 + 2 3081157 3083215 -
8 384602 395457 + 2 3069153 3080075 +
8 398738 417484 + 2 3046317 3065066 -
8 423781 454519 + 2 3012240 3041594 +
8 455781 537262 + 2 2933645 3010437 -
8 539928 634695 + 2 1688270 1796582 +
9 224489 232955 + 1 3774675 3787019 +
9 313485 317936 + 1 3898347 3902807 -
9 1242 53867 + 4 777938 829175 +
9 54789 105253 + 4 842731 871242 +
9 107111 109212 + 4 872130 874253 -
9 412925 414365 + 4 1062080 1063484 +
9 547030 584639 + 4 1088082 1125375 +
9 585205 605004 + 4 1173836 1193617 +
9 609918 615299 + 4 1260078 1265578 -
9 616243 618157 + 4 1256504 1258469 +
9 619479 636832 + 4 1239030 1255698 -
9 376713 381385 + 2 1340714 1345386 +
9 444222 445595 + 7 2297248 2298654 +
9 145327 149829 + 5 923787 928295 -
9 427788 430874 + 5 1176601 1179690 -
9 336468 338347 + 6 2789936 2791819 +
9 538565 544341 + 6 117453 118766 +
10 2369 34917 + 4 5751975 5775808 -
10 128707 151686 + 4 5725931 5743581 -
10 152460 187386 + 4 5697689 5725563 +
10 191681 223598 + 4 5645151 5676549 -
10 226294 244926 + 4 5679065 5697150 +
10 245951 255104 + 4 5796592 5805501 -
10 255550 257498 + 4 5794103 5796052 +
10 258585 281039 + 4 5805737 5823178 -
10 313844 374101 + 4 5824366 5847138 +
10 390459 397443 + 4 5937730 5945178 -
10 400214 443151 + 4 5891870 5914378 -
10 187758 190132 + 3 3724495 3726860 +
10 74501 78871 + 1 3765810 3770145 +
10 503233 505089 + 5 1105586 1107421 +
11 25125 60513 + 1 1962863 1990604 +
11 188581 316250 + 1 1991202 2100894 +
11 325957 339006 + 1 5744695 5756149 -
11 344328 550493 + 1 2102410 2273346 +
11 550509 584614 + 1 2342658 2368307 +
11 77604 82353 + 7 1013798 1018083 +
11 164772 167291 + 7 1019426 1021971 +
11 128644 131800 + 10 35537 38657 +
12 906988 908571 + 5 3908066 3909640 +
12 921484 923932 + 5 4034803 4037221 -
12 870667 888882 + 4 4017593 4031329 +
12 889416 891954 + 4 4064181 4066853 +
12 926458 936327 + 4 4067924 4077991 +
12 937985 939210 + 7 1059413 1060570 +
12 2415 136522 + 3 2603382 2718654 -
12 137410 139325 + 3 2600374 2602016 +
12 140773 301439 + 3 2444832 2599687 -
12 302360 363660 + 3 2364753 2423193 -
12 364100 378382 + 3 2349718 2364397 +
12 378888 500673 + 3 2236911 2349083 -
12 500985 587242 + 3 2096845 2185056 -
12 588134 602396 + 3 2081994 2096513 +
12 604807 817711 + 3 1866881 2078941 -
12 818584 827546 + 3 1856730 1866450 +
12 827929 865381 + 3 1820484 1856263 -
13 258 8392 + 7 2969287 2976084 +
13 11194 24414 + 7 2977762 2990474 -
13 32703 106516 + 7 2992841 3052367 +
13 107906 118194 + 7 3076627 3083163 -
13 173630 193991 + 7 3053602 3075076 -
13 195964 208015 + 7 3083918 3096069 -
13 214863 256144 + 7 3129455 3170589 -
13 342254 368238 + 7 3100379 3127509 -
13 369879 583728 + 7 3172067 3336245 +
13 583839 585588 + 7 3336650 3338369 -
13 586536 617689 + 7 3339308 3363718 +
13 622921 649041 + 7 3365132 3398976 +
13 654687 656197 + 7 3399799 3401440 -
13 656462 771305 + 7 3401906 3529921 +
13 805820 845689 + 7 3530625 3568715 +
13 847137 892674 + 7 3569486 3598106 -
13 894086 922539 + 7 3600401 3622696 +
13 928321 954328 + 7 3626671 3651998 -
13 956653 958939 + 7 2901376 2903721 -
13 974272 1035671 + 7 2848964 2900243 -
13 1041317 1046758 + 7 2842676 2848062 +
13 1047668 1083554 + 7 2791555 2841562 -
13 1086562 1087713 + 7 2789463 2790707 +
13 1088795 1101854 + 7 2775233 2788459 +
13 1103404 1119692 + 7 2755983 2773206 +
13 1121378 1185237 + 7 2692723 2755370 -
13 1202738 1204012 + 7 1442613 1443884 -
13 1204919 1399070 + 7 2506988 2691392 -
13 1400181 1414546 + 7 2483306 2494843 -
13 1527916 1532931 + 7 2454242 2459269 -
13 1574971 1579070 + 7 2373581 2377684 -
13 150508 153441 + 1 2308336 2311146 +
13 779454 785637 + 1 8240175 8246360 -
13 960288 961310 + 1 5498249 5499271 +
13 1629239 1633050 + 1 3879234 3889654 -
13 1656335 1660466 + 1 4329686 4333808 +
13 166411 168101 + 4 1469993 1471680 +
13 970662 972585 + 4 1921954 1923853 -
13 1422854 1424909 + 4 1924206 1926222 -
13 1451040 1453522 + 4 1462006 1463940 +
13 1487613 1492080 + 4 4263379 4267855 +
13 141763 144833 + 3 1271168 1274238 +
13 276108 277359 + 3 2220032 2221265 -
13 963216 965199 + 3 3557582 3559598 +
13 1543004 1544355 + 3 811758 813648 -
13 1710710 1712765 + 3 738420 740535 -
13 161134 163214 + 5 5228298 5230403 -
13 298657 300773 + 5 901730 904803 -
13 1429626 1431636 + 5 1136589 1138471 +
13 1506906 1510932 + 6 2820824 2824859 -
13 1627165 1628655 + 6 2955463 2956952 -
13 620680 622371 + 2 774942 776664 -
13 803657 804880 + 2 4119438 4120665 +
13 1588461 1592913 + 2 1168552 1173013 -
14 218220 222288 + 7 813408 817261 +
14 873152 877615 + 7 2344114 2348586 -
14 435734 437827 + 5 1090073 1092125 +
14 236168 264584 + 4 32305 63800 +
14 265609 267715 + 4 64758 66932 -
14 312495 325952 + 4 71269 84631 -
14 362336 374505 + 4 85936 97874 +
14 375913 379570 + 4 99001 102223 -
14 381527 398969 + 4 107035 113047 +
14 400414 426337 + 4 141968 154612 +
14 491854 536316 + 4 155712 186329 +
14 537510 546578 + 4 188080 196951 -
14 549045 551049 + 4 319002 322384 +
14 557163 666092 + 4 243716 314338 -
14 721626 734574 + 4 228400 242819 +
14 735387 739939 + 4 218953 223607 -
14 741112 742597 + 4 216731 218216 +
14 744740 748555 + 4 212112 216023 +
14 763589 771346 + 4 203422 209774 -
14 779116 790170 + 4 331931 336679 +
14 820135 832890 + 4 340170 347207 +
14 912776 990014 + 4 348067 400645 +
14 203709 207272 + 1 3830936 3834558 +
14 288218 290728 + 1 2334901 2337378 -
14 693007 694659 + 2 1195434 1197086 +
14 846112 847532 + 2 1257517 1258675 +
14 813015 816275 + 6 96163 99364 +
15 1031 208715 + 1 6117623 6244743 -
15 210487 261845 + 1 6093172 6116172 +
15 263005 348113 + 1 6047711 6091679 -
15 393074 466502 + 1 5976929 6047605 -
15 467248 477899 + 1 5944460 5955155 -
15 477994 530675 + 1 5869076 5919953 -
15 532621 543694 + 1 8438859 8450515 -
15 545716 546732 + 1 6298374 6299390 +
15 590011 712145 + 1 8330389 8437535 -
15 350516 352967 + 7 519999 522420 -
15 561581 564303 + 3 2233977 2236699 +
15 381621 382986 + 2 4345273 4346584 +
16 496848 547047 + 1 8267229 8330248 -
16 548123 587820 + 1 8192692 8227082 -
16 606432 614413 + 1 8254216 8261974 +
16 631421 695153 + 1 8132920 8190493 -
16 695681 844904 + 1 8477671 8582982 +
16 870573 1217167 + 1 8584422 8786537 +
16 1218642 1411500 + 1 6710996 6903953 +
16 1447102 1453940 + 1 3955689 3962500 -
16 1506628 1552998 + 1 6905843 6948555 +
16 1612273 1705930 + 1 6949850 7029446 +
16 1754277 1763836 + 1 7030773 7040266 +
16 23800 28930 + 2 4101111 4106276 +
16 846531 852893 + 4 1077358 1083547 +
16 861159 862469 + 4 5330358 5331611 -
16 1713427 1717513 + 4 4285644 4289706 +
16 1608126 1611807 + 3 689372 693280 -
16 34979 38122 + 5 185139 187921 +
16 78211 355084 + 5 3006063 3268983 -
16 359786 388400 + 5 2981133 3004863 +
16 392046 397935 + 5 2977076 2980715 +
16 399294 496616 + 5 2884548 2974361 -
16 1455034 1459366 + 5 1122434 1127413 +
16 867452 869683 + 6 2775357 2777599 -
17 24498 33279 + 2 708563 717847 -
17 34239 140872 + 2 718509 773449 +
17 144286 257255 + 2 777279 873923 +
17 257671 260601 + 2 883056 885393 +
17 261623 282021 + 2 887148 907503 -
17 286399 470689 + 2 910646 1066168 +
17 471051 505883 + 2 1076959 1093852 +
18 840 248604 + 1 7733912 7886062 -
18 264547 265825 + 1 9504187 9505458 +
18 272755 442243 + 1 7571522 7732109 -
18 442444 445514 + 1 5973605 5976675 -
18 471504 525655 + 1 7515029 7571058 -
18 249218 250835 + 3 1702817 1704426 +
18 268196 271359 + 7 3678053 3679755 -
19 4030 6676 + 2 695260 698043 +
19 9638 11124 + 2 654019 655505 +
19 12837 47908 + 2 660975 694330 -
19 63781 93465 + 2 616285 648834 -
19 96205 117746 + 2 597496 613184 +
19 121641 142838 + 2 578627 592598 -
19 162111 180969 + 2 562968 571994 -
19 201493 229740 + 2 529148 555977 -
19 232404 307651 + 2 488623 526517 +
19 309163 314639 + 2 481050 486516 +
19 320903 324380 + 2 475307 479441 +
19 326701 354505 + 2 440738 469528 +
19 368399 380228 + 2 425229 433999 +
19 384426 513923 + 2 337613 417504 -
19 517472 535037 + 2 315581 332939 +
19 544304 555680 + 2 300997 313362 -
19 572241 581695 + 2 291674 300683 -
19 585956 591110 + 2 284757 290202 +
19 593288 720699 + 2 154388 280594 -
19 721254 725431 + 2 147602 151070 +
19 726971 728109 + 2 106951 108105 +
19 728778 760124 + 2 96648 105215 -
19 776508 777842 + 2 94654 95987 +
19 818467 859824 + 2 57206 91292 -
19 1033631 1037619 + 2 44059 49117 +
19 1041442 1045612 + 2 36675 40417 -
19 993836 996318 + 4 123439 125894 -
19 556877 558057 + 7 812074 813233 +
19 197876 199848 + 5 1211392 1213365 +
20 13435 869811 + 1 4483002 5208636 -
20 884034 1018269 + 1 4356224 4481080 -
20 1019888 1020908 + 1 4334064 4335090 -
20 1021527 1143096 + 1 4195685 4313791 -
20 1184593 1255556 + 1 4096171 4162490 -
20 1256816 1259629 + 1 4040421 4043233 -
20 1260637 1285951 + 1 3972736 4009471 -
20 1431566 1433094 + 1 1226566 1228106 -
20 873522 877726 + 2 3822822 3826394 +
20 1418370 1419920 + 6 106135 107683 +
20 1423039 1426123 + 6 2980591 2983608 +
20 1295632 1298416 + 4 878672 881455 +
20 1345284 1346733 + 4 1058126 1060025 -
20 1338870 1342399 + 5 968629 972161 -
20 1388147 1392344 + 5 1763238 1767222 -
20 1322248 1324499 + 3 757238 759492 +
21 5521 66534 + 1 1438320 1498947 -
21 70364 89881 + 1 1416300 1434925 +
21 91876 203149 + 1 1298312 1413631 -
21 204097 209068 + 1 1291196 1296045 +
21 211375 250890 + 1 1247182 1290164 -
21 251609 279851 + 1 1201661 1219235 +
21 280442 295843 + 1 1230000 1245917 +
21 296990 311177 + 1 1186601 1201201 -
21 312199 511996 + 1 1023450 1181600 -
22 479 77763 + 5 3932239 3993730 -
22 78142 258316 + 5 3775514 3906997 -
22 260377 293698 + 5 3751593 3774180 +
22 296828 672832 + 5 3429947 3750042 -
22 677064 679874 + 5 1071626 1074460 -
22 681598 852407 + 5 3273258 3429524 -
23 432999 437915 + 2 3670012 3674772 +
23 602303 603718 + 2 3553641 3554990 -
23 623290 627084 + 2 3548778 3552423 +
23 629859 663307 + 2 3502880 3545035 -
23 663424 668735 + 2 3488088 3493375 -
23 679350 682246 + 2 3477866 3480587 +
23 491948 494758 + 5 6181741 6184533 -
23 671223 676689 + 5 1520818 1525457 -
23 618598 621492 + 4 5145200 5147634 -
23 2477 26619 + 1 7493576 7504144 +
23 26980 421489 + 1 7126613 7491803 -
23 481168 484276 + 1 7122020 7125174 -
23 506271 601750 + 1 7040978 7119772 -
24 42512 43994 + 2 3628926 3630414 -
24 113074 115149 + 2 1122520 1126820 +
24 1329542 1330860 + 2 3471711 3473020 -
24 36551 39369 + 5 994439 997253 -
24 201265 230356 + 5 1218622 1228857 +
24 232248 265206 + 5 1269548 1314144 -
24 382392 385918 + 5 1192472 1196001 -
24 406966 449464 + 5 1228894 1265185 -
24 471220 595619 + 5 1315846 1446999 +
24 597243 610905 + 5 1448094 1461804 -
24 612992 670914 + 5 1463675 1519152 +
24 673471 680529 + 5 1529259 1536436 -
24 686711 757352 + 5 1539251 1591876 +
24 761583 765443 + 5 1592640 1596502 +
24 773345 793205 + 5 1600417 1615614 -
24 793384 794860 + 5 1616260 1617733 -
24 795898 859313 + 5 1618325 1679334 +
24 860468 875589 + 5 1681376 1707571 -
24 912526 960355 + 5 1708454 1751186 +
24 977842 1031993 + 5 1768734 1798511 +
24 1033694 1231801 + 5 2521897 2733277 -
24 1232636 1244597 + 5 2509067 2521274 +
24 1244928 1248283 + 5 2504138 2508654 -
24 1249078 1257223 + 5 2495186 2503503 +
24 1258229 1329324 + 5 2423082 2494165 -
24 1331725 1339414 + 5 2408015 2415996 -
24 1340051 1359277 + 5 2391523 2405675 +
24 1361467 1377383 + 5 2375893 2391084 -
24 1378279 1391142 + 5 2362225 2375071 +
24 1392937 1461227 + 5 2306765 2361409 -
24 141854 148448 + 6 2889774 2897985 +
24 306991 309261 + 6 3022044 3023322 +
24 15030 17410 + 1 3914032 3916301 +
24 357798 359428 + 1 3720067 3721703 +
24 910532 911747 + 1 3662506 3663701 +
24 22677 27956 + 7 1827515 1832618 -
24 109988 112285 + 7 2497254 2500772 +
24 313420 316212 + 7 1067509 1069757 +
24 328081 329957 + 4 5018455 5020343 +
24 757660 761552 + 4 3306851 3310536 +
24 158518 161248 + 10 1202 2531 +
25 47509 50419 + 1 6315251 6318149 +
25 76770 77838 + 3 4855953 4857037 +
25 105865 135857 + 3 3524972 3555558 +
25 136162 295724 + 3 3560189 3721604 +
25 299861 476607 + 3 3729636 3894342 +
26 210167 214221 + 1 8228056 8229820 +
26 233099 235846 + 1 6388480 6391260 -
26 812752 822120 + 1 9772804 9781911 +
26 7277 69470 + 4 3790517 3839560 +
26 72626 119187 + 4 4813847 4849745 -
26 121312 126756 + 4 4807725 4812561 +
26 128154 196727 + 4 4779102 4806893 -
26 257554 424080 + 4 4660752 4778749 -
26 425429 463912 + 4 4585634 4624517 -
26 494672 774943 + 4 4334550 4585056 -
26 69686 71420 + 3 3722126 3723801 +
26 479494 480620 + 3 2215843 2216966 +
26 482484 483629 + 3 1261906 1262979 +
26 800097 807081 + 3 4834688 4841496 -
27 689024 692786 + 2 1272241 1275803 -
27 406708 408174 + 7 1071060 1072475 +
27 1334 3409 + 3 909982 912056 -
27 17611 61621 + 6 3755048 3780885 +
27 62871 67543 + 6 3794536 3799823 +
27 79981 97860 + 6 3809637 3826944 +
27 99701 101044 + 6 3804983 3806196 -
27 111788 166798 + 6 3832992 3867915 +
27 198856 200413 + 6 3890125 3891809 -
27 202215 204209 + 6 3894016 3895863 +
27 204406 229182 + 6 3870397 3888126 +
27 230402 231715 + 6 3892061 3893343 -
27 236916 239149 + 6 3896180 3898542 +
27 251167 318816 + 6 3899635 3942392 -
27 319673 340574 + 6 3957260 3976710 -
27 341922 352168 + 6 3947646 3955852 +
27 355384 388562 + 6 3978700 4010620 +
27 389198 391831 + 6 4020163 4023957 +
27 414382 420657 + 6 2645239 2651523 +
27 427934 432019 + 6 4035399 4039624 -
27 457158 499498 + 6 4048021 4061506 +
27 500467 506347 + 6 4063865 4072286 -
27 507489 665455 + 6 4072824 4157409 +
27 725111 728351 + 6 4159150 4162330 +
27 758270 760162 + 6 2694624 2696095 +
27 747943 751285 + 4 5324594 5327933 -
28 201910 203422 + 1 678368 679894 -
28 114070 115785 + 2 4177775 4179437 +
28 2395 112634 + 6 2199977 2313072 +
28 121714 164438 + 6 2316349 2351948 +
28 258461 276941 + 6 2355744 2374411 -
28 279422 563043 + 6 2375102 2644314 +
28 563669 587476 + 6 2652458 2676309 +
28 588190 676532 + 6 2700204 2769572 +
28 179535 184006 + 7 2431249 2435729 -
28 687490 688547 + 7 2284098 2285196 -
29 217799 219496 + 1 3856847 3858538 +
29 64169 89500 + 3 717749 736264 +
29 6338 9539 + 5 9330 12546 +
29 106294 110185 + 7 2241350 2245247 +
29 151411 154050 + 2 3653986 3656631 +
29 199123 204035 + 2 3679756 3684802 -
29 241253 254439 + 2 1312099 1323322 -
29 271314 274629 + 2 1149928 1157468 +
29 294904 559678 + 2 1366431 1590883 +
29 560612 585091 + 2 1591666 1615707 -
29 586541 590092 + 2 1616705 1619215 +
29 591125 592745 + 2 1642274 1644029 -
30 325164 330157 + 1 9166363 9171311 -
30 487069 510893 + 1 9388655 9405352 -
30 556655 580616 + 1 9436509 9461063 -
30 590106 605811 + 1 9463712 9480366 +
30 607661 669382 + 1 9515399 9567217 +
30 673716 681231 + 1 9640064 9647677 -
30 682841 720574 + 1 9567872 9591577 +
30 721352 722504 + 1 9591693 9592865 -
30 723538 787881 + 1 9594501 9638869 +
30 789031 846069 + 1 9649926 9704857 +
30 854413 864507 + 1 9759907 9766890 +
30 8027 45117 + 5 6122949 6161818 +
30 61071 95752 + 5 6162940 6177468 +
30 129833 141595 + 5 6198749 6210839 -
30 154901 229437 + 5 6023330 6058363 -
30 234007 235997 + 5 5978142 5980082 +
30 237519 280623 + 5 5946649 5969865 -
30 285896 289332 + 5 5939156 5942711 +
30 290732 321162 + 5 5872704 5882390 +
30 337785 345703 + 5 5883130 5891021 +
30 346129 362500 + 5 5916967 5936508 +
30 365598 385261 + 5 5862960 5872634 -
30 392117 411481 + 5 5841673 5862144 +
30 412842 429201 + 5 5822332 5839145 -
30 430178 433188 + 5 5805712 5809105 +
30 112388 113734 + 6 4164302 4165630 +
30 48621 51160 + 3 706029 708601 +
31 18241 36963 + 6 1121132 1137418 -
31 103029 148382 + 6 1096161 1120314 -
31 149275 161702 + 6 1026870 1038267 +
31 161952 206351 + 6 1039610 1069680 -
31 210557 216396 + 6 1089248 1094987 +
31 230391 248924 + 6 1006899 1025837 +
31 251002 562786 + 6 817221 1004940 -
31 563406 600647 + 6 779022 816937 +
31 601189 708249 + 6 678947 778220 -
31 709104 720361 + 6 663951 675389 +
31 727401 759097 + 6 601044 631053 +
31 791486 794218 + 6 2943374 2945894 +
31 94446 96083 + 3 887103 888395 -
32 5327 18494 + 7 312465 316742 -
32 19217 21040 + 7 257826 259629 +
32 21203 34162 + 7 292898 305556 -
32 34278 44334 + 7 264823 274174 -
32 152277 245782 + 7 193146 256199 -
32 245855 285273 + 7 159917 185578 -
32 288409 299268 + 7 114796 125782 +
32 306167 313409 + 7 127638 135063 -
32 374104 377600 + 7 2165452 2168977 -
32 385519 569107 + 7 1207 108515 -
32 46465 48633 + 6 4166678 4168843 -
32 125469 128714 + 6 1176846 1180091 +
32 584422 589298 + 2 3308292 3313065 +
32 57190 60424 + 4 1476332 1479503 +
33 7129 63530 + 1 2368391 2442449 +
33 64517 102961 + 1 2443447 2480634 -
33 120209 332053 + 1 2481070 2679099 +
33 381005 409066 + 1 2680730 2708335 -
34 166460 168028 + 2 140221 141804 +
34 9361 154483 + 1 1868907 1961857 -
34 183695 227016 + 1 1824002 1864730 -
34 290361 430737 + 1 1685946 1822948 -
34 439384 442211 + 1 688654 691293 -
34 451436 618233 + 1 1532253 1684318 -
34 619627 646205 + 1 1503324 1529957 +
34 255783 260246 + 6 3011946 3016418 -
35 950 3953 + 1 2936681 2939591 -
35 5103 64139 + 1 2943716 2985222 +
35 65401 79083 + 1 2986285 3000080 -
35 79391 81110 + 1 3001033 3002774 -
35 81674 313668 + 1 3003192 3209154 +
35 313849 328506 + 1 3209784 3224945 -
35 329284 579567 + 1 3225330 3431245 +
36 115834 116928 + 4 2048736 2049833 +
36 29073 91234 + 5 4866691 4920983 -
36 93924 95324 + 5 3926208 3927605 -
36 124067 147766 + 5 4860690 4865067 -
36 236389 237925 + 5 1188436 1190014 -
36 307718 385204 + 5 4777753 4859845 -
37 75547 79599 + 5 1022550 1026652 +
37 119467 123929 + 5 1004649 1009120 -
37 13669 18140 + 4 5570641 5575130 -
37 22284 73373 + 4 5403938 5441045 +
37 149780 162714 + 4 5442193 5455765 +
37 167837 182997 + 4 5459411 5475440 -
37 184517 287205 + 4 5479278 5568488 +
37 288753 293377 + 4 5396636 5401431 -
37 294910 304071 + 4 5385568 5395783 +
37 304777 367053 + 4 5354004 5383733 -
38 29260 38178 + 2 4028404 4037360 +
38 38665 81776 + 2 3738870 3777301 -
38 117835 162241 + 2 3979574 4027121 -
38 167050 194475 + 2 3961649 3979014 +
38 194778 203311 + 2 3950901 3958727 -
38 203838 223706 + 2 3872365 3886434 +
38 237661 239973 + 2 3937428 3939800 +
38 258492 270664 + 2 3939934 3949619 +
38 282909 312727 + 2 3854258 3868085 -
38 346351 371043 + 2 3834172 3850485 -
38 372492 417788 + 2 3777615 3821852 -
38 98808 111888 + 4 4173399 4176106 +
38 244592 246191 + 4 2373890 2375480 -
38 338576 342593 + 1 3479666 3483692 -
38 466764 469601 + 1 4180604 4183360 -
38 476160 480232 + 7 2420168 2424249 +
38 25519 27506 + 5 2416668 2418726 -
39 180722 184376 + 1 4044419 4048082 +
39 1865 43311 + 7 1184592 1220594 -
39 44054 45345 + 7 1183065 1184326 +
39 81075 106065 + 7 1156862 1181303 -
39 119577 121616 + 7 1149849 1151927 -
39 123084 142256 + 7 1096652 1116254 -
39 195683 213815 + 7 1079163 1096405 -
39 214230 225048 + 7 1028264 1039616 -
39 225990 336685 + 7 949797 1007147 -
39 348857 373954 + 7 929598 944864 -
39 385764 398876 + 7 915941 926817 -
39 408698 484859 + 7 861680 889660 -
39 531683 532964 + 7 858131 859338 +
39 537086 575315 + 7 818682 856691 -
39 576362 613158 + 7 781950 810611 -
39 616562 617766 + 7 769835 771044 -
39 619131 630835 + 7 773091 781557 +
39 634069 654615 + 7 747896 767155 -
39 655965 658566 + 7 1007768 1010324 +
39 660414 765503 + 7 673878 747007 -
39 111789 115288 + 3 564111 567550 +
39 379259 382651 + 4 5932177 5935449 +
40 2477 19386 + 3 3087972 3104912 +
40 42998 57826 + 3 3105521 3119962 +
40 58365 62579 + 3 3121399 3125321 -
40 64235 299638 + 3 3126203 3344832 +
40 307076 344008 + 3 3344877 3381602 +
40 34941 37748 + 1 5322860 5325753 -
40 300414 304433 + 2 875864 879904 +
41 593 24971 + 5 5809180 5820250 +
41 28584 128764 + 5 5697675 5802595 -
41 129388 134570 + 5 5650578 5655815 -
41 135408 147820 + 5 5636813 5650165 +
41 148389 167487 + 5 5617064 5636222 -
41 168100 172064 + 5 5612621 5616546 +
41 172497 218877 + 5 5569583 5610811 -
41 260212 343551 + 5 5497917 5569371 -
41 366367 379180 + 5 5481348 5493451 -
41 393689 403036 + 5 5457875 5467365 +
41 403881 408988 + 5 5452012 5457144 -
41 411726 422783 + 5 5438843 5450202 +
41 424322 546238 + 5 5301965 5436755 -
41 547590 587805 + 5 5264602 5301105 +
41 590675 617430 + 5 5238311 5261811 -
41 618787 672231 + 5 5165698 5215512 +
41 718067 734384 + 5 5215685 5226694 +
41 738716 762562 + 5 5141825 5165073 -
41 764188 778726 + 5 5125710 5141048 +
41 779474 784211 + 5 5119137 5123794 +
41 799548 809334 + 5 5108131 5118011 -
41 219019 222094 + 1 4336106 4339181 +
41 257739 259734 + 1 9725975 9727990 +
41 688720 692522 + 7 1134969 1137648 -
42 882 3868 + 2 2214272 2216671 -
42 45221 50014 + 2 2209405 2214211 -
42 55311 128196 + 2 2075718 2205968 -
42 129389 137241 + 2 2066132 2074361 +
42 137771 340053 + 2 1892240 2065866 -
42 37635 38666 + 3 4080498 4081535 -
42 25331 35822 + 5 5911835 5914588 +
43 136176 137922 + 7 610441 612199 +
43 1070 2467 + 1 1012330 1013778 -
43 29855 33160 + 1 4083929 4087077 +
43 47624 50815 + 1 5962080 5965104 +
43 92600 128497 + 1 974883 1011034 -
43 130838 135802 + 1 946580 951789 +
43 140805 161524 + 1 952264 972672 +
43 164448 187715 + 1 925154 942971 -
43 188154 327442 + 1 742504 872191 -
43 372432 540955 + 1 2709020 2840257 -
43 589093 590682 + 1 4022286 4023868 -
43 89100 92011 + 4 4641245 4644144 -
43 53021 54983 + 13 7188 9222 -
44 767 36271 + 4 1202437 1238679 -
44 37332 251324 + 4 1278062 1397364 +
44 255252 260733 + 4 1398355 1403802 -
44 263975 268765 + 4 1412801 1417324 +
44 273159 287267 + 4 1421367 1434290 -
44 288779 296478 + 4 1435152 1442504 +
44 300357 325926 + 4 1489307 1506698 +
44 348798 365718 + 4 1507778 1524678 +
44 367536 394190 + 4 1525620 1553089 -
44 395750 408478 + 4 1554621 1567747 +
44 416347 478228 + 4 1570813 1600450 -
44 480162 616055 + 4 1605680 1721133 +
44 638677 869548 + 4 1722821 1878567 +
44 900789 905287 + 4 1934667 1939221 +
44 342024 346112 + 1 5921255 5932004 -
44 893456 897343 + 6 374028 377170 +
44 327003 329599 + 7 3700281 3702957 -
44 635488 637859 + 3 1042203 1044649 -
45 379914 383786 + 6 2787331 2789542 +
45 424216 427731 + 6 2804623 2808141 +
45 314408 315984 + 2 1160256 1162333 +
45 208220 211211 + 7 2176787 2181237 +
45 219167 222979 + 7 2279431 2283231 +
45 328895 332123 + 7 2448238 2451756 -
45 296943 302178 + 4 3763960 3768979 +
45 236458 240297 + 3 2188845 2192735 +
45 73194 105935 + 5 798064 828276 +
45 107800 130326 + 5 830016 857700 -
45 131845 166445 + 5 858235 891315 +
45 430177 432103 + 5 911135 917005 +
45 20851 23197 + 10 58206 60559 -
45 211336 213235 + 1 3946275 3948176 -
46 3802 10343 + 7 3665469 3674195 +
46 10770 15165 + 7 3703796 3707728 +
46 16131 17719 + 7 3708757 3710433 -
46 18111 36209 + 7 3710893 3729263 +
46 37287 45150 + 7 3654263 3661451 -
46 49920 102580 + 7 4074741 4104599 -
46 105920 138918 + 7 4043335 4072376 +
46 141967 146840 + 7 4111642 4116529 -
46 150574 159210 + 7 4118447 4126421 +
46 167542 189101 + 7 4174716 4196135 +
46 190352 231505 + 7 4152254 4174083 -
46 233850 256213 + 7 4127029 4149672 +
46 259114 279418 + 7 4200613 4233793 +
46 290805 309086 + 4 830209 842153 -
47 31865 33436 + 3 1342855 1344426 -
47 262818 264318 + 6 3031991 3037280 -
47 2293 30060 + 2 2217631 2242665 +
47 45391 257782 + 2 2242889 2413824 +
47 299252 601426 + 2 2414429 2659105 +
47 44055 45142 + 7 2140425 2141492 +
47 264831 279090 + 7 2142409 2159283 +
47 292888 293979 + 7 1072476 1073963 +
48 69653 72218 + 2 573056 575610 +
48 315046 317832 + 5 594662 597355 -
48 167836 170294 + 1 3835510 3837953 +
48 1303 63512 + 4 1939914 2002265 +
48 64554 68475 + 4 2009979 2013777 -
48 74016 79972 + 4 2003931 2009254 -
48 81732 84724 + 4 2014846 2017847 +
48 85488 165696 + 4 2051328 2131791 +
48 206974 282741 + 4 2132316 2197594 +
48 282904 286000 + 4 3079308 3082404 -
48 322574 324184 + 4 4658247 4659869 +
49 2310 42598 + 4 5098549 5136976 +
49 88644 93693 + 4 5137176 5142090 +
49 95498 103559 + 4 5158043 5166317 +
49 106366 149671 + 4 5170343 5194858 -
49 152114 164357 + 4 5196320 5207816 +
49 169233 222496 + 4 5250884 5308147 +
49 222582 238940 + 4 5331990 5348584 +
49 263052 268646 + 6 3786313 3789694 -
49 49923 56297 + 2 131117 137326 +
50 939 248065 + 1 6477421 6710221 -
50 275704 290557 + 1 6459131 6477015 -
50 316829 318422 + 1 3868814 3870374 -
50 331251 382762 + 1 6329746 6383467 -
50 384109 436193 + 1 6245346 6297591 -
50 254858 256626 + 7 1053473 1055159 -
51 3319 17836 + 1 9408607 9424303 +
51 19180 69052 + 1 9337357 9385829 -
51 69356 99402 + 1 9266199 9286726 -
51 106425 152747 + 1 9184691 9224752 +
51 154348 162476 + 1 9154395 9163099 +
51 163559 170347 + 1 9175876 9182765 +
51 171402 201172 + 1 9226475 9256173 +
51 202872 210186 + 1 9256554 9263542 -
51 211925 245863 + 1 9115805 9151306 -
51 248601 256961 + 1 9105484 9114040 +
51 258474 330301 + 1 9031780 9102605 -
51 363387 373895 + 1 9019711 9030471 +
51 375758 382473 + 1 9003287 9010219 -
51 385323 400359 + 1 8976452 8991824 -
51 402840 416461 + 1 8961854 8975773 +
51 419411 438350 + 1 8939693 8959380 -
51 440701 445514 + 1 8930467 8934892 +
51 450074 552257 + 1 8839263 8929296 -
51 605591 613024 + 1 8833359 8838837 -
51 347800 349605 + 2 3658160 3660116 -
51 555193 559656 + 2 3499342 3501703 -
52 513 50018 + 3 4104038 4157917 +
52 78529 197975 + 3 4158216 4254967 +
52 199191 207979 + 3 4282145 4290992 +
52 208304 211834 + 3 4291545 4295125 -
52 212545 316667 + 3 4295572 4393391 +
52 321707 376853 + 3 4394134 4452361 +
52 378487 388275 + 3 4462165 4467743 -
52 397493 405242 + 3 4453270 4460759 -
52 407174 415760 + 3 4469708 4478823 -
52 416572 425198 + 3 4480713 4489012 -
52 425984 466993 + 3 4489936 4535111 +
52 505617 536635 + 3 4542782 4574919 -
52 1138606 1140800 + 3 5046363 5048520 +
52 615723 616850 + 6 119222 120327 -
52 620932 621959 + 6 2977201 2978907 -
52 318527 321070 + 1 31237 33666 +
52 388742 396162 + 1 5394975 5402121 -
52 541373 543063 + 1 4071247 4072934 +
52 1073967 1084074 + 7 1274819 1283211 +
52 565302 605455 + 5 2070012 2086120 -
52 607509 614299 + 5 2041595 2048523 +
52 622906 642041 + 5 2049707 2068500 +
52 645579 894272 + 5 1893805 2038751 -
52 894839 907089 + 5 1880429 1892757 +
52 908273 1065433 + 5 1811310 1879771 -
52 1084116 1101700 + 5 1799130 1811244 -
52 1102391 1137599 + 5 2735335 2753762 +
52 1143124 1155783 + 5 2754818 2767481 +
52 1158994 1168860 + 5 2769244 2777401 -
52 1169397 1173608 + 5 2779393 2783371 +
52 1191367 1206256 + 5 2853881 2868424 -
52 64236 68473 + 4 5958559 5962739 +
53 526 18041 + 1 5367726 5385112 +
53 23837 35538 + 1 5385281 5394877 +
53 35703 119749 + 1 5402275 5482109 +
53 120031 150767 + 1 5499435 5529915 +
53 150843 198122 + 1 5545239 5592791 +
53 213157 268097 + 1 5592815 5644199 +
53 279323 331807 + 1 5644524 5693566 +
53 369184 389357 + 1 5694293 5714879 -
53 400994 419507 + 1 5716383 5734595 +
53 419787 452181 + 1 5773048 5804223 +
53 18147 21724 + 6 3407495 3411021 +
53 198474 201287 + 4 952070 954883 -
53 205391 209224 + 4 2019829 2023587 -
53 364754 366100 + 8 30863 32677 -
53 274561 275908 + 9 32476 34291 -
54 17733 42654 + 5 508874 528864 +
54 48885 104445 + 5 532567 545910 -
54 105043 106644 + 5 547776 549430 -
54 115314 159708 + 5 551922 579821 +
54 160173 165376 + 5 614822 619055 +
54 169779 183970 + 5 623074 637556 -
54 206300 263798 + 5 641752 674529 +
54 197737 199516 + 3 4851059 4852847 -
55 139849 141462 + 1 5958371 5959996 -
55 10042 93433 + 5 4921498 4983373 +
55 142061 313052 + 5 4983918 5107794 +
56 189777 190792 + 2 2919073 2920078 -
56 14615 20066 + 1 6447702 6453053 +
56 40327 105584 + 1 305703 366792 +
56 132814 135115 + 1 675552 677907 -
56 140767 144311 + 1 3870385 3874430 +
56 187412 188771 + 1 3968682 3970036 -
56 206793 238387 + 1 367035 393153 +
56 195924 199650 + 3 137703 140336 -
56 146846 149920 + 10 52552 55457 -
57 1230 55495 + 1 5808709 5868346 +
57 57361 77836 + 1 8450872 8470875 +
57 78018 82429 + 1 8471026 8475422 -
57 82976 84045 + 1 8475976 8477082 +
57 84583 108557 + 1 8110723 8132530 -
57 145029 189961 + 1 8080894 8105230 -
57 221607 243727 + 1 8058854 8080827 -
57 201875 203394 + 4 5986899 5988292 +
57 193422 198372 + 2 111474 116461 -
57 111080 114888 + 6 4013101 4014585 +
58 8682 46965 + 5 18946 55160 +
58 48006 55438 + 5 56760 64029 -
58 61453 69421 + 5 65568 73576 -
58 71249 74756 + 5 81273 84742 +
58 105539 132428 + 5 94423 119620 -
58 137310 142300 + 5 125110 130329 +
58 143644 146413 + 5 160909 163645 -
58 154112 176551 + 5 133092 158610 +
58 188029 197380 + 5 166187 176600 +
58 197921 309908 + 5 196712 283907 +
58 313124 325502 + 5 305432 318029 +
58 327305 330233 + 5 300652 303717 -
58 332716 341113 + 5 287935 295945 +
58 357446 436962 + 5 321731 387492 +
59 78217 83592 + 6 352691 357924 +
59 145224 146504 + 4 4048098 4049378 -
59 1520 14269 + 2 4196614 4212816 +
59 20223 24252 + 2 4170382 4174191 -
59 26059 34436 + 2 4181548 4189032 -
59 37767 45986 + 2 4213807 4220520 +
59 52728 57879 + 2 4222552 4227434 -
59 60116 69430 + 2 4228082 4236825 +
59 84181 87434 + 2 4263386 4266563 -
59 88869 90508 + 2 4239201 4241082 -
59 92751 127368 + 2 4269145 4297464 +
59 152187 161886 + 2 4300755 4310649 +
59 174985 190663 + 2 4418175 4433886 -
59 191634 218337 + 2 4386944 4413275 +
60 16468 17695 + 1 1228294 1229435 +
60 1339 6769 + 2 2708179 2713904 +
60 18142 171736 + 2 2714563 2862609 +
60 173388 204967 + 2 2864774 2897359 -
60 208466 211192 + 2 2901090 2902659 +
60 211309 220179 + 2 2921215 2929156 +
60 228603 241725 + 2 1672369 1684274 -
61 34935 62240 + 7 2105612 2134864 -
61 63419 217982 + 7 1938867 2075730 -
62 1143 30650 + 1 3432077 3461992 +
62 31339 45900 + 1 3495750 3510452 -
62 46411 59532 + 1 3463322 3476625 -
62 63116 122807 + 1 3511086 3553373 +
62 122984 155049 + 1 3566096 3641443 +
62 155625 171981 + 1 3664451 3679921 +
62 173926 179763 + 1 3709023 3714144 +
62 185032 189246 + 1 3730488 3734711 +
62 337232 341706 + 1 3695442 3699920 -
62 384481 390740 + 5 1018666 1020838 -
62 268385 271907 + 2 1071473 1074998 +
62 275581 276964 + 3 793119 794472 +
62 391128 393092 + 3 937129 939151 +
63 3413 35114 + 4 670408 696192 +
63 92283 121223 + 4 698400 717587 -
63 124401 183343 + 4 723329 769727 +
63 195174 196249 + 4 3056823 3057895 +
63 211440 217342 + 4 771268 777012 +
63 50075 51381 + 1 2312614 2313893 +
64 7710 86468 + 4 5044457 5091025 -
64 91865 153242 + 4 4995800 5016144 -
64 164382 185426 + 4 4944694 4966180 -
64 203109 213749 + 4 5776396 5785639 -
65 22021 27097 + 1 4351272 4355184 -
65 57618 109102 + 7 1770060 1823642 +
65 112155 214940 + 7 1839391 1938197 +
66 207439 210232 + 5 2419745 2422750 -
66 2691 7042 + 2 4190164 4194746 -
66 22916 33488 + 2 4086059 4097536 +
66 37273 59783 + 2 4124520 4151916 +
66 109086 130117 + 2 4066196 4085056 +
66 151640 155596 + 2 3583354 3587248 +
66 156744 162373 + 2 3588438 3594271 -
66 164185 169649 + 2 3595927 3601112 +
66 182360 206308 + 2 3712841 3731412 +
67 11870 15847 + 1 3746876 3752610 -
67 21332 32830 + 3 5002221 5013754 +
67 43326 45330 + 3 5063749 5065661 +
67 59231 67938 + 3 5019414 5027333 +
67 70061 81644 + 3 5050319 5061748 -
67 82768 93108 + 3 5035789 5045897 -
67 104633 107410 + 3 846094 849410 +
67 127637 128679 + 3 5032457 5033575 -
67 130465 157757 + 3 5088720 5106129 +
67 161651 174754 + 3 5107097 5117286 -
67 176290 180520 + 3 5118552 5122924 +
67 181779 185710 + 3 5124099 5128070 -
67 189726 191059 + 3 5144985 5146424 -
67 199439 212428 + 3 5131861 5143358 +
67 217340 218697 + 3 5130184 5131500 +
67 219312 271540 + 3 5147604 5192065 +
67 272345 274105 + 3 5194234 5195751 -
67 274171 309434 + 3 5196211 5226941 +
67 346304 385757 + 3 5229752 5264265 +
67 9871 11773 + 5 6417705 6419593 -
67 522 6454 + 2 3634099 3638637 -
67 340215 343153 + 2 1100042 1102741 -
68 409862 411146 + 3 1722006 1723285 -
68 405534 409670 + 1 872403 903158 +
68 421772 424279 + 4 1465228 1467750 +
68 25926 47614 + 5 6082085 6097160 -
68 101663 104727 + 5 6194715 6197249 -
68 134607 293024 + 5 6222095 6274060 +
68 321319 328690 + 5 6275552 6282774 -
68 331069 333098 + 5 6293697 6295711 -
68 333492 350915 + 5 6296225 6312413 +
68 352998 380354 + 5 6313330 6339881 -
68 381982 386131 + 5 6342417 6345964 -
68 389199 403137 + 5 6346457 6360224 +
68 403373 404519 + 5 6364040 6365185 -
68 432928 437215 + 10 89160 93252 +
69 192997 195838 + 2 4353621 4356534 -
69 21609 23414 + 1 5487143 5489074 +
70 1861 252216 + 5 2086149 2305014 +
71 2884 10617 + 5 388575 395063 +
71 22815 41728 + 5 398650 415542 -
71 44637 128125 + 5 418775 482034 +
71 168446 198452 + 5 732073 745458 -
72 27369 97268 + 7 394219 426567 -
72 97813 100356 + 7 433279 435738 +
72 123300 124952 + 7 437334 438762 +
72 127016 140087 + 7 439715 450754 -
72 142637 147433 + 7 453137 458454 -
72 157439 160779 + 7 461522 465129 +
72 236797 288389 + 7 477457 502029 +
72 289545 296245 + 7 526427 533447 +
72 297588 303722 + 7 534988 540686 -
72 305072 346922 + 7 541973 584802 +
72 348783 360218 + 7 1670261 1681613 -
72 189829 192737 + 2 3619002 3621901 -
72 170927 173996 + 4 5035158 5038227 -
72 118574 122512 + 6 269182 272215 -
73 2616 3864 + 7 2439214 2440442 -
73 11662 28583 + 3 4963672 4979102 -
73 42204 48650 + 3 4880819 4887610 +
73 51970 80423 + 3 4931330 4960714 -
73 86378 116566 + 3 4889011 4909859 -
73 121605 135374 + 3 4913662 4925150 +
73 148617 181283 + 3 4858579 4877383 -
74 8656 12740 + 1 8993716 8997854 +
74 2848 6836 + 3 48539 52594 -
74 15711 35719 + 3 33439 46826 -
74 53593 55600 + 3 359627 361631 +
74 60947 80403 + 3 9289 29004 -
74 110981 112484 + 4 2025063 2026580 +
75 35453 102091 + 4 5577330 5643848 +
75 102658 104824 + 4 5791659 5793836 -
75 109970 210200 + 4 3513402 3611372 +
76 2635 177711 + 3 2990072 3084877 -
76 178064 185821 + 3 2924223 2931626 +
77 175942 177488 + 5 1128870 1130425 -
78 11238 16056 + 1 7886756 7891518 +
78 26559 124379 + 1 7891780 7939334 +
78 125282 159879 + 1 7939864 7975136 -
78 160667 299130 + 1 7976223 8053278 +
78 299524 301452 + 1 3553692 3555500 +
78 303702 307797 + 1 8054024 8058397 +
78 24214 25647 + 4 2998106 2999591 -
79 163828 165238 + 3 1263016 1264090 +
79 269141 274635 + 3 437414 442711 +
79 277883 279891 + 6 2830284 2832208 +
79 177052 178695 + 5 941237 942886 +
79 264851 266562 + 5 946005 947338 -
79 7758 111434 + 7 1682599 1767445 -
79 113529 152646 + 7 586994 610326 +
79 153483 155338 + 7 624947 627065 +
79 197485 242422 + 7 628648 668060 +
80 167627 168787 + 5 892596 893751 +
80 46250 132632 + 1 5209443 5291260 +
80 144031 148159 + 1 4033303 4036701 -
80 185576 218592 + 1 5291420 5317380 +
80 218798 246155 + 1 5339862 5367658 +
80 174768 176178 + 4 2030800 2032207 -
81 206658 217733 + 6 383316 386156 +
81 60379 72305 + 1 144782 156899 +
81 83847 86548 + 1 672893 675551 -
81 91080 163941 + 1 157930 187930 +
81 167647 193186 + 1 130325 143383 +
81 236704 246704 + 1 117372 127882 -
81 251229 253083 + 1 5542437 5544563 +
81 279880 392662 + 1 49265 116859 -
81 398432 419395 + 1 16079 19055 +
81 430213 441503 + 1 33995 44557 +
82 80973 91463 + 7 427629 432334 -
82 92302 96518 + 7 387661 391968 -
82 115327 118521 + 7 322829 325813 +
82 131786 167706 + 7 352486 385063 +
83 5168 13838 + 3 4663879 4672708 +
83 19955 30920 + 3 4724191 4735068 +
83 36364 38247 + 4 1273047 1274939 -
83 127184 128262 + 1 6446567 6447613 -
84 40898 74023 + 2 4445957 4468168 -
84 79705 88799 + 2 4434500 4443570 +
84 89296 90376 + 2 4443715 4444837 -
84 91454 104176 + 2 4324088 4336137 -
84 105644 113224 + 2 4336895 4344518 +
84 113640 157386 + 2 4359633 4386192 +
84 158999 161888 + 2 4413548 4416432 -
85 3074 6953 + 7 2303544 2307312 +
85 40894 374230 + 7 1444974 1661071 -
85 374621 469475 + 7 1346667 1433611 -
85 476540 510939 + 7 1285621 1318334 -
85 511598 524146 + 7 1255766 1267713 -
86 11271 153249 + 3 3894746 4032511 -
87 1306 2516 + 3 2791917 2793139 -
87 2862 77674 + 3 2795599 2881147 +
87 79779 110735 + 3 2892948 2923664 +
87 112673 126688 + 3 2973979 2988378 -
87 127006 159999 + 3 2932860 2965732 -
88 584619 587099 + 3 70409 72911 +
88 73216 76033 + 1 1182482 1185207 -
88 2526 50449 + 4 3000089 3051281 +
88 76883 143149 + 4 3084850 3127436 +
88 210186 228694 + 4 4078076 4096842 +
88 235761 329096 + 4 4097371 4142944 +
88 332705 364592 + 4 4147037 4155709 -
88 365463 377207 + 4 4156047 4167973 +
88 378129 411589 + 4 4180605 4216975 +
88 457725 472644 + 4 4218489 4230123 +
88 472872 475383 + 4 1267375 1270282 -
88 482014 514163 + 4 4244677 4250012 +
88 514899 517128 + 4 4301833 4304032 +
88 519082 542368 + 4 4310478 4326298 +
88 151948 163381 + 2 4247106 4251043 -
88 425592 427279 + 7 190163 191886 -
88 230939 235194 + 6 558100 560224 +
88 439019 443972 + 6 2796380 2801379 -
89 67068 69143 + 3 4680868 4682832 +
89 101932 141246 + 3 4688490 4723673 -
90 95853 97466 + 3 2194192 2195817 -
90 1159 39736 + 4 2314126 2334016 -
90 132292 149486 + 4 2295851 2313237 -
91 2838 5130 + 1 397705 399907 -
91 10697 15297 + 1 402590 407221 -
91 16949 26513 + 1 408977 418965 +
91 29547 49401 + 1 420013 440957 -
91 52785 60522 + 1 444114 451755 +
91 62675 98880 + 1 464617 504222 +
91 127018 133212 + 1 512366 518035 +
91 135047 155774 + 1 519650 541404 -
91 156255 241863 + 1 541942 589985 +
91 257129 262008 + 1 638747 643391 -
91 263091 264280 + 1 636900 637951 +
91 264440 301042 + 1 597886 636208 -
91 109547 115801 + 6 3060452 3069380 -
92 11290 163661 + 3 3383376 3518131 -
93 43438 45738 + 1 279986 282286 +
93 11476 18726 + 3 4772349 4776813 +
93 117932 128347 + 3 4798694 4808649 +
93 60757 65738 + 4 5990739 5995598 -
93 88488 92897 + 5 6069718 6081411 -
94 21415 40693 + 4 3770229 3790060 -
94 41115 221620 + 4 3614001 3743150 -
95 93585 103178 + 4 4977200 4986520 +
95 104678 112660 + 4 4966927 4974247 -
95 30492 31762 + 3 2793639 2794885 +
95 33019 89870 + 3 2746150 2791119 -
95 113318 143380 + 3 2721640 2744873 -
96 34879 45321 + 5 6421024 6430791 -
96 52409 110789 + 5 6371891 6416285 -
96 113343 119796 + 5 6366552 6371691 +
96 120210 121271 + 1 923848 924855 -
97 3443 88226 + 1 698748 741353 -
97 91445 115262 + 1 644292 668607 -
97 118549 121127 + 1 594145 596820 +
98 4672 10339 + 2 3924230 3929905 +
98 194413 195635 + 2 2207492 2208663 +
98 104161 110361 + 7 332212 336714 +
98 42433 46015 + 1 1221345 1224895 -
98 58722 61468 + 1 295212 296531 -
98 71087 81573 + 1 260716 266762 -
98 134270 192790 + 1 219832 258594 +
98 201916 205555 + 1 211895 213156 -
98 261008 272962 + 1 1520 13306 +
98 273519 275854 + 1 45564 47843 +
99 1059 14928 + 2 3559750 3575043 +
99 26391 36420 + 2 4053647 4063657 +
99 42585 45624 + 2 4048234 4051099 -
99 48053 49228 + 2 4045050 4046209 +
100 8200 11668 + 2 1882954 1886461 -
100 15646 17281 + 2 3830434 3832211 +
100 18148 107514 + 2 1799060 1880331 -
101 3518 23365 + 5 2876226 2882697 -
101 78099 164311 + 5 2795387 2853380 +
102 19090 27437 + 3 52977 61522 +
102 28507 35246 + 3 78745 85209 +
102 35793 41078 + 3 94316 99021 -
102 46851 48201 + 3 885735 887073 +
102 61292 63005 + 3 736501 738148 -
102 70393 72811 + 3 481341 483744 -
102 80587 126353 + 3 100376 132650 +
102 127505 138171 + 3 148484 155222 +
102 51975 58426 + 5 4162250 4168528 -
103 62249 69278 + 1 455217 461938 +
103 70499 78274 + 3 4823807 4825807 +
104 1044 81396 + 1 2869616 2934658 +
104 82804 83992 + 1 2941146 2942343 -
106 81380 83646 + 1 3757242 3765591 -
106 26781 38903 + 3 854501 871705 +
106 52446 56903 + 2 1107966 1111797 +
106 73814 77318 + 2 4155412 4158906 +
107 2291 16221 + 5 714952 729829 -
107 17762 19135 + 5 712494 713864 +
107 20138 65226 + 5 678219 710452 -
108 4853 35323 + 2 8935 32998 -
108 48017 49636 + 3 832714 834318 -
109 5441 13651 + 3 209762 217674 +
109 30627 41144 + 3 189663 197211 +
109 43678 50495 + 3 167559 173652 -
110 2088 56398 + 1 8788637 8831158 +
111 2072 50412 + 7 1222669 1255752 +
112 7847 38325 + 3 4638476 4653510 +
113 4043 43757 + 3 4032904 4073032 +
113 44119 51319 + 3 4095624 4103233 +
114 3367 29172 + 2 1645940 1670836 +
114 31785 50768 + 2 1621951 1636768 +
116 1247 49072 + 2 2659542 2706648 +
117 3027 47164 + 1 2840792 2868335 +
118 32951 44969 + 5 6100651 6115179 -
118 48766 61815 + 3 306650 326581 -
118 28160 31215 + 4 5924028 5927050 +
119 2023 40605 + 8 101221 148493 -
120 3899 11241 + 3 4536846 4538756 -
120 12180 19648 + 3 4597524 4606737 +
120 31970 60447 + 3 4607489 4632991 +
120 25488 30399 + 7 2078882 2092600 +
121 6629 7802 + 3 4751940 4753139 +
123 14135 18624 + 3 749441 753939 +
125 15877 17710 + 4 5975821 5977573 +
126 1396 9560 + 1 1014432 1023166 -
132 27957 30676 + 7 143773 145911 -
132 37481 60844 + 8 4655 19352 +
133 19860 21838 + 8 66189 67767 -
133 1322 12606 + 9 7551 15250 -
136 18827 22274 + 9 94924 98434 +
137 31 1351 + 8 150275 151597 +
139 1382 6899 + 9 129851 135633 -
139 12270 21020 + 9 41293 57473 -
141 1549 4864 + 9 61951 65267 +
143 7674 10307 + 6 2913792 2916431 +
145 3114 7035 + 1 7504808 7513090 -
146 1452 3523 + 9 112862 115039 +
147 2652 9279 + 8 88339 95411 +
156 6358 12278 + 9 85707 92051 -
157 54 1332 + 9 74090 75138 -
157 1741 4697 + 2 3556647 3559594 -
173 356 1524 + 8 54241 55398 -
176 2218 4508 + 7 1063825 1065072 +
