1 126 546475 + 3 1857623 2490335 -
2 85 305812 + 3 2748631 3078153 -
2 306343 308143 + 3 2746337 2748490 +
2 312088 538703 + 3 2526070 2745784 -
3 1394 65738 + 5 2004021 2068779 -
3 65962 69592 + 5 1999835 2003572 +
3 70202 350463 + 5 1708457 1999420 -
3 352304 367375 + 5 1681376 1707559 +
3 368671 427092 + 5 1618090 1679268 -
3 431529 434645 + 5 1593019 1596150 -
3 435849 448095 + 5 1602981 1615614 -
4 67 38599 + 6 1089210 1126310 -
4 44468 70745 + 6 1043147 1069669 +
4 70997 432804 + 6 678765 1038267 -
5 420 52525 + 3 1250487 1321821 -
5 53623 56034 + 3 1247028 1249448 +
5 56619 306279 + 3 972052 1246476 -
5 311950 455057 + 3 462032 603428 +
5 457028 458108 + 1 5626271 5627365 -
5 459858 510392 + 1 5629468 5677012 +
6 260 400842 + 1 1890193 2354744 -
7 134 20505 + 1 402348 422614 -
7 23446 45767 + 1 444496 478197 +
7 53500 55628 + 1 491807 493936 -
7 60880 137750 + 1 494746 569943 +
7 149584 166142 + 1 571258 588244 +
7 180295 226906 + 1 594102 643384 -
7 230249 531441 + 1 644294 1028918 +
7 142601 144279 + 2 4276613 4278039 -
8 17933 363584 + 1 3972730 4482204 -
9 1361 375683 + 7 3201461 3607808 +
10 3206 68415 + 5 1526554 1592267 -
10 72500 352285 + 5 1218622 1519414 -
11 2427 307644 + 1 7311355 7625226 +
12 124 219197 + 5 4017231 4295342 +
12 219844 283155 + 3 4447305 4508451 -
13 317 27337 + 5 5466889 5493520 +
13 32429 145674 + 5 5497917 5610516 +
13 146408 150341 + 5 5612628 5616550 -
13 150960 291284 + 5 5617064 5816741 +
14 132 287649 + 5 3026565 3307531 +
15 992 85124 + 2 1366431 1454266 +
15 95381 158513 + 2 1464557 1525025 +
15 158652 286664 + 5 2384484 2520906 +
16 1223 2553 + 2 3830825 3832209 -
16 3650 10086 + 2 1882958 1889397 +
16 12945 41237 + 2 1892049 1919385 -
16 45521 294255 + 2 1921952 2246712 +
17 1274 277632 + 1 4699131 4976100 -
18 1219 115476 + 1 6060067 6166489 -
18 117044 118326 + 1 6057473 6058652 +
18 118911 261599 + 1 5869076 6056695 -
18 263517 337976 + 1 8385329 8450496 -
19 3573 309410 + 4 2064986 2410438 -
20 192 121034 + 6 2107697 2228325 -
20 121761 124866 + 6 2103792 2106943 +
20 125622 238160 + 6 1989067 2101530 -
20 239405 248325 + 6 1978004 1986990 +
20 249191 266841 + 6 1959298 1977141 -
21 1883 55444 + 4 3555121 3609353 -
21 56309 62135 + 4 3547544 3553650 +
21 64189 96234 + 4 3513448 3546232 -
21 100256 102435 + 4 5791659 5793836 +
21 102999 247490 + 4 5496383 5643848 -
21 247898 249984 + 4 5486641 5488903 +
22 381 235125 + 3 3925525 4183489 +
23 458 231070 + 4 3090635 3306756 +
24 1646 71355 + 5 5045489 5118012 +
24 72223 77189 + 5 5118838 5123794 -
24 77816 92199 + 5 5125786 5140856 -
24 93808 250503 + 5 5141823 5300314 +
25 1239 219311 + 7 2974070 3181155 -
26 13170 222408 + 1 4976427 5189315 -
27 269 233476 + 7 1612876 1847131 -
28 1216 95114 + 1 3511080 3712235 -
28 98350 126530 + 1 3463322 3510274 +
28 127392 216194 + 1 3371657 3461992 -
29 972 216068 + 1 6808854 7014064 -
30 1974 147031 + 6 3306813 3468466 +
30 165777 209457 + 6 3604288 3661675 -
31 3405 137236 + 5 3307551 3432345 +
32 421 205003 + 1 1029352 1247215 -
33 544 203732 + 5 2089718 2301603 -
34 12649 14624 + 5 2712844 2714211 -
34 17412 92816 + 5 2716766 2784803 +
34 109640 185781 + 5 2795388 2868421 -
34 192618 198274 + 5 2871073 2875783 +
35 445 289119 + 3 1453517 1792502 -
36 352 23493 + 1 8477650 8502945 -
36 23851 194631 + 1 8132926 8351205 +
37 395 125167 + 1 7025183 7137934 -
37 130485 193091 + 1 7137961 7199656 -
38 478 256142 + 5 4773663 5044029 -
39 589 224312 + 1 9463712 9768396 -
39 233284 257163 + 1 9436509 9461140 +
40 431 187586 + 3 3279563 3462196 +
41 2130 43395 + 2 269981 313751 +
41 49933 66774 + 2 315581 332579 -
41 75627 140752 + 2 345754 423667 +
41 142158 152295 + 2 424762 434315 -
41 156378 271510 + 2 438738 549434 +
42 20597 48086 + 2 569339 592731 +
42 52518 65930 + 2 597515 613261 -
42 68281 177428 + 2 615897 722770 +
42 192438 211430 + 3 9289 28872 -
43 1718 36364 + 7 3929727 3960868 +
43 37027 46054 + 7 3962306 3971961 -
43 57809 126565 + 7 3975258 4041826 +
43 129627 148105 + 7 2905644 2935320 +
43 149823 164176 + 7 2936355 2951494 -
43 166064 174340 + 7 2953729 2962113 +
44 484 173577 + 2 3216636 3437211 +
45 488 151262 + 3 3728227 3871624 -
45 167344 170950 + 4 4304255 4307939 -
46 473 277412 + 6 1441901 1704860 -
47 5629 175223 + 7 2483306 2672692 +
48 770 254738 + 1 6215116 6590094 +
49 5072 149611 + 5 481988 648235 -
49 155236 228175 + 5 798064 873540 +
50 492 128415 + 4 1690401 1815300 -
50 135287 149673 + 4 1675568 1688699 +
50 150576 255324 + 4 1576847 1674791 -
51 5052 168679 + 4 2590104 2793737 -
52 2584 316815 + 1 1383993 1689975 +
53 522 32008 + 1 2955828 2985222 +
53 33074 46684 + 1 2986285 3000080 -
53 46948 48734 + 1 3001040 3002833 -
53 49251 53672 + 1 3003227 3007856 -
53 54239 163744 + 1 3008466 3119130 +
54 921 162617 + 4 3741160 3928872 +
55 4889 111856 + 6 1340468 1438500 -
55 114665 125043 + 6 1318831 1328779 +
55 125722 164441 + 6 1281210 1317568 -
56 725 59879 + 1 9031637 9094244 -
56 66507 79930 + 1 8988121 9010062 +
56 82336 93434 + 1 9019233 9030634 -
56 99662 204533 + 1 8881870 8985036 -
56 211434 213016 + 1 8876061 8877654 +
56 213620 237971 + 1 8838560 8875794 -
56 250623 291165 + 2 2738610 2780388 -
57 614 280010 + 5 4306582 4621659 -
58 573 125422 + 4 1277967 1402193 -
58 126039 158036 + 4 1233648 1265578 -
59 649 156529 + 5 3517802 3671271 -
60 680 155918 + 5 4621717 4773485 +
61 9084 167469 + 5 6238006 6386632 -
62 612 153276 + 1 1690853 1842435 -
63 686 153038 + 7 2672893 2838550 +
64 1043 148313 + 7 1934815 2114101 +
65 2533 149399 + 6 1411 160987 -
66 747 147723 + 1 2669896 2816340 +
67 663 67236 + 6 2454392 2518261 -
67 75213 89789 + 6 2438437 2453036 +
67 90540 217622 + 6 2316349 2436813 -
68 982 145961 + 7 486977 668285 +
69 682 148057 + 5 3801000 3971892 -
70 692 137719 + 4 4371717 4522172 -
71 939 135716 + 4 3617783 3740210 +
72 3363 28382 + 2 3595576 3731238 -
72 29643 35066 + 2 3588438 3594161 +
72 36200 40466 + 2 3583002 3587248 -
72 76032 156248 + 2 4066209 4174507 +
72 160268 190368 + 2 4181542 4212828 -
72 192724 198241 + 2 4213406 4218341 +
72 206666 207689 + 2 4219500 4220520 -
72 210463 224664 + 2 4222585 4236825 +
73 2213 134387 + 1 8504176 8630959 -
74 822 129617 + 6 1138161 1280703 -
75 1029 34283 + 4 161234 196951 +
75 43125 115591 + 4 245435 319817 -
76 2207 18914 + 7 3663168 3707753 -
76 26631 36521 + 7 3730815 3740385 +
76 37313 44187 + 7 3740870 3747554 -
76 44624 70181 + 7 3747988 3774039 +
76 72052 77774 + 7 3775806 3781540 -
76 81229 130432 + 7 3783731 3825248 +
77 2380 151975 + 7 934612 1152402 +
78 4415 131241 + 4 4724113 4849880 -
79 10051 137044 + 4 4995997 5142117 +
80 865 189639 + 2 2359675 2548178 -
81 2472 40627 + 1 145075 180712 -
81 41553 54018 + 1 130431 143362 +
81 57801 129250 + 1 45585 129712 -
82 2110 75952 + 7 2839987 2903738 +
82 81204 128364 + 7 3608437 3650085 -
83 1342 127816 + 1 2817145 2936237 +
84 986 127933 + 1 7726992 7852485 +
85 981 33920 + 1 9118202 9151306 +
85 35510 43455 + 1 9256554 9264167 +
85 44691 73205 + 1 9226471 9256157 -
85 74584 90173 + 1 9154395 9182373 -
85 91478 127341 + 1 9184700 9220838 +
86 1383 126680 + 1 7853625 7975180 +
87 867 18626 + 1 422926 442204 +
87 22649 27053 + 1 397050 401477 +
87 28835 40841 + 1 378277 391929 -
87 52867 79755 + 1 332246 361561 +
87 80454 84380 + 1 364965 369182 -
87 87512 124542 + 1 289151 328442 -
88 1402 235802 + 1 5357256 5622122 -
89 964 122765 + 1 6590441 6711610 +
90 1933 39218 + 4 5198895 5275362 +
90 41025 47974 + 4 831092 838153 +
90 52308 169045 + 4 5282624 5430844 +
91 6910 119852 + 7 1207 109190 +
92 1042 120596 + 2 2900877 3030521 +
93 1016 121165 + 1 8719339 8828092 -
94 1027 119501 + 2 2550164 2668813 -
95 1186 43427 + 5 664896 700130 +
95 46304 52477 + 5 701772 707971 -
95 53266 111139 + 5 710327 771251 +
95 115627 269336 + 5 348255 480105 -
96 953 116218 + 3 4316437 4433402 -
97 1073 114654 + 2 2780514 2898827 +
98 4674 54438 + 3 109861 173703 -
98 54904 57564 + 3 104248 106780 +
98 63500 67755 + 3 99394 103535 -
98 73654 117181 + 3 31615 85048 -
99 1034 57274 + 4 1859461 1968867 -
99 98323 143589 + 3 239581 282828 -
100 27535 106027 + 5 5869324 5969866 +
100 107209 108753 + 5 5978536 5980046 -
100 117284 120940 + 5 6034718 6038245 +
100 14014 26309 + 6 1126363 1136802 -
101 1115 22081 + 3 1431348 1453447 -
101 22808 34732 + 3 1416039 1428374 +
101 37536 112265 + 3 1324116 1415214 -
102 1567 111791 + 6 3171366 3279772 -
103 2418 21350 + 3 4510186 4527507 +
103 28934 73326 + 3 4538413 4578043 -
103 77419 118082 + 3 4597476 4640428 +
104 1032 61517 + 5 2914596 2973922 +
104 63277 69218 + 5 2976853 2980715 -
104 72191 105733 + 5 2983003 3005073 -
105 93961 100173 + 2 1457960 1464166 +
105 1152 13332 + 4 4932217 4942083 +
105 14995 92040 + 4 4852011 4927534 -
106 4143 9682 + 6 3957286 3963204 -
106 10528 20889 + 6 3947149 3956887 +
106 28392 74785 + 6 3896180 3942511 -
106 79959 84220 + 6 3892061 3895871 +
106 85931 108295 + 6 3870953 3891829 -
106 113483 147700 + 6 3832991 3867778 +
106 151720 152812 + 6 3828231 3829313 -
106 156530 176686 + 6 3807232 3826944 +
106 178834 193956 + 6 3776928 3806043 -
106 201722 228436 + 4 212143 242817 +
107 1232 108517 + 4 4523025 4663953 -
108 25877 32506 + 3 4656942 4662938 +
108 33732 67741 + 3 4688490 4723729 -
108 68725 70002 + 3 4683049 4684427 +
108 83838 125696 + 6 166575 207498 +
109 1082 63113 + 1 5779044 5843582 +
109 65400 82756 + 1 5852845 5868572 +
109 84179 103425 + 1 8450876 8470885 +
109 103596 108032 + 1 8471026 8475422 -
110 16625 51671 + 4 842741 874253 -
110 52681 128360 + 4 761133 829186 -
110 128962 141712 + 4 745124 758373 +
110 144461 151468 + 4 737678 743835 -
111 3111 108060 + 1 5190191 5298358 +
112 1317 98507 + 2 96900 227170 -
113 2889 12606 + 7 1228697 1238362 -
113 22449 75823 + 7 159912 220313 -
113 81768 92458 + 7 114799 125781 -
113 94197 102099 + 7 127152 135196 +
114 2291 104336 + 6 2548935 2659062 +
115 1889 26433 + 1 2456190 2480623 +
115 27077 40126 + 1 2481752 2494875 -
115 45289 103279 + 1 2496441 2555426 +
116 19254 38633 + 7 223184 240478 -
116 41512 91884 + 7 1184592 1226175 -
116 92609 93901 + 7 1183062 1184324 +
116 98616 101531 + 7 1178583 1181482 -
117 2331 92794 + 6 3076610 3169290 -
118 106300 110337 + 6 3771131 3775110 +
118 1269 98403 + 1 7626921 7726868 -
119 1592 6149 + 3 5184848 5189330 -
119 8955 43725 + 3 5147605 5183524 +
119 49226 77809 + 3 5124001 5146424 -
119 82339 101213 + 3 5106993 5122685 +
120 1424 95247 + 5 2521104 2648826 +
121 147 1191 + 5 2649116 2650198 +
121 2458 94779 + 4 1088090 1231822 +
122 2957 121127 + 5 216996 342806 -
123 1222 93165 + 4 3932772 4020028 -
124 57767 71293 + 2 3084977 3098136 +
124 72355 90566 + 2 3063927 3083420 -
125 1354 10890 + 7 3898693 3907567 -
125 12765 18983 + 7 3891239 3897554 +
125 20349 89739 + 7 3828434 3889308 -
126 40561 125458 + 3 3080234 3159219 -
126 3313 22687 + 6 423785 458986 +
127 65 1131 + 3 3078174 3079242 -
127 2950 23939 + 6 4117206 4138173 -
127 24213 28846 + 6 4112432 4116966 +
127 30738 91961 + 6 4051399 4110863 -
128 1468 89594 + 5 3715210 3800201 -
129 1939 86832 + 4 1489655 1568655 +
130 1292 89045 + 3 4184914 4302528 -
131 10466 37402 + 4 2976085 2995178 +
131 39604 41962 + 4 1273129 1274938 +
131 45140 60219 + 4 3000091 3015418 -
131 63826 66076 + 4 3020452 3022649 -
131 68708 88692 + 4 3030515 3050485 +
132 6126 87780 + 2 996471 1093852 -
133 1722 86942 + 5 5367260 5465419 +
134 38 1186 + 5 5465441 5466589 +
134 3015 18740 + 6 302039 330408 +
134 20523 53877 + 6 237411 268999 -
134 55641 57608 + 6 231611 234278 +
134 60851 64007 + 6 227231 230361 -
134 67343 69699 + 6 410937 413291 +
134 72483 83417 + 6 398587 409528 -
135 1701 86131 + 4 3314282 3390461 -
136 2461 85475 + 2 910259 994929 -
137 1569 74131 + 1 3225116 3297591 -
137 74448 85310 + 1 3209543 3220771 +
138 1412 83776 + 7 798318 890490 +
139 28836 105437 + 3 603972 682946 -
140 1423 83152 + 5 2301818 2383251 +
141 348 1388 + 5 2383271 2384404 +
141 1855 79798 + 1 7978013 8057416 -
142 13709 17682 + 7 460742 465128 -
142 19276 24158 + 7 453129 458473 +
142 28927 39076 + 7 440344 450630 +
142 40826 44197 + 7 435484 438658 -
142 47283 78738 + 7 394219 426824 +
142 84537 88974 + 7 427629 432075 -
143 1423 155385 + 2 1618833 1804885 +
144 2746 27248 + 2 3881821 3949616 +
144 32194 75857 + 2 3834054 3871500 -
145 1442 80421 + 6 2660015 2769572 +
146 1731 13966 + 3 5001446 5013719 +
146 15281 34881 + 3 4961771 4984996 -
146 35180 63588 + 3 4931343 4960714 +
146 65943 72656 + 3 4880532 4887576 -
147 1509 79251 + 2 4370548 4444857 +
148 1472 8069 + 6 1951891 1958583 +
148 8432 77246 + 6 1853212 1945631 -
149 5072 28480 + 3 5190137 5219380 -
149 30044 77808 + 3 5225935 5268348 +
150 10410 76348 + 6 600659 664062 +
150 79872 88618 + 4 4131278 4139624 -
151 1503 74100 + 4 2900158 2969853 -
152 1765 45739 + 2 3990877 4036869 +
152 46742 73507 + 2 3753936 3777302 -
153 194 1511 + 2 3752053 3753359 -
153 1565 72902 + 1 3298738 3371395 -
154 1687 59736 + 4 2795866 2854298 -
155 42 1466 + 3 3722620 3724043 -
155 2657 68608 + 2 2248406 2315639 +
156 2036 103727 + 1 2356507 2455456 -
157 1687 43502 + 2 1806986 1851249 +
157 44361 49331 + 2 1855099 1859810 -
157 50582 68063 + 2 1861437 1880643 +
158 6541 71184 + 4 4140393 4221707 +
159 4967 69611 + 3 3619228 3684016 -
160 1907 69536 + 2 1552312 1618543 -
161 2623 23960 + 7 4106285 4126423 -
161 39786 62623 + 7 4043352 4064678 -
161 64881 86958 + 7 4069648 4091335 +
162 2246 8359 + 8 92970 99574 +
162 12977 69415 + 5 19175 73464 +
163 2802 67938 + 1 8083349 8132646 -
164 1731 7931 + 2 901050 907503 +
164 12706 66290 + 2 825963 885449 -
165 1759 13815 + 6 3475124 3486666 -
165 17010 68062 + 6 3667841 3708349 +
166 1795 124767 + 4 2467317 2587854 +
167 2019 50695 + 7 1285630 1352879 -
167 51701 76557 + 7 1242724 1266806 -
168 37 1174 + 7 1241233 1242500 -
168 5147 86107 + 6 2230647 2312861 -
169 486 1647 + 6 2228516 2229622 -
169 1995 65579 + 3 3162058 3219799 -
170 1772 65708 + 1 2606673 2669733 -
171 1702 65391 + 1 4522629 4600307 +
172 1730 63851 + 2 3154432 3214736 +
173 5504 7018 + 3 4825377 4826822 -
173 9120 70251 + 1 7201169 7258846 -
174 3730 7996 + 4 5672010 5676467 -
174 9245 64403 + 4 5691184 5743705 +
175 2196 24138 + 6 275820 300057 -
175 24803 47791 + 6 331821 349836 +
175 50562 61415 + 6 215438 226428 -
176 1964 63217 + 1 5677520 5777236 +
177 13 1457 + 1 5777307 5778757 +
177 1823 63652 + 7 1429580 1501578 -
178 2183 4115 + 1 9222587 9224519 +
178 5203 42717 + 1 9265484 9354909 +
178 43614 63315 + 1 9356247 9378450 -
178 65277 103836 + 1 9379737 9420977 +
179 1806 73628 + 1 4601449 4672521 +
180 198 1409 + 1 4672527 4673762 +
180 2040 63194 + 1 1247530 1310932 -
181 7437 45443 + 2 4279508 4310675 +
181 46373 62736 + 2 4239201 4274953 -
182 1846 62177 + 4 2411360 2467179 -
183 1883 110784 + 7 691928 798135 -
184 1839 59381 + 3 3505312 3572651 +
185 17 1831 + 3 3572707 3574496 +
185 10856 35576 + 5 166189 209807 -
185 43056 71744 + 5 132357 163663 +
185 73281 78927 + 5 123970 130329 -
185 83615 107611 + 5 95474 119620 +
186 4140 58979 + 7 1376065 1425987 +
187 4 1851 + 7 1426228 1428160 +
187 2193 11198 + 4 4222738 4230473 +
187 11257 13916 + 4 1267037 1270085 -
187 17525 55836 + 4 4242150 4303662 +
188 3439 59038 + 1 6168937 6213217 +
189 600 1747 + 1 6213592 6214777 +
189 2681 11767 + 3 219454 227443 -
189 15728 34076 + 3 201433 217665 +
189 39091 58038 + 3 174516 197211 +
190 14240 48646 + 3 406363 457046 +
190 50733 55006 + 3 965883 970310 -
191 2481 54482 + 1 7260252 7309514 -
192 1912 56056 + 1 6751599 6806313 +
193 2289 56062 + 4 498190 556806 -
194 2864 52769 + 6 3995808 4046361 +
195 1942 16914 + 7 4152555 4167629 +
195 17711 22150 + 7 4168434 4172959 -
195 24896 48691 + 7 4174762 4199131 +
196 1952 53851 + 3 3873944 3925352 -
197 43 1761 + 3 3872121 3873890 -
197 2973 54671 + 6 1749103 1842206 +
198 2297 9207 + 3 5098501 5106129 +
198 10759 12387 + 3 5016286 5017950 +
198 13433 53799 + 3 5019682 5091269 -
198 58318 59515 + 3 4987463 4988570 -
199 2187 22190 + 7 3708750 3729212 +
199 22552 31945 + 7 3653738 3662184 -
199 33027 53880 + 7 4091597 4104599 -
200 2313 11373 + 2 3872732 3880430 -
200 12410 51762 + 2 3950833 3988210 +
201 18 1911 + 2 3988494 3990652 +
201 14161 20091 + 6 481141 487066 +
201 21883 52037 + 6 497353 531126 -
202 5638 8092 + 4 65007 67365 -
202 9504 51496 + 4 1762 52794 +
203 2350 50217 + 4 4022109 4103648 -
204 223 2021 + 4 4020031 4021873 -
204 4849 25089 + 7 4200510 4233506 -
204 27217 48904 + 7 4127027 4149069 +
205 10970 43946 + 1 1478 44162 +
206 2052 50004 + 5 2652071 2700473 -
207 105 1958 + 5 2650238 2652019 -
207 2529 49163 + 1 2558512 2604956 -
208 186 2061 + 1 2556470 2558351 -
208 4436 32171 + 4 69366 97316 +
208 33877 37506 + 4 98841 102361 -
208 40525 44208 + 4 105771 109765 +
209 2471 49198 + 2 2689231 2736542 +
210 3115 48642 + 7 1544846 1587380 -
211 611 2090 + 7 1542862 1544201 -
211 2102 74261 + 4 3414074 3485321 -
212 2651 27693 + 7 257788 305582 -
212 32068 34079 + 7 314329 316209 +
212 39824 47547 + 7 377019 384760 -
213 2122 5132 + 4 4928893 4932082 -
213 6612 9086 + 4 5786748 5789142 +
213 15441 47687 + 4 3486730 3513035 -
214 3022 11026 + 4 5805789 5812803 -
214 15992 45353 + 4 5889529 5913723 +
215 5789 45939 + 5 6046053 6115029 +
216 2630 4167 + 1 3222902 3224561 +
216 4773 45367 + 1 3168590 3209101 -
217 98 2078 + 1 3166497 3168533 -
217 13243 48211 + 4 5751504 5785639 -
218 3366 45906 + 1 3122224 3165413 +
219 2223 44858 + 5 5319890 5364670 +
220 144 2181 + 5 5364771 5366869 +
220 2192 44838 + 5 3971922 4015141 +
221 214 2043 + 5 4015206 4017095 +
221 2915 46696 + 4 4329722 4370949 -
222 5459 27514 + 6 3538246 3556904 -
222 34955 44137 + 6 3494434 3500573 -
223 2713 37522 + 6 534273 573698 -
223 40701 44110 + 6 489299 492447 +
224 6 1592 + 6 492534 494044 +
224 5101 26835 + 4 4944758 4966287 -
225 6021 43300 + 2 779642 824748 -
226 167 1500 + 2 778249 779639 -
226 2289 44464 + 3 3462463 3504262 +
227 2494 34682 + 2 3488278 3530509 +
227 38283 39473 + 2 3541961 3543049 +
228 11004 14818 + 2 87276 91188 -
228 16465 22610 + 2 79798 86156 +
228 24701 46738 + 2 57206 78119 -
229 2341 60164 + 7 1848523 1906258 -
230 3147 41818 + 3 3576782 3616797 -
231 2362 4027 + 7 373999 375670 +
231 5479 41889 + 7 1503989 1540645 +
232 2779 41737 + 5 3671747 3711379 +
233 7767 15687 + 4 1404696 1412366 -
233 37482 41260 + 2 3818045 3821848 -
234 393 2321 + 2 3815771 3817753 -
234 10061 37973 + 2 724832 749343 +
235 4236 40691 + 2 2319643 2356911 +
236 404 2306 + 2 2357078 2359008 +
236 11146 12311 + 2 4045050 4046209 -
236 14677 17847 + 2 4047787 4051093 +
236 18978 29765 + 2 4053641 4064513 -
236 32034 39133 + 2 3572737 3578102 -
237 52 2069 + 2 3569831 3572364 -
237 4254 37099 + 4 5815825 5847138 +
237 42425 53945 + 4 5794103 5805501 -
237 54740 72763 + 4 5645147 5663753 +
238 66 2361 + 4 5663801 5666074 +
238 2682 63202 + 3 1792660 1855608 +
239 1074 2208 + 3 1855640 1856801 +
239 3004 57031 + 1 1312081 1379935 +
240 362 2314 + 1 1380246 1382172 +
240 2903 39220 + 2 4317838 4370034 -
241 3126 36174 + 1 223104 255437 -
242 167 2140 + 1 219826 221818 -
242 4061 38568 + 4 4670168 4704450 -
243 446 2411 + 4 4668466 4670162 -
243 12294 37519 + 1 4483020 4508581 +
244 138 2308 + 1 4508954 4511170 +
244 4117 32647 + 2 4446148 4470525 -
246 7606 12209 + 4 4325876 4327587 +
246 25843 37453 + 4 4312278 4321659 -
247 453 1580 + 4 4310478 4311702 -
247 3270 36682 + 1 5301509 5357029 -
248 163 1595 + 1 5300067 5301487 -
248 2603 31318 + 7 321726 373798 -
249 11522 71296 + 4 421418 490039 -
250 142 2378 + 4 418632 421001 -
250 2681 36072 + 3 3687111 3721871 +
251 10744 23090 + 2 36675 49231 -
252 3070 17520 + 4 1969437 1983922 -
252 18092 35502 + 5 2071006 2089057 -
253 3378 34965 + 2 3439153 3470887 -
254 4334 8634 + 3 4913273 4917564 -
254 13138 33235 + 3 4889006 4909098 +
255 4843 8626 + 6 4159147 4162664 -
255 17089 59716 + 6 3556921 3593137 +
257 166 1368 + 6 2545763 2547070 +
257 2985 30308 + 4 588461 614600 +
258 2608 23329 + 5 3005546 3026505 -
258 27240 29089 + 5 2981133 2982869 +
259 2684 33281 + 4 2001804 2063369 +
260 2653 9532 + 4 5489011 5496125 +
260 9729 32442 + 4 5461543 5486186 -
261 3379 27839 + 5 6122949 6159508 -
262 9404 33276 + 2 755404 774144 -
263 1379 2611 + 2 750694 751889 +
263 2689 32009 + 1 8669686 8699522 -
263 37693 42041 + 1 8653559 8657959 -
264 2684 35952 + 1 1853447 1890189 -
265 3221 31630 + 2 3549088 3569083 -
266 13132 14263 + 2 4037910 4039074 -
266 15111 28449 + 2 3777599 3790690 +
267 2809 30414 + 6 3966352 3990310 +
268 3074 51113 + 2 227795 268382 +
269 293 2371 + 4 5196301 5198360 +
269 2693 30243 + 3 2492428 2520750 -
270 2692 29394 + 5 5842376 5866048 +
271 186 1769 + 5 5866376 5867965 +
271 2822 29386 + 3 3220022 3245444 +
273 8032 29668 + 4 698399 717536 -
274 10784 29034 + 4 675651 694781 +
275 104 1223 + 4 694782 695901 +
275 5168 28785 + 4 5169914 5194858 -
276 597 2807 + 2 613925 615422 -
276 8394 48981 + 6 1706372 1748250 -
277 3441 28182 + 6 3282842 3306474 -
278 97 1842 + 6 3280750 3282462 -
278 3379 32382 + 2 3033941 3062135 -
279 1740 2742 + 2 3031508 3032517 -
279 4893 21422 + 4 563330 579729 +
280 3697 25637 + 2 8933 32999 +
281 3646 7116 + 6 3727801 3731309 -
281 14037 33446 + 6 3745827 3761956 +
282 2940 26474 + 1 6711878 6735373 +
283 790 2811 + 1 6735419 6737490 +
283 4356 27045 + 4 614817 638531 +
284 8330 25426 + 5 6160679 6175765 +
285 2842 24708 + 4 4103866 4126165 +
286 23 2839 + 4 4126431 4128843 +
286 5299 27512 + 4 3390986 3413309 +
287 14260 24335 + 4 4706615 4716955 -
288 8706 17007 + 2 3477290 3484655 -
288 5675 8670 + 5 1522118 1525457 -
289 4655 12623 + 3 4868211 4875479 +
289 18294 23231 + 3 4920444 4925134 -
290 3964 24902 + 5 6387671 6409460 +
291 6789 23483 + 5 5819975 5838119 -
292 95 2901 + 5 5816911 5819682 -
292 3812 23991 + 7 1354697 1373984 +
293 17407 28308 + 2 49657 56707 -
294 8571 12460 + 6 3740476 3744302 +
294 18408 22126 + 6 3710034 3712550 -
295 3312 23161 + 1 8058310 8078218 +
296 250 2683 + 1 8078564 8080938 +
296 3452 23053 + 4 2854679 2874428 +
297 65 2924 + 4 2874502 2876621 +
297 7106 24941 + 4 1425717 1442504 -
298 3181 24385 + 1 8631314 8651928 -
299 11841 23542 + 5 6198744 6210839 -
300 3080 22144 + 7 3907577 3926156 +
301 393 2516 + 7 3926475 3928180 +
302 5074 21947 + 4 2879761 2896568 -
303 789 2415 + 4 2877788 2879429 -
303 8806 29839 + 3 4663879 4682563 -
303 35638 36875 + 3 4726282 4727516 +
304 1024 2177 + 3 4751956 4753119 +
304 5610 16616 + 3 86207 98707 +
306 3261 20812 + 3 3259074 3276810 +
307 719 3051 + 3 3277097 3279561 +
308 4698 22200 + 7 2115010 2134894 +
309 3321 20161 + 2 2668865 2685894 +
310 1019 2998 + 2 2686813 2688835 +
311 3137 16916 + 6 574318 587875 +
312 3609 20384 + 1 4674403 4691643 +
314 78 3121 + 1 2937419 2940465 -
314 3175 8262 + 4 5666080 5671532 +
314 8744 19334 + 4 5680445 5690580 -
316 12348 17895 + 2 4176540 4179437 -
317 4347 18310 + 5 5301976 5316107 +
318 67 3161 + 5 5316262 5319874 +
319 3420 18343 + 7 3185342 3199727 -
320 156 2486 + 7 3182889 3185282 -
320 3193 19606 + 2 1526396 1550735 -
321 3202 14879 + 4 5437198 5449237 -
322 171 3113 + 4 5431770 5434688 -
323 28939 30192 + 5 5494678 5496513 +
324 3232 10402 + 7 477588 484622 -
325 3285 18767 + 2 3793191 3815700 -
326 3490 16563 + 7 1155977 1172672 -
327 691 2194 + 7 1153761 1155344 -
327 3848 29210 + 7 1906671 1931883 +
328 23021 30398 + 1 8660313 8668121 +
329 9602 13075 + 7 2968739 2972065 +
330 90 3122 + 7 2962433 2965560 -
330 3486 13532 + 4 1412811 1425135 -
331 1743 3291 + 4 1402259 1403802 -
331 18682 27464 + 2 3738176 3746917 +
332 852 3300 + 2 3749481 3752003 +
332 3762 14896 + 2 889549 900653 -
333 12502 15610 + 2 552817 555956 -
334 244 3267 + 2 549630 552642 -
335 4437 22818 + 4 142043 157728 +
337 5824 8139 + 7 1283275 1285447 -
338 11870 19250 + 1 3712517 3734283 -
339 3885 8033 + 4 5941270 5945178 -
339 11007 12229 + 4 5937411 5938797 -
339 21940 23330 + 7 1598023 1599428 -
340 718 3125 + 7 1595540 1597861 -
341 5166 15143 + 4 5158013 5167848 -
342 3575 13337 + 1 6741756 6751580 -
343 774 3411 + 1 6737765 6740294 -
344 221 3231 + 3 4311376 4314825 +
344 3442 12929 + 4 54510 63800 +
345 12058 20078 + 4 4966315 4973554 +
346 3957 12911 + 6 4141776 4155478 -
347 918 2988 + 6 4138754 4140644 -
347 3462 12847 + 1 9108538 9118160 -
348 465 2432 + 1 9105484 9107479 -
349 10210 12436 + 4 407980 410141 +
350 1032 3452 + 4 415474 418503 +
350 5895 13119 + 3 330196 337457 +
351 5319 16019 + 3 230399 237604 -
352 1277 2745 + 3 228079 230005 -
353 4408 6406 + 3 296507 298876 -
353 9239 13655 + 3 283041 287402 +
357 38 2737 + 5 6038391 6041052 -
358 4491 16733 + 4 1985875 1998296 +
359 89 3516 + 4 1998326 2001759 +
360 4238 18859 + 5 876996 891315 -
361 832 2766 + 5 875039 876927 -
361 3782 12462 + 5 2876229 2881596 +
362 801 2141 + 5 2881931 2883309 +
365 11728 14611 + 6 3500921 3503616 +
366 5318 11614 + 4 665763 672254 -
367 370 2931 + 4 663056 665566 -
374 8356 10357 + 4 4988622 4990205 +
375 4658 7079 + 1 256872 259029 +
377 3798 11614 + 5 4298533 4305953 -
378 1551 3761 + 5 4295762 4298067 -
379 3931 10121 + 3 3252474 3258749 -
380 111 3757 + 3 3248637 3252315 -
381 4011 11706 + 1 1844579 1852283 -
384 3840 15723 + 7 677540 690174 -
386 4512 7893 + 1 215851 218499 -
392 45 1747 + 4 4990407 4991998 +
395 4244 8954 + 5 656847 660376 +
396 128 3576 + 5 660583 664161 +
396 5534 9690 + 7 388006 392237 -
397 5160 8740 + 1 7015041 7018590 +
398 63 3451 + 1 7018683 7022199 +
399 104 3763 + 6 3599455 3603349 +
400 150 3795 + 4 3614126 3617726 +
402 7487 9587 + 1 185960 187930 -
403 4344 7698 + 4 655338 658793 +
406 1104 3527 + 7 915863 918304 -
406 6858 8751 + 3 5221614 5223512 +
408 5454 8179 + 1 4512627 4515239 +
409 142 4071 + 1 4515461 4519444 +
412 4159 8381 + 1 9095035 9099589 +
418 4890 7226 + 1 5849206 5851561 -
419 23 3041 + 1 5845480 5848685 -
420 42 4180 + 4 5452966 5457483 +
420 4192 7748 + 4 3087032 3090203 -
421 243 3632 + 4 3083304 3086911 -
423 4850 6474 + 3 4860913 4863012 +
429 5666 8097 + 7 1588922 1591508 +
430 605 3996 + 7 1592139 1595039 +
435 6736 10014 + 6 595383 598658 -
436 1462 3567 + 6 592837 594861 -
436 4389 7438 + 4 4975725 4978242 -
437 4562 6551 + 4 1574014 1575978 -
438 793 4066 + 4 1569763 1572984 -
443 4699 5775 + 2 3533055 3534127 +
446 1032 3406 + 5 651877 653586 -
451 2005 4342 + 5 211925 214534 +
452 86 3474 + 7 1173329 1175367 -
456 5407 7688 + 7 1601180 1603616 -
458 6142 11144 + 2 562968 567973 -
460 12741 13834 + 3 4775700 4776798 -
462 535 2919 + 6 3731956 3734335 -
477 1025 2229 + 6 421324 422532 -
477 7529 9771 + 5 6417705 6419594 +
487 206 1743 + 7 4234401 4235931 +
491 408 4861 + 1 4693347 4697869 -
502 1163 2842 + 7 931494 933250 -
511 3091 4618 + 2 4313555 4315005 +
512 1631 4855 + 4 838976 842018 +
518 2824 3840 + 4 3311873 3312885 -
541 333 1764 + 4 5939739 5941097 +
543 2983 4222 + 7 1606788 1608096 +
572 6706 7878 + 4 5280752 5281939 -
573 922 2773 + 4 5278643 5280430 -
601 267 1469 + 7 485567 486707 +
607 556 1771 + 6 3992661 3993908 +
