20 1707 20900 + 8 5190 97542 +
22 405424 483396 + 7 1952031 2075577 -
22 488134 525990 + 7 3628152 3677210 +
22 97526 285073 + 5 807719 877987 -
23 1861056 1899386 + 1 9461028 9543361 +
23 62039 67525 + 7 2993523 2998980 -
23 105072 256932 + 7 3087128 3260638 -
23 474040 784345 + 7 234414 1815611 -
23 2934730 3579062 + 2 3873772 4463103 -
23 2030968 2249971 + 3 3024562 3336942 -
24 21854 23170 + 7 4056431 4057642 +
24 252042 407586 + 7 3711480 3917284 -
24 791643 969262 + 5 568561 572103 +
24 505704 723048 + 6 3456181 3690225 -
24 977770 3767527 + 6 92913 2427174 -
25 125809 2748322 + 5 3117168 6409423 -
25 2888398 4410050 + 2 61328 3592815 -
25 2805936 2837876 + 1 2701170 2923373 -
26 4506322 4560835 + 7 2781997 2789706 +
26 175295 2885293 + 4 1947629 5655714 -
26 3703437 3748122 + 4 1121041 1231453 -
26 3807041 3818940 + 4 1510753 1513391 +
26 4034999 4080584 + 4 1236171 1320030 +
26 4166761 4475786 + 4 235256 824975 +
26 4697914 4699238 + 4 5826140 5827391 +
27 1706169 1711569 + 1 3086906 3093695 -
27 3170441 3179230 + 1 3050331 3067398 +
27 3656096 4384353 + 1 595030 2480360 +
27 4423455 4542233 + 1 18596 127338 +
27 344641 440839 + 5 1617916 1619546 -
27 488627 1638048 + 3 21418 2747010 +
27 3108987 3117038 + 3 5080105 5147545 -
28 1870031 2216737 + 1 3165908 3710782 -
28 2255297 2259948 + 1 3137010 3141678 +
28 22288 25996 + 7 3503393 3507735 +
28 191668 193218 + 7 3401988 3403503 +
28 262544 264926 + 7 2939741 2942071 -
28 698603 714577 + 7 4175344 4195735 -
28 2325791 2386467 + 3 2783522 2866982 +
28 2834299 3667596 + 3 3743660 4126057 -
28 4459425 4938406 + 3 4564516 5011809 -
29 2652547 4425525 + 1 4622688 8949244 +
29 6273097 6281004 + 1 9701812 9766840 +
29 392910 2019656 + 6 3790787 4036665 -
29 4580932 4592150 + 7 2740089 2772657 -
