1 26 5379 + 8 93091 98445 +
799 4796 6769 + 7 4019060 4020936 +
1226 1882 5001 + 1 3291367 3294737 +
1282 371 1531 + 4 5146620 5147635 +
1785 3501 4621 + 5 1487120 1488253 +
4635 13167 14362 + 4 348375 349635 -
4635 17984 22083 + 1 8867 12989 -
4636 2238 3725 + 1 3650 5118 -
4637 2988 13740 + 4 5341141 5350790 -
4637 23104 24234 + 7 4016723 4017893 -
4638 3832 16717 + 7 3997992 4010965 -
4638 21770 30648 + 7 3952135 3960778 -
4638 17633 19912 + 3 119479 121639 -
4638 46481 72294 + 3 3695958 3721567 +
4638 77683 94617 + 3 3729636 3745435 +
4639 46670 572568 + 5 4765253 5297962 -
4640 93 37911 + 5 4728947 4765228 -
4640 48971 65967 + 1 9693216 9766882 -
4641 530 11430 + 1 9674940 9684650 -
4642 636 17735 + 1 9655998 9672390 -
4643 7609 15802 + 1 9590058 9598069 +
4643 18861 27847 + 3 4663879 4672697 +
4643 38941 40149 + 7 4234544 4235720 +
4644 22658 27660 + 2 4078421 4083441 -
4645 678 12603 + 2 4067816 4078410 -
4645 34145 42107 + 1 175003 180711 -
4646 22221 39688 + 7 269558 305261 +
4646 41957 45437 + 7 306872 311238 -
4647 12628 14759 + 3 5056391 5058396 -
4648 844 22686 + 3 5030012 5055662 -
4649 505 1620 + 3 5028917 5030008 -
4649 33872 37013 + 7 1601180 1604537 -
4650 2437 13173 + 3 4489946 4497144 +
4651 983 9647 + 3 4497923 4506412 +
4651 9853 17266 + 3 4480353 4487658 +
4651 22143 25319 + 3 4469706 4472649 +
4651 29247 31495 + 3 4476388 4478278 -
4651 62074 137008 + 5 3848656 3948808 +
4652 3540 6271 + 5 3951833 3954713 +
4653 489 18716 + 5 3955905 3974381 +
4654 92 18031 + 5 3974400 3992108 +
4654 28427 31968 + 3 5002224 5005783 +
4655 226 7565 + 3 5006390 5013732 +
4655 57149 82582 + 7 3804727 3822059 -
4655 18851 26643 + 6 3727806 3735150 +
4655 42367 43585 + 6 3710401 3711978 -
4656 423 41522 + 7 3765248 3804155 -
4656 46617 57875 + 4 4976346 4987291 -
4656 61005 68547 + 4 4959176 4966205 -
4657 3934 12560 + 4 4944626 4953200 -
4659 5040 22716 + 4 4996432 5012864 +
4659 23713 35881 + 4 830239 842011 +
4659 48493 56079 + 5 6162730 6171183 -
4660 2671 43607 + 5 6124752 6161809 -
4660 48123 54449 + 2 79873 86121 +
4660 59002 88642 + 2 47206 69870 -
4661 25 36188 + 2 9105 44783 -
4661 51861 79606 + 1 1058350 1086240 -
4662 380 10119 + 1 1051386 1057954 -
4663 687 35123 + 1 1015828 1050042 -
4663 37187 44645 + 6 47288 54709 +
4664 5738 40224 + 7 2959143 2990199 -
4665 764 5298 + 7 2953640 2958078 -
4665 7654 33434 + 2 3595588 3731229 -
4665 37939 40188 + 2 3583901 3586111 +
4665 42375 46569 + 2 3589836 3594375 -
4665 73346 77268 + 2 769173 773246 +
4665 80912 91641 + 2 777279 789090 +
4666 197 1327 + 2 789438 790439 +
4667 52891 55498 + 4 498154 500716 +
4667 390 18229 + 2 794249 809878 +
4667 26131 34581 + 2 756309 764107 -
4667 40473 46212 + 5 2416668 2422750 -
4668 138 41138 + 4 500884 539475 +
4669 5831 23566 + 6 3755051 3777643 +
4669 56406 57499 + 3 4972064 4973195 +
4669 67579 98542 + 3 4933611 4962696 -
4670 12372 44378 + 3 4881354 4909316 +
4670 47684 51007 + 3 5220410 5224645 +
4670 53540 72833 + 2 3740347 3763437 +
4670 78521 79590 + 2 4276971 4278039 -
4670 84265 94882 + 2 3766557 3776675 +
4670 97132 103515 + 2 4030613 4037102 -
4670 107470 153865 + 2 3979464 4026820 +
4670 157249 161988 + 2 3961647 3966188 +
4671 1945 12119 + 2 3968281 3978611 +
4671 24019 38151 + 2 3937441 3949652 -
4671 55238 60893 + 6 3557894 3564043 -
4671 65661 98298 + 6 3567432 3592591 +
4672 1108 24950 + 6 3593685 3616722 +
4673 35 11392 + 6 3616860 3628356 +
4673 22185 34715 + 1 16450 38859 -
4674 18279 34658 + 3 406363 422429 +
4674 46935 249758 + 3 3484378 3695613 -
4674 250675 253713 + 3 3480624 3483439 +
4674 257303 276823 + 3 3461035 3479864 +
4675 2993 46433 + 3 3395697 3437095 -
4676 32 11879 + 4 5129668 5140994 -
4676 19036 40996 + 4 5100968 5121718 +
4676 49639 142911 + 7 2548711 2642711 -
4677 343 21982 + 7 2518220 2548323 -
4678 205 23187 + 7 2483296 2518202 -
4678 25941 34195 + 3 330218 338078 +
4679 1001 7989 + 3 339271 343923 +
4680 2620 19027 + 4 5176866 5193254 +
4680 27607 35010 + 4 5158043 5165410 +
4680 49388 83078 + 7 3666118 3729222 +
4681 19822 46637 + 7 3732411 3760020 +
4681 50491 115982 + 7 1207 59959 +
4682 383 45625 + 7 60605 107784 +
4682 47365 53464 + 7 2993296 2999381 -
4682 57561 59487 + 7 3006228 3008159 -
4682 72237 92834 + 7 3013329 3032970 +
4682 98328 99662 + 7 3035421 3036734 -
4682 94488 96782 + 3 3724582 3726860 -
4683 1615 46015 + 7 3040402 3083150 +
4683 50497 221421 + 7 1615620 1757287 +
4683 222586 228689 + 7 1758119 1764198 -
4683 229214 295990 + 7 1765024 1844249 +
4684 1636 46601 + 7 1845694 1883353 +
4684 48000 56804 + 5 1359457 1367977 -
4684 57657 128189 + 5 1371675 1440994 +
4684 130520 196248 + 5 3191635 3257154 -
4685 807 44794 + 5 3147258 3191633 -
4685 49587 61205 + 5 6199027 6210839 -
4685 115398 121216 + 5 6244161 6249729 -
4685 125645 127378 + 5 6252848 6254423 +
4685 133391 134552 + 5 6261723 6262876 -
4685 136519 167613 + 5 6264159 6293240 +
4685 168384 179113 + 5 6296478 6306815 -
4685 184181 268001 + 5 6308569 6385341 +
4686 719 23632 + 5 6386426 6409575 +
4687 9338 11109 + 5 6417825 6419594 +
4687 20865 32760 + 2 709461 721249 -
4687 49249 75953 + 2 532024 555962 +
4687 90377 128153 + 2 488618 526589 +
4687 135529 177935 + 2 440532 486515 -
4687 185836 187367 + 2 422074 423642 +
4687 189565 193680 + 2 430526 434315 -
4687 206406 224449 + 2 397583 416289 -
4688 4809 40014 + 2 346578 383244 -
4689 5304 30129 + 2 4095472 4151188 -
4690 51549 62820 + 6 2440527 2452073 +
4690 71297 84951 + 6 2421486 2436523 +
4690 86590 95974 + 6 2410141 2420141 +
4690 97974 312603 + 6 2215674 2408464 -
4690 3336 8243 + 2 4086158 4091046 -
4690 64582 69401 + 2 3822822 3826394 +
4690 16247 17968 + 5 6042162 6043847 -
4690 21848 34088 + 5 6047414 6058399 -
4691 787 43692 + 6 2167619 2210275 -
4691 55028 62136 + 7 4079272 4086457 -
4692 3979 9625 + 7 3655769 3661217 -
4692 15974 38502 + 7 4088830 4103398 -
4692 61281 63715 + 2 4279504 4282052 +
4693 2295 33517 + 2 4285814 4308169 +
4693 49606 52714 + 1 170762 173973 +
4693 55070 129132 + 1 103555 165222 -
4694 75 20160 + 1 62132 103550 -
4694 24669 35089 + 1 49372 56854 +
4694 41471 44510 + 1 45711 48588 -
4694 58966 63438 + 1 218088 220566 +
4695 1310 26586 + 1 228230 251985 +
4695 47038 48259 + 6 1097322 1098770 +
4696 807 46434 + 6 1101317 1139460 +
4696 47918 83197 + 7 2071341 2134653 -
4696 112620 203161 + 7 1947957 2037827 +
4697 855 2875 + 7 2038426 2040475 +
4697 20266 45024 + 7 1907986 1932368 +
4697 49658 68457 + 5 322552 341919 +
4698 7223 11036 + 5 348503 352434 -
4698 11410 44535 + 5 353134 381395 +
4698 47756 66630 + 3 9941 28876 +
4698 68745 71902 + 3 29600 31742 -
4698 72983 81581 + 3 32922 41741 +
4698 81912 108280 + 3 43167 83575 -
4698 113536 114861 + 3 83813 85045 -
4698 121252 128173 + 3 100376 106860 +
4698 133329 140627 + 3 110595 118157 -
4698 145829 158825 + 3 124473 151139 +
4699 2459 6035 + 3 171716 173650 +
4699 10363 45779 + 4 5891870 5945178 +
4700 3074 14228 + 2 154996 166109 -
4700 25396 33468 + 2 97178 105055 +
4700 35527 39387 + 2 87367 91178 +
4700 49339 122847 + 2 883386 952086 -
4700 133152 145717 + 2 841913 854994 +
4701 24 9158 + 2 856217 865317 +
4701 14533 35254 + 2 819520 840639 -
4701 47719 91232 + 3 5230258 5269116 -
4701 113849 116320 + 3 5215963 5218399 -
4701 121875 127482 + 3 5196674 5202516 +
4701 130035 141312 + 3 5184756 5194814 -
4701 144625 180814 + 3 5147978 5182880 +
4701 195705 217775 + 3 5124106 5142262 -
4701 222947 224353 + 3 5115439 5116797 +
4701 228111 235500 + 3 5107406 5114468 -
4701 238811 246499 + 3 5098658 5106061 +
4701 257032 532710 + 1 5190302 5500991 +
4702 620 5431 + 1 5501896 5506639 +
4703 68 3630 + 1 5507058 5510655 +
4703 4595 40203 + 1 5511894 5561805 -
4704 6994 27233 + 4 5046250 5066821 +
4704 52872 54051 + 4 690845 692025 -
4704 55025 66248 + 4 677754 686597 +
4704 77806 132196 + 4 596393 671757 -
4705 3521 38654 + 4 556029 590173 -
4705 48427 252511 + 2 1922202 2185244 -
4705 257819 274970 + 2 1892244 1907992 +
4706 727 10807 + 2 1908488 1918745 +
4706 19396 21506 + 2 1883521 1885591 -
4706 31937 46696 + 2 3873116 3886390 +
4706 48421 198276 + 7 782331 940353 +
4707 10087 19795 + 7 4127026 4136439 -
4707 21961 41432 + 7 4200435 4233175 +
4708 1165 5481 + 4 5277689 5281939 +
4709 929 18746 + 3 86066 98103 -
4709 20619 43397 + 3 4506589 4523902 +
4709 47130 110470 + 2 3152884 3208061 +
4709 111577 133588 + 2 3208749 3226221 -
4709 133790 232121 + 2 3226567 3344521 +
4709 235485 274818 + 2 3348371 3408151 -
4709 276952 309657 + 2 3410118 3443951 +
4710 22592 29792 + 2 3464529 3469709 +
4710 35260 39912 + 2 3479359 3484387 -
4710 50386 54723 + 4 3400225 3404611 +
4710 56968 70513 + 4 4334064 4346735 -
4711 2935 42941 + 6 3485963 3556729 +
4711 59979 68536 + 7 126640 135071 +
4711 76510 87413 + 7 114804 125720 -
4711 92139 122399 + 7 159682 196709 +
4712 12482 19424 + 7 207959 214694 +
4712 23308 27718 + 7 215750 220313 -
4712 32524 45670 + 7 226211 240482 +
4712 59324 63953 + 7 427631 432337 +
4712 88678 117038 + 7 394441 422697 -
4712 119929 122599 + 7 435465 437877 -
4712 126145 132849 + 7 443673 450630 -
4712 137029 141452 + 7 460306 465025 +
4712 147658 151244 + 7 453136 456869 +
4712 154307 296123 + 7 640513 781516 -
4712 297375 303354 + 7 633922 639796 +
4712 303984 389004 + 7 535003 632696 -
4713 55 35112 + 7 477507 533443 -
4713 49158 56073 + 4 1545721 1553093 +
4713 62400 72781 + 4 1553592 1564410 -
4713 77952 121131 + 4 1572044 1613533 +
4713 125089 171908 + 4 1614312 1659910 -
4713 179136 200361 + 4 1661555 1674738 +
4713 202145 217387 + 4 1675564 1688248 -
4713 227799 235660 + 4 1690659 1700343 -
4713 253663 524055 + 4 1712483 2072510 +
4714 146 46650 + 4 2072636 2118947 +
4714 52350 73509 + 4 698390 717181 -
4714 78585 98948 + 2 3834172 3845293 +
4715 3112 21350 + 2 3848739 3867844 +
4715 28436 46457 + 2 1860140 1878433 -
4715 49599 62213 + 3 2043889 2056500 +
4715 63387 87780 + 3 2018251 2042771 -
4715 88484 120277 + 3 1986717 2017681 +
4715 122296 208275 + 3 1902359 1984432 -
4715 210586 235286 + 6 2077106 2101524 +
4716 249 3464 + 6 2103782 2107000 -
4716 4088 36246 + 6 2107698 2139264 +
4716 54892 56869 + 7 322829 324805 +
4717 4011 32634 + 7 353926 377827 +
4718 378 7035 + 7 377918 384300 +
4718 9263 11266 + 7 257826 264219 +
4718 58624 70605 + 5 166487 198492 -
4718 78011 153790 + 5 207867 281170 +
4718 21264 23774 + 4 378683 381240 +
4719 6921 21907 + 5 288008 303717 +
4719 26273 32381 + 5 312007 318015 -
4719 155897 166513 + 4 1530647 1542472 +
4719 51110 151090 + 6 2632761 2769542 -
4719 168743 304431 + 6 2494614 2631126 -
4720 743 11892 + 6 2482534 2492994 -
4720 12764 28513 + 6 2465655 2481144 +
4720 31019 41539 + 6 2454594 2465062 -
4720 51559 129312 + 5 1489806 1572381 -
4720 130217 286668 + 5 4073017 4253576 -
4721 41 45029 + 5 3995831 4072540 -
4721 48536 75400 + 2 725187 749188 -
4721 99014 103667 + 7 4120930 4125664 -
4721 111948 128869 + 7 4174769 4191202 +
4722 12391 17000 + 7 4168426 4172959 +
4722 17841 45281 + 7 4141184 4167606 -
4722 48899 101953 + 6 1409 46806 -
4722 103863 116988 + 6 60901 76452 -
4722 119398 124322 + 6 131893 136594 -
4722 138602 141249 + 6 101361 103918 +
4722 144626 160809 + 6 77570 93513 -
4722 162561 177431 + 6 138593 151630 +
4723 3314 39875 + 6 168240 202577 -
4723 47388 285393 + 5 4300830 4547101 -
4724 4433 47195 + 5 4253593 4295284 -
4724 49945 73025 + 1 3003225 3026901 -
4724 73553 75299 + 1 3001057 3002789 +
4724 75542 89600 + 1 2986285 3000079 +
4724 91102 235577 + 1 2846663 2984997 -
4724 237989 250913 + 1 2832875 2846118 +
4724 254396 370662 + 1 2718347 2831913 -
4724 370851 373886 + 1 2714362 2717483 +
4724 375112 396377 + 1 2692502 2713814 -
4724 398357 399495 + 1 2690740 2691890 +
4724 399960 402193 + 1 2687139 2689350 -
4725 17 17662 + 1 2669251 2686762 -
4725 18234 46531 + 1 2640762 2668913 +
4725 55216 82679 + 5 138269 162701 +
4725 96057 119695 + 5 95460 119531 +
4725 156442 171580 + 5 59330 73242 -
4726 47 45486 + 5 19180 59309 -
4726 49384 59700 + 5 5301982 5311840 +
4726 62929 66505 + 5 5314571 5318129 -
4726 68065 92878 + 5 5319717 5344922 +
4726 97296 107789 + 5 5345782 5356913 -
4726 108189 145080 + 5 5360309 5396439 +
4726 145639 147063 + 5 5398150 5399560 -
4726 149769 166822 + 5 5401286 5436150 +
4726 168739 173814 + 5 5445068 5450208 -
4727 678 6733 + 5 5438442 5445028 -
4727 9476 14107 + 5 5452368 5457012 +
4727 15381 24010 + 5 5457864 5466523 -
4727 24801 37129 + 5 5468428 5481011 -
4727 42505 44439 + 2 4177775 4179641 +
4727 59017 74358 + 3 3014724 3030105 +
4727 85691 89871 + 3 3053889 3057822 +
4727 92020 130265 + 3 3058899 3096637 -
4727 134654 151201 + 3 3101419 3117908 -
4727 154006 156927 + 3 3122529 3125324 -
4727 161126 164279 + 3 4571389 4575016 -
4727 169398 174756 + 3 4562726 4568061 +
4727 199907 252168 + 3 1558971 1611580 +
4727 256717 263920 + 3 1614133 1621420 -
4727 265931 445618 + 3 1626236 1856844 +
4728 626 39922 + 3 1857951 1894392 +
4729 79 6989 + 3 1894459 1901241 +
4729 12449 21452 + 4 232074 241949 +
4729 23509 32749 + 4 214842 223557 -
4729 49371 58785 + 2 953471 962890 -
4729 60930 106004 + 2 964859 1010849 +
4729 106502 113847 + 2 1011388 1022954 -
4729 114193 310154 + 2 1023241 1488535 +
4729 316638 331358 + 2 1496623 1511275 -
4729 333085 436985 + 2 1512219 1619215 +
4729 455103 463546 + 2 1622148 1630569 -
4729 467182 560736 + 2 1645276 1763551 +
4729 566303 568669 + 2 1767451 1769043 -
4729 583336 617067 + 2 1781961 1816260 +
4730 47835 114109 + 5 822734 891338 -
4730 118021 127777 + 5 810925 820026 +
4730 134900 146444 + 5 798541 809373 +
4730 149492 214923 + 5 481981 549437 +
4730 224298 228601 + 5 551057 554691 -
4730 238056 350715 + 5 559957 694274 +
4730 351545 355405 + 5 697119 700814 -
4730 359084 364518 + 5 702201 707355 -
4730 366032 373400 + 5 715068 722466 -
4730 378223 383738 + 5 723911 729533 +
4730 386326 422862 + 5 732127 768367 -
4730 423723 425923 + 5 769072 771242 -
4730 430227 435449 + 5 474570 480102 -
4730 437731 441893 + 5 467612 471855 +
4730 448017 492743 + 5 419547 462575 -
4730 6507 42747 + 2 1818748 1850735 +
4731 1066 12053 + 5 403402 414048 +
4731 28845 39079 + 5 385591 394944 +
4731 51825 55024 + 3 193344 196538 -
4732 10652 13349 + 3 176765 179228 -
4732 21966 42885 + 3 202264 217669 -
4732 48193 134401 + 1 3972883 4154827 +
4733 55 43075 + 1 4155058 4227873 +
4733 53044 131125 + 1 492168 565992 +
4733 132656 135984 + 1 566190 569202 -
4733 137203 150404 + 1 571274 584568 +
4733 171302 214214 + 1 594509 639676 -
4733 219319 389679 + 1 644731 833983 +
4733 392876 402775 + 1 836412 846820 -
4733 404864 453834 + 1 848625 943071 +
4734 2916 31301 + 1 972669 999293 +
4734 36385 45674 + 1 1000755 1010497 -
4734 48505 445513 + 1 1644006 2020188 -
4735 611 46948 + 1 1599140 1643627 -
4735 48417 165337 + 3 2614700 2726147 -
4736 14354 45339 + 3 2571654 2599719 -
4736 59013 136539 + 5 1218621 1300304 +
4737 1509 13282 + 5 1315663 1327362 +
4737 14287 27084 + 5 1327800 1340100 -
4737 27586 45004 + 5 1341165 1358278 +
4737 49948 78601 + 2 4222585 4236825 -
4737 98449 100763 + 2 4219477 4221614 +
4738 823 3494 + 2 4214261 4216753 -
4738 6201 37139 + 2 4181545 4212282 +
4738 57596 82230 + 4 5824234 5847138 +
4738 88479 120537 + 4 5794504 5822985 -
4738 121956 153830 + 4 5645136 5676467 +
4738 157904 168846 + 4 5679914 5690565 -
4738 170144 172204 + 4 5691191 5693209 -
4738 173055 191042 + 4 5694412 5713472 +
4738 192763 195211 + 4 5715221 5717476 -
4738 195550 199011 + 4 5718285 5721755 -
4738 199697 203753 + 4 5722080 5728040 +
4738 204988 220421 + 4 5729338 5743429 -
4738 231226 234318 + 4 5752197 5755559 +
4739 4938 7356 + 4 5761676 5764095 +
4740 1382 23163 + 4 5765635 5785639 +
4740 73908 107019 + 6 3668688 3700896 -
4741 14746 29120 + 6 3653892 3661660 +
4741 63881 79756 + 2 579628 591889 +
4741 84969 133647 + 2 597366 648546 -
4742 24442 45396 + 2 659583 680751 +
4742 56637 62471 + 7 4026832 4031661 +
4743 2440 7571 + 7 4036284 4040998 -
4743 11143 29519 + 7 2906830 2935302 +
4743 31784 46626 + 7 2936028 2951051 -
4743 49170 58311 + 1 305703 314303 -
4743 67749 78001 + 1 319286 328504 +
4743 82052 110336 + 1 333075 361684 -
4743 113660 133586 + 1 365137 391061 +
4743 136224 140528 + 1 397343 401410 -
4743 146121 167713 + 1 402518 424266 +
4744 473 17257 + 1 424706 442224 +
4744 19139 39624 + 1 446913 478293 -
4744 50769 121411 + 1 9084032 9151213 +
4744 123425 132883 + 1 9256503 9264853 +
4744 133899 143715 + 1 9246055 9255859 -
4744 146405 154163 + 1 9234196 9240837 +
4744 158317 163249 + 1 9227218 9232106 +
4744 165429 224976 + 1 9154443 9224128 +
4744 230463 248444 + 1 9270601 9340264 -
4744 261155 297975 + 1 9347875 9385362 +
4744 299483 340614 + 1 9386808 9424331 -
4744 342673 345564 + 1 9430019 9432876 -
4744 352926 402036 + 1 9435492 9517240 +
4744 403304 438902 + 1 9518774 9553378 -
4744 444149 455314 + 1 9556331 9567016 +
4744 455748 475212 + 1 9567724 9587248 -
4744 486789 510130 + 1 9625267 9646045 -
4745 74 24916 + 1 9598294 9622774 -
4745 59906 170172 + 3 3144025 3240095 +
4745 172994 175599 + 3 3243510 3246168 -
4745 177458 180711 + 3 3248654 3251757 +
4745 181291 196318 + 3 3253223 3268460 -
4745 199018 215698 + 3 3269691 3286530 +
4745 216201 219020 + 3 3287409 3290231 -
4745 219769 224702 + 3 3290517 3295317 +
4745 227350 250145 + 3 3295640 3317180 -
4745 254745 285942 + 3 3318224 3348494 +
4746 341 28944 + 3 3348997 3377041 +
4746 31432 46261 + 3 3378322 3393635 -
4746 49646 68884 + 4 34505 63526 +
4746 76855 150754 + 4 71927 161952 +
4746 151188 155649 + 4 162150 166812 -
4746 176909 181731 + 4 192406 197192 +
4746 188586 218041 + 4 245673 274761 +
4747 187 43787 + 4 279191 319370 +
4747 55491 76489 + 4 4248449 4321646 -
4747 116423 118764 + 4 1267377 1270083 +
4747 119783 193688 + 4 4140454 4229560 -
4747 197597 199122 + 4 4137718 4139285 +
4747 204756 296273 + 4 4012939 4131835 -
4747 296409 298087 + 4 4011025 4012725 +
4747 303263 322943 + 4 3988992 4008081 +
4747 328519 371091 + 4 3945230 3988083 -
4747 593839 601534 + 4 4967100 4974139 -
4747 384074 420143 + 6 1142575 1198556 +
4747 423471 436748 + 6 644225 657406 -
4747 443622 503655 + 6 535207 599176 -
4747 508228 540995 + 6 489590 525589 +
4747 550519 587716 + 6 415641 487072 -
4747 612956 623853 + 6 398893 409730 -
4747 635927 640808 + 6 227815 232797 +
4747 643422 646226 + 6 238027 240815 -
4747 652945 656976 + 6 243703 247522 +
4747 662112 664952 + 6 248863 251985 -
4747 665526 683059 + 6 255630 278684 +
4747 685681 699326 + 6 281106 296534 -
4747 703046 711676 + 6 321285 330749 -
4748 28 9305 + 6 297525 307162 -
4748 10252 28005 + 6 331820 348152 +
4748 29622 40204 + 6 216004 226394 +
4748 42888 44420 + 6 348417 349937 -
4748 50887 52562 + 7 4071239 4072899 -
4749 369 33012 + 7 4043342 4071213 -
4749 41172 43408 + 7 4112194 4114435 -
4749 50972 121550 + 4 3414479 3485969 +
4749 122216 127112 + 4 3486740 3491694 -
4749 133763 162365 + 4 3492928 3513044 +
4749 169651 171398 + 4 5787212 5788899 -
4749 173584 189108 + 4 4928888 4942600 +
4749 190243 216456 + 4 4900106 4927101 -
4750 227 45796 + 4 4852370 4900013 -
4750 51658 66495 + 6 3809748 3824386 -
4750 75483 82939 + 6 3832992 3840316 +
4750 83424 87938 + 6 3840782 3845180 -
4750 89195 96967 + 6 3846342 3853386 -
4750 100074 107398 + 6 3859265 3867499 -
4750 112876 137248 + 6 3872747 3891765 -
4750 151623 193712 + 6 3897776 3935981 +
4751 3375 38830 + 6 3939237 3968852 +
4751 43290 46998 + 6 3970350 3974016 -
4751 52650 69846 + 5 1464058 1481050 -
4751 72110 85320 + 5 1448093 1461633 +
4751 86859 88630 + 5 1444952 1446737 -
4751 90792 92638 + 5 3258722 3260785 +
4751 95065 99770 + 5 3261189 3265974 -
4751 108584 585239 + 5 3269330 3740486 +
4751 590210 597904 + 5 3743074 3749543 -
4751 599548 622506 + 5 3751630 3774221 -
4751 625381 645403 + 5 3775604 3795637 +
4752 2138 44071 + 5 3797862 3836903 +
4752 54724 102673 + 3 4676989 4723632 +
4752 132669 148036 + 3 4622680 4633751 -
4752 150614 164173 + 3 4544035 4557639 -
4753 9091 32259 + 3 4597476 4621118 +
4753 38712 47386 + 3 3129725 3138243 +
4753 50320 71244 + 1 4231491 4251738 -
4753 73457 272668 + 1 4252456 4472616 +
4753 273713 281181 + 1 4473277 4480924 -
4753 285935 939862 + 1 4483950 5142709 +
4755 223 7595 + 1 5181492 5188635 +
4755 16316 20455 + 3 4724191 4727535 +
4756 52825 84985 + 6 3437016 3466871 +
4756 89497 206326 + 6 3305161 3433227 -
4756 212424 224305 + 6 3288335 3300028 +
4756 227892 252118 + 6 3264544 3287090 -
4756 27113 39206 + 5 6090289 6102016 -
4757 922 22417 + 6 3243517 3264148 -
4757 181596 408474 + 7 982097 1284546 -
4757 50413 51864 + 4 739549 740970 +
4757 63416 68244 + 4 747358 752143 -
4757 80582 146058 + 4 767065 829654 +
4757 146427 180092 + 4 842732 871197 +
4758 46 39326 + 7 948422 982093 -
4758 55175 97019 + 4 5195164 5274691 +
4758 102058 121207 + 4 5282911 5302170 +
4758 148540 199104 + 4 5361020 5411928 +
4758 200855 205109 + 4 5413737 5418006 -
4758 205784 307448 + 4 5418582 5519557 +
4758 310187 312177 + 4 3410368 3412387 +
4758 319656 373199 + 4 5521487 5575346 +
4758 375978 403291 + 4 5577337 5605159 -
4758 407621 441729 + 4 5610889 5643848 +
4758 442444 444469 + 4 5791868 5793836 -
4758 449523 473377 + 4 3513692 3537212 +
4758 475451 482680 + 4 3538581 3545804 -
4758 483474 619619 + 4 3547335 3670737 +
4758 621449 630209 + 4 3698446 3707017 +
4758 630699 647229 + 4 3673117 3689536 -
4758 649082 656758 + 4 3689992 3697771 -
4758 657891 677088 + 4 3707789 3726553 +
4758 678291 679701 + 4 3727569 3729000 -
4758 680652 698127 + 4 3730193 3774488 -
4758 700184 723930 + 4 3775952 3799331 -
4758 726923 769855 + 4 3802101 3840346 +
4758 778360 819352 + 4 3842599 3880246 -
4758 820955 834777 + 4 3880851 3895421 -
4758 835506 869959 + 4 3896223 3928037 +
4758 873508 891116 + 4 3934308 3943996 -
4758 891644 1359267 + 3 3792022 4294811 +
4758 1359914 1367450 + 3 4296113 4303536 -
4758 1372347 1435507 + 3 4306305 4365424 +
4758 1441940 1458592 + 3 4371880 4386708 -
4758 1460196 1468223 + 3 4390422 4398623 -
4758 1472270 1492302 + 3 4401621 4422230 +
4759 1691 19465 + 3 4423770 4442418 +
4759 21186 23983 + 3 4444518 4447376 -
4759 26051 29214 + 3 4447747 4450777 -
4759 32708 46505 + 3 4453624 4467282 -
4759 59054 68029 + 4 478126 487505 -
4760 4575 26509 + 4 424834 462977 -
4760 27789 30915 + 4 420772 423780 +
4760 31796 35682 + 4 415571 419955 +
4760 50937 268591 + 1 2021138 2216548 +
4761 1769 24757 + 1 2218244 2241051 +
4761 25960 35997 + 1 2241835 2253071 -
4761 39815 47535 + 1 2256255 2266514 +
4761 48357 52740 + 3 3032014 3036390 +
4761 55960 68599 + 3 1477366 1489885 +
4761 69257 72685 + 3 1490842 1494390 -
4761 73824 90746 + 3 1495523 1512772 +
4762 3042 22963 + 3 1515866 1535916 +
4762 85443 186275 + 3 465263 555981 +
4762 189344 205058 + 3 560572 580787 -
4762 214484 226713 + 3 581848 593993 -
4762 227518 399060 + 3 600166 1041462 +
4762 402751 433986 + 3 1064059 1093215 -
4762 439252 673156 + 3 1097042 1352320 +
4762 680562 698843 + 3 1354869 1373826 -
4762 703591 720063 + 3 1381371 1401998 +
4762 721826 732724 + 3 1404280 1415204 -
4762 738273 748716 + 3 1415920 1426568 -
4762 749666 792300 + 3 1431577 1474812 +
4762 795034 809557 + 3 3038479 3052803 +
4762 814272 938286 + 3 2867521 3007971 -
4762 944067 945848 + 3 2808602 2810528 -
4762 946352 959149 + 3 2848898 2866982 +
4762 962988 985267 + 3 2812355 2846836 +
4762 988003 999496 + 3 2796129 2807292 -
4762 1000408 1003309 + 3 2791914 2794739 +
4762 1006153 1043513 + 3 2752969 2789877 -
4763 125 4162 + 3 2748736 2752773 -
4763 4606 6127 + 3 2746258 2747677 +
4763 24487 42283 + 3 2727521 2744948 +
4763 48088 87668 + 3 220175 254258 +
4764 3025 29909 + 3 257315 282828 +
4764 40431 43820 + 3 283599 286244 -
4764 49817 63608 + 5 6024322 6041523 -
4764 68739 69988 + 5 5978176 5979419 +
4764 74787 78117 + 5 5966500 5969861 +
4764 81273 106379 + 5 5939162 5962927 -
4764 110875 141898 + 5 5875350 5936337 +
4764 152208 328863 + 5 5636798 5867708 -
4764 329692 348688 + 5 5617142 5635258 +
4764 350580 444812 + 5 5525768 5616550 -
4765 846 7751 + 5 5518487 5524978 +
4765 9331 18392 + 5 5507608 5516579 -
4765 21030 24719 + 5 5501686 5505298 +
4765 26538 27688 + 5 5498060 5499137 -
4765 28343 42301 + 5 5481347 5493415 +
4765 48106 196720 + 7 1285638 1448842 +
4765 199269 236535 + 7 1449417 1484901 -
4765 248321 316980 + 7 1492492 1552673 +
4766 8985 45160 + 7 1560750 1600408 +
4766 47993 67186 + 4 4400573 4419270 -
4766 71075 96250 + 4 4371717 4399894 +
4766 97309 120528 + 4 4348055 4370502 -
4766 123023 223455 + 4 1297122 1393954 +
4766 231587 236085 + 4 1398355 1402665 -
4766 239529 243854 + 4 1412799 1417040 +
4766 249595 260933 + 4 1421979 1433374 -
4766 262556 282585 + 4 1435147 1494708 +
4766 294071 298462 + 4 1505343 1509742 -
4766 299987 320774 + 4 1510228 1530371 +
4766 323202 327648 + 5 1935962 1940562 +
4766 329302 359355 + 5 1893820 1923221 -
4766 360583 373044 + 5 1880429 1892771 +
4766 374472 461909 + 5 1799657 1879771 -
4766 463240 504011 + 5 1743733 1798165 +
4766 504731 534285 + 5 1715326 1743416 -
4766 546047 558787 + 5 1682631 1706149 +
4766 565486 607665 + 5 1631145 1674864 -
4766 608770 692046 + 5 2817609 2886760 +
4766 695629 696769 + 5 2890271 2891411 -
4766 699849 782277 + 5 2892585 2973886 +
4766 784098 790174 + 5 2977079 2980662 -
4766 793843 822896 + 5 2981336 3004851 -
4766 828097 932770 + 5 3006527 3103394 +
4767 2067 44942 + 5 3104046 3146748 +
4767 56950 104894 + 5 4687284 4727027 -
4767 105667 147106 + 5 4647777 4686122 +
4767 148077 233906 + 5 4563011 4646890 -
4767 48118 49926 + 4 9116 31178 -
4767 51703 53455 + 4 65385 66881 -
4767 239338 243692 + 4 4814666 4819055 +
4768 24772 45170 + 4 4829050 4849694 +
4768 48702 120937 + 4 1181384 1255654 -
4768 9805 24051 + 5 4547300 4562453 -
4769 3912 45985 + 4 1088089 1175046 -
4769 459207 520653 + 4 4749919 4812384 -
4769 522727 527314 + 4 4744943 4749451 +
4769 528399 781248 + 4 4475772 4743591 -
4769 782587 793144 + 4 4464873 4474833 +
4769 797077 800571 + 4 4459425 4462970 -
4769 830329 1489661 + 4 2119363 2842671 +
4769 1490376 1499822 + 4 2843683 2852466 -
4769 1502277 1651694 + 4 2855041 2990310 +
4769 1665156 1680451 + 4 3000089 3015217 -
4769 1687931 1775385 + 4 3020731 3127172 +
4769 1798760 2093674 + 4 3129244 3397791 +
4769 2094552 2098222 + 4 3406014 3409581 -
4769 2099808 2107745 + 4 1287841 1295980 -
4769 47747 145174 + 6 1989332 2075924 -
4769 147080 156153 + 6 1978004 1986779 +
4769 157330 190241 + 6 1948728 1977141 -
4769 194421 215963 + 6 1923816 1945631 +
4769 216688 278699 + 6 1830852 1922585 -
4769 284034 291249 + 6 1792358 1827987 +
4769 292795 412078 + 6 1645764 1789858 -
4769 412867 429142 + 6 1629897 1645135 +
4769 429604 449675 + 6 1608802 1629052 -
4769 1777854 1796378 + 6 2146673 2164928 -
4770 31450 37901 + 4 1278074 1284348 +
4770 39098 44695 + 4 1259874 1265578 -
4770 45306 47442 + 4 1256476 1258469 +
4770 52087 366334 + 1 3298736 3734611 -
4770 376586 392338 + 1 3280021 3290132 -
4770 392527 507170 + 1 3029624 3141538 +
4770 509836 528073 + 1 3143127 3160773 -
4770 529354 541236 + 1 3162790 3174817 -
4770 541414 576037 + 1 3175030 3209153 +
4770 576290 591020 + 1 3209824 3224945 -
4770 591879 597276 + 1 3225330 3231147 +
4771 64 47514 + 1 3232450 3279968 +
4771 48777 65621 + 6 3214324 3230764 +
4771 72968 169630 + 6 3125509 3212161 -
4772 801 46145 + 6 3076596 3123013 -
4772 50347 58203 + 2 3142733 3150895 +
4772 59025 101053 + 2 3099072 3142201 -
4772 102559 115771 + 2 3084948 3098143 +
4772 117319 229853 + 2 2976531 3083027 -
4772 232435 245251 + 2 2961859 2974449 +
4772 247623 255335 + 2 2952908 2960884 +
4772 256055 276805 + 2 2933654 2952572 -
4772 281533 292683 + 2 2921215 2931253 +
4772 296419 328278 + 2 2865003 2897518 +
4772 330559 361926 + 2 2827435 2862268 -
4772 363069 381551 + 2 2807677 2826322 +
4772 382214 406399 + 2 2784494 2807123 -
4772 409768 421325 + 2 2771554 2783579 +
4772 422083 643683 + 2 2549388 2768414 -
4772 644427 665359 + 2 2528567 2548656 +
4772 666023 883347 + 2 2320336 2527859 -
4772 887614 891975 + 2 2303060 2307413 +
4772 896435 902654 + 2 2307828 2313802 -
4772 910341 981099 + 2 2238444 2301262 -
4773 833 47488 + 2 2186720 2237605 -
4773 50464 109043 + 6 4112450 4162080 -
4773 110810 122441 + 6 4097552 4108759 +
4773 125980 140640 + 6 4081376 4096583 -
4773 149773 155783 + 6 4072816 4078003 +
4773 161656 181536 + 6 4035419 4058456 -
4774 11317 41067 + 6 3980004 4010388 +
4774 61234 136898 + 6 1523856 1596251 -
4774 137767 142502 + 6 1518278 1523096 +
4774 146997 245696 + 6 1426360 1517211 -
4774 247334 258265 + 6 1414063 1424958 +
4774 259984 280446 + 6 1391656 1411010 +
4774 282119 286080 + 6 1386161 1390865 +
4774 286904 334799 + 6 1340672 1385421 -
4774 343276 345712 + 6 1322329 1324776 +
4774 359505 361174 + 6 1313161 1314856 +
4774 361831 393972 + 6 1276243 1308122 -
4774 401892 404955 + 6 1268260 1271323 +
4774 415957 481597 + 6 1201723 1265041 -
4774 508545 535597 + 6 600676 625870 +
4774 552342 595034 + 6 678759 710437 +
4774 597547 598674 + 6 711133 712260 -
4774 599275 603230 + 6 713462 717361 +
4774 604462 607373 + 6 719657 722450 -
4774 608975 614353 + 6 726777 732188 -
4774 619081 666582 + 6 733617 778213 +
4774 667455 706051 + 6 779617 816703 -
4774 707222 906675 + 6 817216 1005088 +
4774 908215 927194 + 6 1006906 1026014 -
4775 583 3687 + 6 1089373 1092578 -
4775 6977 33304 + 6 1043954 1069669 +
4775 33574 40733 + 6 1031407 1038272 -
4775 46711 47731 + 6 1096218 1097223 +
4775 48070 157850 + 1 2532264 2640234 -
4775 158791 163113 + 1 2526648 2531040 +
4775 164103 216041 + 1 2481803 2525817 -
4775 218687 257595 + 1 2443447 2480097 +
4775 258648 319178 + 1 2368617 2442941 -
4776 6117 47741 + 1 2266639 2365989 -
4776 57241 75179 + 2 4324586 4341601 +
4776 76295 106404 + 2 4342473 4385670 -
4776 109562 139219 + 2 4387978 4417089 -
4776 141208 157132 + 2 4418047 4433853 +
4777 303 47008 + 2 4434606 4470525 +
4777 48473 83640 + 7 2643496 2679264 +
4777 84151 91185 + 7 2680548 2686501 -
4777 92450 256423 + 7 2687000 2849614 +
4777 261056 262258 + 7 2854341 2855529 -
4777 267002 276469 + 7 2857755 2864780 +
4777 282351 286567 + 7 2865440 2869684 -
4777 287169 318778 + 7 2871963 2903090 +
4777 324763 360043 + 7 3621641 3650029 -
4777 361426 384394 + 7 3600361 3620347 +
4777 385457 416375 + 7 3569825 3597243 +
4777 419534 426498 + 7 3561423 3568680 +
4777 426994 522022 + 7 3483810 3560392 -
4777 527429 553372 + 7 3459278 3481210 +
4777 554835 664496 + 7 3324514 3457313 -
4777 672397 675285 + 7 3319248 3322092 +
4777 676674 684321 + 7 3306158 3313702 -
4777 685470 697775 + 7 3293457 3305415 +
4777 699140 769366 + 7 3219192 3291770 -
4777 771748 789301 + 7 3201408 3218353 +
4777 792164 863113 + 7 3131194 3198017 -
4778 457 24060 + 7 3100379 3123747 -
4778 35782 40878 + 7 3083969 3088962 +
4778 42617 47405 + 7 3091139 3096059 -
4778 50460 86592 + 7 3963976 3994795 -
4778 94011 147584 + 7 3898685 3949999 -
4778 149944 155686 + 7 3891384 3897150 +
4778 157632 190727 + 7 3859577 3889293 -
4779 115 40496 + 7 3833130 3857062 -
4779 43122 44234 + 7 3831110 3832220 +
4779 48875 94512 + 2 3489402 3542389 +
4779 103359 106044 + 2 3548983 3551782 -
4779 114611 138720 + 2 3553455 3575208 +
4779 147730 158158 + 2 4053836 4064423 +
4779 164938 167264 + 2 4048237 4050851 -
4779 192293 242365 + 2 3777862 3821703 +
4779 770640 803717 + 1 5826589 5866724 -
4779 805116 1039150 + 1 6604280 6827293 -
4779 1040529 1048043 + 1 6594856 6602955 +
4779 1048642 1152183 + 1 6483443 6593921 -
4779 1155115 1167954 + 1 6466318 6482985 +
4779 1169676 1175332 + 1 6459690 6465409 +
4779 1177495 1180954 + 1 6378756 6382188 +
4779 1185920 1414719 + 1 6117623 6374911 -
4779 1419919 1442741 + 1 6094382 6116447 +
4779 1444971 1536395 + 1 6009780 6090653 -
4779 1537244 1538414 + 1 5987031 5988143 -
4779 1538573 1563052 + 1 5988696 6009130 +
4779 1564337 1638401 + 1 5869764 5986438 -
4779 1642771 1714791 + 1 8385157 8448705 -
4779 1724886 1753949 + 1 8355842 8384360 +
4779 1754950 1819353 + 1 8275793 8355124 -
4779 1819760 1862452 + 1 8195946 8275187 +
4779 1862846 1866009 + 1 8192692 8195741 -
4779 1872761 1903695 + 1 8161587 8189641 +
4779 1906499 1941164 + 1 8133260 8160324 -
4779 1942034 2087826 + 1 8477677 8615209 +
4779 2090476 2095171 + 1 8616290 8620918 -
4779 2096206 2107617 + 1 8624287 8632533 -
4779 2109636 2182799 + 1 8633093 8708658 +
4779 2187595 2321369 + 1 8713136 8829065 -
4779 2342778 2517871 + 1 8842040 9009576 +
4779 2521256 2531390 + 1 9020329 9030406 -
4779 284395 287119 + 3 4868586 4871206 +
4779 296600 306874 + 3 4914121 4922194 -
4779 310460 405837 + 3 2058982 2152724 +
4779 408529 416846 + 3 2154453 2160799 -
4779 422817 474460 + 3 2166048 2263252 +
4779 478421 491115 + 3 2267523 2280168 -
4779 497549 556697 + 3 2284887 2349083 +
4779 557138 571357 + 3 2349924 2364402 -
4779 572543 768246 + 3 2365284 2567715 +
4780 1172 46379 + 1 9031786 9077849 -
4780 51919 60783 + 5 1927164 1935707 -
4780 64782 252485 + 5 1941751 2117436 +
4780 255080 282255 + 5 2120064 2146278 -
4780 286140 302737 + 5 2152744 2165636 -
4780 307502 364816 + 5 2166817 2227198 +
4780 365518 386142 + 5 2227661 2248228 -
4780 387246 497546 + 5 2249505 2361400 +
4780 498947 512262 + 5 2361957 2375134 -
4780 513047 529901 + 5 2375900 2391004 +
4780 535553 548011 + 5 2391558 2403221 -
4780 548972 556578 + 5 2408206 2416025 +
4780 557701 598512 + 5 2423506 2463806 +
4780 599323 604792 + 5 2464562 2470100 -
4780 605613 623706 + 5 2470659 2488886 +
4780 624978 627564 + 5 2491869 2494166 -
4780 631366 892557 + 5 2494993 2781685 +
4780 894217 902500 + 5 2785947 2793632 -
4780 910141 918241 + 5 2794770 2802849 -
4780 919087 926404 + 5 2805638 2813976 +
4780 932306 939728 + 5 1621093 1628064 -
4781 72 29638 + 5 1592106 1620881 -
4781 30337 47686 + 5 1574892 1592008 +
4781 48929 66310 + 2 315657 332375 +
4781 93615 179674 + 2 219324 308287 -
4782 302 8640 + 2 209803 217803 -
4782 12260 33452 + 2 186358 207716 +
4782 35682 39875 + 2 180079 184230 +
4782 41452 47119 + 2 172648 178395 +
4782 53106 72803 + 1 8450768 8470885 +
4782 73720 77315 + 1 8471165 8474617 -
4782 78006 79032 + 1 8475980 8477041 +
4782 79590 263247 + 1 7976253 8132557 -
4782 263899 298728 + 1 7939846 7975135 +
4782 298969 509091 + 1 7741726 7939254 -
4782 511293 517503 + 1 7730964 7738040 +
4782 519931 700952 + 1 7547192 7730027 -
4782 701839 725990 + 1 7521965 7546222 +
4782 727391 797453 + 1 7451855 7520810 -
4782 801006 868818 + 1 7386727 7449699 +
4782 874544 884995 + 1 7371455 7382032 +
4782 890256 1470705 + 1 6828051 7367275 -
4782 1472006 1648020 + 1 5616583 5824435 -
4782 1648987 1656307 + 1 5562989 5570262 +
4783 937 46927 + 1 5570619 5615066 +
4783 55870 122525 + 1 1533014 1594483 -
4783 123895 152794 + 1 1502737 1529957 +
4783 160169 222813 + 1 1438263 1498919 -
4783 227451 245424 + 1 1416300 1433430 +
4783 248450 263033 + 1 1399285 1413617 +
4783 263400 338595 + 1 1312330 1397896 -
4783 343630 353082 + 1 1298311 1306660 +
4783 355095 362068 + 1 1290938 1297994 +
4783 362711 368861 + 1 1284395 1290131 -
4783 375637 391959 + 1 1260365 1276829 +
4783 394308 406307 + 1 1247182 1259371 -
4783 407091 411822 + 1 1201651 1206285 +
4783 415726 441393 + 1 1209933 1245921 -
4783 446781 453362 + 1 1194555 1201198 +
4783 454680 481859 + 1 1161234 1192797 -
4783 482880 489689 + 1 1153201 1160574 +
4783 491034 496150 + 1 1146876 1152200 -
4783 497570 507615 + 1 1117013 1126089 +
4783 52671 53971 + 2 775241 776492 -
4784 382 20581 + 1 1126249 1145445 +
4784 23291 44879 + 1 1087386 1108612 +
