1 90 286523 + 1 5224565 5572272 +
2 21026 240566 + 6 1554753 1784245 +
3 1485 232914 + 1 1308940 1564804 -
4 479 206504 + 1 7285832 7495838 +
5 307 27457 + 4 2795885 2823955 -
5 28230 29845 + 4 2794196 2795833 +
5 30264 196909 + 4 2581757 2793711 -
6 329 6985 + 1 433609 441222 +
6 8649 16480 + 1 393720 401477 +
6 17067 29925 + 1 378277 393177 -
6 44336 71737 + 1 332246 361924 +
6 72036 75993 + 1 364965 369182 -
6 79262 88380 + 1 319256 328442 -
6 93501 103021 + 1 305693 315367 +
6 120881 127471 + 1 261535 293689 +
6 137777 182990 + 1 213018 255452 -
7 84 40241 + 1 8413325 8450522 +
7 41860 190714 + 1 5869076 6065506 +
8 1943 24479 + 2 8935 32996 +
8 36340 38757 + 2 36675 39531 -
8 39367 84761 + 2 42072 77989 +
8 86444 92616 + 2 79837 86156 -
8 94329 98636 + 2 87272 91667 +
8 106630 107766 + 2 94987 96105 -
8 122991 182263 + 2 97123 188971 +
9 7337 9252 + 3 87488 89378 -
9 12401 182251 + 4 3141286 3306756 -
10 2397 8776 + 6 1322311 1328779 +
10 9866 129991 + 6 1198455 1317495 -
11 208 163768 + 3 3998302 4189844 -
12 149 99237 + 1 8178518 8330177 -
12 100086 156348 + 1 6466311 6535353 +
13 1179 157571 + 2 2067534 2301264 -
14 237 155629 + 5 4197236 4369998 +
15 10365 114367 + 7 1479 107858 +
15 131037 138536 + 7 127157 135878 +
15 142060 152372 + 7 114801 125771 -
16 7293 152997 + 7 3202630 3354042 -
17 211 150977 + 1 2545150 2696345 -
18 172 148616 + 1 6689686 6845766 -
19 12805 14608 + 4 725432 727492 +
19 17190 19226 + 4 722201 724212 -
19 21053 40557 + 4 698180 717186 +
19 48960 147723 + 4 589060 695901 -
20 356 134778 + 7 949969 1174259 -
21 494 144385 + 2 2924725 3064986 -
22 2301 141952 + 2 1690337 1856823 -
23 416 142296 + 3 2063880 2265008 -
24 828 142164 + 1 852265 1050467 -
25 880 127880 + 1 8749042 8873650 +
26 1656 138383 + 7 526413 690113 +
27 1534 135216 + 2 908293 1051487 -
28 2592 5089 + 5 2419770 2422750 +
28 5518 135569 + 1 6859172 6982171 -
29 599 127640 + 2 3170747 3322129 +
30 697 124628 + 1 7706908 7835260 -
31 1880 8730 + 4 5815848 5822985 +
31 10165 18287 + 4 5796566 5805119 -
31 18641 20484 + 4 5794116 5796032 +
31 21846 47149 + 4 5645142 5671501 +
31 47622 66171 + 4 5672126 5690565 -
31 67485 122368 + 4 5691191 5743708 +
32 335 54563 + 3 1188966 1246352 +
32 55313 57719 + 3 1247028 1249448 -
32 58587 123226 + 3 1250391 1338475 +
33 322 122185 + 5 1438906 1570299 -
34 443 116652 + 3 3312413 3428781 +
35 558 119087 + 3 3491768 3622938 -
36 720 203018 + 7 3440564 3650427 +
37 362 7820 + 7 3953287 3960832 +
37 9077 17995 + 7 3962304 3971959 -
37 32228 102309 + 7 3976267 4041479 +
37 105323 116837 + 7 2905624 2917703 +
38 2783 12700 + 4 3513394 3523549 -
38 17007 19007 + 4 5791778 5793836 +
38 19574 115470 + 4 5544356 5643848 -
39 389 115027 + 5 3800478 3941768 +
40 2251 32662 + 1 6984864 7014027 +
40 35657 37726 + 1 7020175 7022199 -
40 40620 114121 + 1 7023805 7097079 +
41 529 17159 + 7 472560 489704 -
41 18385 19657 + 3 3727368 3728903 +
41 20402 122607 + 4 3314419 3409584 -
42 584 109480 + 7 2483306 2616491 -
43 1235 12230 + 5 5424829 5436692 +
43 12801 24201 + 5 5438167 5450202 -
43 26675 67628 + 5 5452012 5493517 +
43 75005 108618 + 5 5498061 5533049 +
43 68163 70629 + 6 420508 422536 +
44 720 109205 + 1 4823319 4940355 +
45 479 109078 + 7 1678536 1788233 +
46 24133 26619 + 4 3311161 3313278 +
46 27373 108241 + 4 5044457 5122187 +
47 462 108378 + 4 4400613 4522260 -
48 656 86197 + 5 6326509 6410927 +
49 10114 107167 + 1 6069862 6170150 +
50 2207 35147 + 3 4688520 4723729 +
50 41817 100429 + 3 4597476 4658405 -
50 102195 104573 + 3 4538738 4541439 +
51 1090 93385 + 1 6266572 6465409 -
51 95143 104516 + 1 9137926 9151199 -
52 521 103621 + 1 4654607 4760940 +
53 2939 105250 + 1 4211292 4356487 +
54 532 104921 + 7 1310475 1447111 -
55 571 103708 + 1 3101298 3205650 +
56 9471 104047 + 1 9556213 9648296 +
57 588 29682 + 1 402380 433316 -
57 32228 44790 + 1 464552 478197 +
57 46048 51951 + 1 445408 451703 -
57 54676 64725 + 1 480371 489928 -
57 69640 103666 + 1 492168 518033 +
58 896 103951 + 1 2701943 2807280 +
59 2443 110136 + 6 1785771 1958588 +
59 110765 113525 + 6 1960833 1963831 -
60 618 102060 + 2 2585723 2689208 -
61 602 101743 + 7 2682601 2784731 -
62 1554 69695 + 1 519644 590001 +
62 85543 90303 + 1 638786 643372 -
62 91414 92598 + 1 636881 637951 +
62 92762 101733 + 1 627037 636208 -
63 25351 88929 + 5 2646930 2712183 +
63 89413 91761 + 5 2712334 2714211 -
63 94235 101189 + 5 2716626 2724230 +
64 9058 16205 + 3 9196 16161 +
64 16707 54825 + 3 33439 85054 -
64 55657 62723 + 3 29070 32088 +
64 63690 75183 + 3 16315 28878 -
64 75844 79838 + 3 94325 98820 -
64 81019 87289 + 3 100374 106793 +
65 840 96157 + 1 7936270 8031958 -
66 1970 100584 + 7 2990693 3086189 +
67 1376 38912 + 6 3592123 3629461 +
67 39588 41427 + 6 3651316 3653113 -
67 50183 63836 + 6 3653890 3664127 +
67 79724 100471 + 6 3449881 3468466 -
68 672 26392 + 2 724570 749196 +
68 34111 62857 + 4 3017148 3052108 -
68 64105 78301 + 4 3000079 3015188 +
68 79539 132419 + 4 2949165 2995696 -
69 4249 97899 + 6 1411 93898 +
70 896 98408 + 1 735941 840418 -
71 1589 46378 + 7 3847258 3889307 +
71 47542 53538 + 7 3891384 3897556 -
71 56095 98736 + 7 3899203 3940674 +
72 712 98620 + 5 2178174 2287417 +
73 736 7471 + 5 481967 489070 -
73 11552 37536 + 5 798068 824536 +
73 38638 97896 + 5 2876665 2924842 +
74 4397 6102 + 4 291965 293669 -
74 7554 31583 + 4 295855 319453 +
74 43824 96245 + 4 145682 197352 -
75 997 96056 + 5 5534267 5630050 +
76 1336 64696 + 3 5216112 5269536 -
76 66252 88201 + 3 5185230 5207149 +
76 90967 96055 + 3 5147960 5153710 +
77 1905 9654 + 6 3745827 3750198 -
77 10244 40209 + 6 3714262 3743006 +
77 46033 93794 + 6 3675060 3712974 -
78 6601 8588 + 3 455184 457088 +
78 17640 34895 + 3 297630 342006 -
78 39574 44101 + 3 283040 287564 +
78 53685 95365 + 3 242813 282608 -
79 812 94124 + 1 1937335 2032652 -
80 1454 62329 + 1 644693 733453 -
80 65686 94091 + 1 594067 625477 +
81 38491 57820 + 4 4944624 4966146 +
81 74536 92822 + 4 4996011 5015607 +
82 816 92298 + 1 1780955 1875432 -
83 1032 91109 + 5 1851189 1942295 +
84 2513 91300 + 4 4590466 4716955 -
85 842 90912 + 3 4317815 4409835 -
86 870 23607 + 5 710394 733627 -
86 24423 30027 + 5 701772 707580 +
86 32410 90080 + 5 643701 700817 -
87 862 37829 + 2 3950924 3984171 -
87 38387 43714 + 2 3872365 3877334 +
87 44542 54501 + 2 4053639 4064518 +
87 57103 59704 + 2 4048232 4050851 -
87 75582 77439 + 2 3777599 3779575 +
87 79353 88774 + 2 3781174 3790491 -
88 1512 90539 + 3 2878005 2986821 -
89 24744 57145 + 1 144787 178293 -
89 57694 69372 + 1 130431 143362 +
89 71424 88775 + 1 112529 129711 -
90 5037 38911 + 4 5353840 5391892 -
90 40112 51567 + 4 5339190 5351007 +
90 53584 83483 + 4 5282623 5337783 -
91 4071 88755 + 2 2320331 2406401 -
92 7835 14650 + 2 4030300 4037094 +
92 15377 84963 + 2 3594886 3777302 -
92 85956 88080 + 2 3588759 3590931 +
93 2554 87608 + 5 4860953 4947280 +
94 940 45482 + 4 5496381 5543075 -
94 45935 54009 + 4 5486641 5495581 +
94 54780 87009 + 4 5450469 5486250 -
95 1431 15615 + 7 4106386 4120163 -
95 48637 87187 + 7 4043342 4080900 +
96 1081 2331 + 5 5978170 5979419 -
96 6995 12725 + 5 6023616 6029662 +
96 22991 30976 + 5 6035201 6041559 -
96 31712 62764 + 5 6042080 6058633 +
96 67642 79415 + 5 6198668 6210839 +
97 5440 18380 + 6 1056159 1069669 +
97 18601 136580 + 6 914704 1038267 -
98 1989 83990 + 3 1795695 1882476 -
99 1065 84415 + 6 1413308 1499614 +
100 1120 84238 + 5 1768652 1850775 -
101 1101 83268 + 1 8330303 8412208 +
102 1015 27620 + 5 1570350 1596502 +
102 30223 45384 + 5 1602397 1615568 -
102 49472 50948 + 5 1616267 1617749 -
102 51277 82408 + 5 1617894 1650935 +
103 1155 82502 + 4 3718669 3829732 -
104 1074 82145 + 1 4959795 5045176 -
105 1171 76459 + 4 3441160 3512507 +
106 1370 82037 + 2 421723 503906 +
107 1191 81706 + 5 1943393 2026876 -
108 1210 80468 + 3 1040730 1140939 +
109 31993 78715 + 5 1341150 1388860 -
110 1286 79157 + 3 2377602 2479542 +
111 1102 74756 + 6 120903 196108 -
111 76077 78713 + 6 100811 103457 +
112 3648 35518 + 2 3488839 3530071 +
112 38217 41354 + 2 3541961 3545110 +
112 46110 51681 + 2 3545801 3551808 -
112 36074 37341 + 4 4990407 4991998 +
112 61331 62558 + 4 4988622 4989848 +
113 3098 24903 + 3 5159132 5183725 +
113 26322 46838 + 3 5130160 5146424 +
113 49212 53049 + 3 5124099 5128077 +
113 54336 72917 + 3 5106895 5122688 -
113 73991 78356 + 3 5098812 5103380 +
114 1168 78070 + 5 3568153 3649768 +
115 1143 8489 + 6 249556 257286 +
115 18212 47631 + 2 615961 648651 -
115 50177 63534 + 2 597515 613581 +
115 65994 72981 + 2 585612 592354 -
116 3190 75273 + 4 3533712 3608604 -
117 6441 73562 + 6 3538246 3590996 +
118 1240 76224 + 1 6595435 6673388 +
119 1269 21717 + 3 4931340 4952771 -
119 25681 45310 + 3 4889006 4909868 -
119 50562 58391 + 3 4914458 4922108 +
119 67068 75396 + 3 4869375 4877291 -
120 2293 5764 + 1 9393286 9396908 -
120 7986 20653 + 1 9379736 9392068 +
120 28988 73182 + 1 9278945 9367126 -
121 23181 93285 + 6 1340466 1412689 -
122 1212 74510 + 7 1815534 1903799 +
123 111 1163 + 7 1903824 1904882 +
123 1655 26075 + 4 4310481 4323556 -
123 28324 67362 + 4 4241694 4304005 -
123 69023 71270 + 4 1267375 1270085 +
123 71872 73167 + 4 4228536 4229854 -
124 1234 74147 + 4 3896197 3974827 -
125 2142 5571 + 4 4304255 4307768 +
125 6190 56167 + 4 4140405 4201982 +
125 60796 73129 + 4 4214395 4227805 +
126 1324 72810 + 3 2987407 3045187 +
127 157 1250 + 3 3045382 3046610 +
127 1262 21692 + 4 201641 217835 -
127 23372 64751 + 4 329748 393183 +
128 1283 70707 + 3 1543302 1610766 +
129 1283 70218 + 3 3623198 3694632 +
130 104 1168 + 3 3694685 3695746 +
130 3349 16510 + 2 3069954 3083354 +
130 17576 30152 + 2 3084977 3098136 -
130 31655 71176 + 2 3098784 3139759 +
131 1677 80834 + 5 22184 92684 -
132 1413 68755 + 7 2784834 2864954 +
133 4500 66555 + 4 221048 286179 +
134 2841 69045 + 5 3043594 3112658 +
135 1346 68912 + 3 3047861 3117932 -
136 1357 70024 + 5 4552031 4621772 -
137 5471 69891 + 2 3419681 3484680 -
138 13095 59158 + 1 4544044 4592457 +
138 59672 67854 + 4 1645488 1654156 +
139 21 1371 + 4 1654599 1655806 +
139 2561 68055 + 1 7496941 7568003 +
140 1392 67709 + 2 1983761 2065880 +
141 2131 23816 + 4 1605658 1623477 -
141 26337 28382 + 4 1602645 1604684 +
141 29348 68280 + 4 1561617 1600451 -
142 1424 67617 + 1 1051353 1118170 +
143 2100 67037 + 1 2210206 2348009 +
144 2729 67233 + 3 2480685 2546687 +
145 36 1420 + 3 2546727 2548215 +
145 2777 51579 + 1 8951377 9010110 +
145 53500 62654 + 1 9020409 9030427 -
146 75 1125 + 1 9014949 9016014 -
146 1526 67370 + 7 2010718 2108640 +
147 3080 66415 + 4 2416326 2480877 -
148 2318 66868 + 5 2454507 2521974 -
149 1574 64985 + 1 3513417 3591656 -
150 1932 66119 + 5 3381831 3460775 -
151 2278 7792 + 6 3951643 3956762 +
151 14781 63868 + 6 3892061 3942514 -
152 1751 65196 + 2 1576835 1642397 +
153 1523 120086 + 5 5637221 5816473 -
154 3242 64364 + 3 4213511 4303565 -
155 1589 65885 + 3 1404683 1472825 -
156 3814 30051 + 5 210412 233972 +
156 30882 65149 + 5 5374752 5423942 +
157 34500 36392 + 4 65017 66932 +
157 37932 65311 + 4 9001 52794 +
157 1636 3788 + 6 3501520 3503616 +
158 1572 64826 + 1 1674001 1738749 -
159 334 1354 + 1 1672778 1673807 -
159 1582 64356 + 5 5218379 5287239 -
160 1594 64244 + 3 1961199 2026885 +
161 56 1591 + 3 2027369 2028863 +
161 1602 64985 + 5 5078516 5145771 +
162 465 1485 + 5 5145774 5146971 +
162 7103 64906 + 4 2252718 2312809 -
163 409 1462 + 4 2251653 2252717 -
163 2181 62703 + 2 2837008 2902683 +
164 70 1596 + 2 2923000 2924604 +
164 1725 64874 + 1 5100255 5165437 +
165 1957 63744 + 5 3186542 3250105 -
166 48 1641 + 5 3184888 3186487 -
166 1653 63427 + 4 1436690 1537124 +
167 291 1593 + 4 1537493 1538834 +
167 2185 63244 + 5 3671747 3735288 +
168 165 1661 + 5 3735645 3737104 +
168 3164 58676 + 7 868422 942162 +
169 1903 62342 + 4 1793721 1862639 -
170 72 1504 + 4 1792111 1793655 -
170 7489 61435 + 3 4776313 4867345 -
171 1708 62632 + 4 2185274 2247778 +
172 1918 61903 + 4 4859875 4919505 +
173 1776 41763 + 2 835481 884909 +
173 45652 61965 + 2 890870 907399 -
174 3552 61355 + 1 1876868 1936478 -
175 3067 61862 + 4 3659074 3716258 -
176 2319 27263 + 3 219457 241629 -
176 31218 47293 + 3 201565 217665 +
176 57561 60382 + 3 174522 177258 +
177 373 1751 + 3 177669 179024 +
177 1799 60494 + 5 3266092 3322157 -
178 154 1622 + 5 3264497 3265975 -
178 2047 60265 + 3 1655426 1764541 +
179 1927 56633 + 4 1334015 1393948 +
180 398 1756 + 4 1402362 1403802 -
180 3673 40251 + 3 4726323 4772488 -
180 45218 59327 + 3 4663799 4677685 +
181 1802 59877 + 1 8615483 8676161 -
182 25 1801 + 1 8614017 8615443 -
182 1902 59773 + 6 3252945 3311528 +
183 458 1799 + 6 3312133 3313426 +
183 2516 41254 + 6 1989166 2028562 -
183 42055 51321 + 6 1977501 1986821 +
183 52225 59626 + 6 1969501 1977167 -
184 196 1675 + 6 1967523 1969296 -
184 2795 59732 + 3 2549946 2602926 -
185 354 1752 + 3 2548322 2549878 -
185 1843 61175 + 5 3113887 3174530 +
186 2040 4748 + 6 3828241 3830987 -
186 7921 27690 + 6 3807376 3826473 +
186 29031 59292 + 6 3761537 3806195 -
187 82 1612 + 6 3759873 3761424 -
187 4500 52732 + 6 4025474 4066233 -
188 4753 59176 + 2 345740 413828 +
189 2505 59047 + 2 650982 722770 +
190 2153 59077 + 1 5733572 5833710 +
191 3372 58791 + 1 4123312 4209319 -
192 1912 58304 + 6 3833542 3888125 +
193 3359 58028 + 6 2030448 2085827 +
194 2067 90377 + 1 8884310 8934884 +
195 2917 57117 + 5 4004083 4091052 -
196 192 1335 + 5 4002357 4003499 -
196 5635 57604 + 4 1277967 1332346 +
197 1962 57218 + 3 3253380 3310396 +
198 209 1960 + 3 3310448 3312295 +
198 2009 57350 + 4 4070483 4126821 +
199 7592 55665 + 3 1351903 1403004 +
200 2319 57128 + 1 5675443 5731362 +
201 173 1903 + 1 5731464 5733200 +
201 3468 56847 + 1 8086958 8132327 -
202 131 1567 + 1 8085324 8086787 -
202 6346 11699 + 2 4213406 4218720 +
202 17561 20623 + 2 4218981 4221695 -
202 37236 57661 + 2 4181548 4199684 +
203 2082 56423 + 5 4971289 5027989 -
204 26754 49594 + 1 9436509 9460301 -
205 848 1952 + 1 9462140 9463249 -
205 2069 56411 + 2 4421228 4466511 +
206 367 2025 + 2 4466794 4468485 +
206 3192 24905 + 7 3654275 3677811 -
206 26658 56411 + 7 4083854 4104599 -
207 2063 16872 + 4 5908971 5945173 +
207 29101 55955 + 4 5825169 5881133 +
208 90 1108 + 4 5881418 5882448 +
208 2636 55828 + 2 1464633 1520498 +
209 45664 56247 + 1 2849868 2860563 +
210 2092 25282 + 5 132630 158456 -
210 30599 54447 + 5 165906 209279 +
210 609 1866 + 1 2861224 2862492 +
211 2362 55634 + 1 3972720 4120669 -
212 3099 55528 + 2 3329483 3402711 +
213 2122 51622 + 5 2820472 2867918 +
213 51992 54631 + 5 2793838 2795485 -
214 5277 54937 + 1 4594851 4645314 -
215 366 2017 + 1 4592802 4594508 -
215 2329 53042 + 7 1217046 1267713 -
216 2152 11410 + 4 53900 63532 +
216 18991 54380 + 4 71111 107178 +
217 167 2151 + 4 107512 109557 +
217 2162 54535 + 4 2891320 2946346 +
218 112 2147 + 4 2946413 2948383 +
218 2201 54333 + 4 2066866 2120058 -
219 118 2171 + 4 2064583 2066636 -
219 2268 56455 + 1 3288607 3345271 +
220 2315 54274 + 1 2434443 2485282 +
221 2234 31191 + 1 3209498 3239754 -
221 31336 54911 + 5 3461335 3485619 +
222 747 2201 + 5 3485621 3487172 +
222 2212 53802 + 3 1906185 1958912 +
223 377 2200 + 3 1959226 1961181 +
223 2293 11691 + 6 297527 307859 -
223 13626 47116 + 6 258459 296591 +
223 50423 52593 + 6 243843 246134 +
224 363 2202 + 6 247467 249546 +
224 2346 52828 + 5 1218622 1277639 -
225 2959 24205 + 5 6293192 6313821 -
225 26751 29742 + 5 6277256 6280457 +
225 38102 52954 + 5 6258413 6274088 -
226 2254 52783 + 5 2925360 2973922 +
227 4814 46500 + 5 6132387 6177468 +
228 2313 50741 + 4 5169205 5258701 -
229 8608 52973 + 5 274260 318024 -
230 2370 51512 + 5 5150726 5200089 -
231 2547 51897 + 4 3090655 3139667 +
232 2312 51494 + 1 1119307 1169744 +
233 455 2311 + 1 1170188 1172090 +
233 2930 51425 + 3 4436077 4487858 -
234 162 2321 + 3 4433422 4435790 -
234 23751 31412 + 5 2869574 2876389 +
234 37990 50538 + 5 830390 843342 +
235 2416 49925 + 5 4712851 4761357 +
236 19189 51255 + 5 5322563 5357306 -
237 19 2351 + 5 5320180 5322505 -
237 5169 12312 + 4 1097634 1105051 +
237 13407 27109 + 6 2437107 2452068 -
237 27532 87519 + 6 2453885 2513967 +
238 2993 50851 + 4 2528187 2579262 +
239 46 1184 + 4 2579286 2580407 +
239 4361 50764 + 1 7837121 7884224 +
240 682 1700 + 1 7884908 7885965 +
240 6580 48746 + 6 3191592 3230792 -
241 108 2372 + 6 3187571 3190174 -
241 2430 9804 + 7 386528 392237 +
241 11522 50833 + 7 395296 432103 -
242 4559 50555 + 1 8133482 8176867 -
243 28857 44070 + 2 4067686 4083417 +
244 3067 14332 + 3 5002221 5013719 +
244 25159 32429 + 3 5019682 5026472 -
244 34071 49512 + 3 5028574 5045187 +
245 1041 2430 + 3 5050801 5052198 +
245 18123 46237 + 2 4222464 4267466 -
245 13244 16953 + 4 4967097 4970788 -
246 3522 17533 + 2 3937418 3949609 +
246 25956 49216 + 2 3842561 3868176 -
247 2591 51506 + 1 9668561 9770880 +
248 4952 8120 + 5 2976949 2980178 -
248 9438 48558 + 5 2986596 3015598 +
249 2482 47927 + 1 2138629 2183736 -
250 476 2431 + 1 2135952 2137856 -
250 2492 47761 + 5 2288711 2334036 +
251 166 2354 + 5 2334611 2336829 +
251 3657 45084 + 5 1710602 1752280 -
252 254 1708 + 5 1708454 1709922 -
252 4094 42039 + 2 4276971 4310689 +
253 2777 47997 + 1 6173043 6217767 -
254 267 2077 + 1 6171236 6173011 -
254 2532 48112 + 6 3081836 3126136 -
255 612 2370 + 6 3076602 3081777 -
255 2542 47426 + 4 3832149 3875330 -
256 896 2140 + 4 3829908 3831159 -
256 2875 47303 + 3 2603844 2648877 +
257 78 1865 + 3 2649043 2650800 +
257 3852 41316 + 4 3621483 3652688 -
258 743 2243 + 4 3617179 3618851 -
258 2760 29972 + 5 743552 771252 +
259 3069 47129 + 6 2228911 2278502 +
260 2592 46497 + 1 7132402 7176743 +
261 3266 46560 + 1 4426854 4471519 -
262 157 1965 + 1 4424595 4426407 -
262 3213 46551 + 4 2140237 2182618 +
263 2848 45206 + 3 3126763 3164816 +
264 280 2156 + 3 3166293 3168267 +
264 2632 46643 + 6 866798 913944 -
265 2689 46339 + 1 8499160 8543815 -
266 2652 47256 + 2 2501311 2547629 -
267 5001 26781 + 6 509872 531047 +
267 28552 44102 + 6 473616 487095 -
268 2888 32889 + 3 4544395 4575016 +
268 42126 44625 + 3 4524993 4527507 -
269 1317 2462 + 3 4522306 4523772 -
269 2682 45510 + 1 5632002 5672068 +
270 742 2681 + 1 5673166 5675168 +
270 3248 46118 + 3 3952855 3995997 +
271 931 2691 + 3 3996293 3998235 +
271 3594 46266 + 1 1565813 1609209 +
272 942 2452 + 1 1609222 1610717 +
272 4609 9884 + 5 159034 163533 +
272 11640 45165 + 5 95668 130325 -
273 110 2257 + 5 93458 95605 -
273 2772 46481 + 1 2033664 2078057 -
274 3970 42282 + 2 1645311 1683605 +
275 888 1924 + 2 1688274 1689452 -
275 2760 44625 + 6 2153747 2202870 +
276 673 2675 + 6 2203364 2205605 +
276 3752 44370 + 5 2374700 2416023 -
277 40 2737 + 5 2371710 2374632 -
277 4312 6997 + 7 3401926 3404571 -
277 7433 8835 + 7 3399948 3401405 +
277 9543 43562 + 7 3357851 3399492 -
278 307 2085 + 7 3355231 3357026 -
278 2772 46180 + 4 4775268 4819072 +
279 3332 44084 + 2 780155 824887 -
280 2845 45278 + 3 3175005 3215574 -
281 1296 2589 + 3 3173705 3174977 -
281 2802 43330 + 1 2499855 2541401 +
282 799 2758 + 1 2542635 2544726 +
282 3668 8041 + 1 8471026 8475422 +
282 8189 28161 + 1 8450643 8470885 -
282 29850 43855 + 1 5855111 5868344 -
283 2831 13705 + 2 545623 555952 +
283 16467 20466 + 2 562860 566874 -
283 39388 40780 + 2 579609 581002 +
284 246 1435 + 2 581683 582856 +
284 3239 44274 + 6 804391 846350 -
285 2842 42923 + 7 3095794 3138138 +
286 69 2841 + 7 3138355 3141239 +
286 2858 43315 + 3 1614721 1655030 -
287 3534 42821 + 2 2695382 2736016 +
288 3018 41971 + 7 1447387 1485649 +
289 2882 42512 + 1 3452852 3510521 +
290 100 1788 + 1 3510750 3512423 +
290 2892 44821 + 5 2050013 2093398 +
291 4763 41796 + 1 45711 107180 +
292 3216 17646 + 7 4173851 4188957 -
292 18305 22483 + 7 4168761 4172957 +
292 23042 42676 + 7 4147897 4167874 -
293 704 2909 + 7 4145156 4147586 -
293 3167 43004 + 4 4718793 4755173 +
294 748 2921 + 4 4755220 4757156 +
294 7319 40003 + 2 4085629 4151092 +
294 40969 42444 + 6 2314186 2315721 -
295 3338 41330 + 5 848654 891315 -
296 501 1628 + 5 845604 846916 -
296 2976 26570 + 7 3704372 3729233 +
297 21 1710 + 7 3729817 3731271 +
297 3068 43082 + 4 4550231 4589987 -
298 3379 42154 + 5 4478509 4530527 -
299 2990 41988 + 4 786982 826529 +
300 166 2981 + 4 826830 829597 +
300 2992 41786 + 1 3410284 3450026 +
301 3195 23703 + 4 1655960 1674801 +
301 24759 38519 + 4 1675568 1688699 -
302 3012 28016 + 5 1652430 1678826 +
302 29298 40749 + 5 1684549 1708077 -
303 137 1398 + 5 1682360 1683656 -
303 3415 42035 + 6 3128129 3167610 +
304 1156 2286 + 6 3168220 3169508 +
304 4257 42569 + 5 2738276 2777728 -
305 1898 3011 + 5 2736546 2737657 -
305 3042 41678 + 3 998845 1038329 -
306 3122 14825 + 1 9082008 9094544 -
306 20301 41283 + 1 9031461 9053216 +
307 246 2819 + 1 9053437 9056266 +
307 3886 41224 + 7 2642493 2681475 -
308 27 3061 + 7 2639470 2642476 -
308 3878 41724 + 6 4074081 4110240 -
309 676 3071 + 6 4071865 4073958 -
309 3124 41064 + 1 3020795 3061035 -
310 215 2242 + 1 3017930 3020518 -
310 3101 40557 + 2 272747 313362 +
311 3295 42385 + 1 2894255 2931849 +
312 8581 33116 + 1 1520 38859 -
313 3122 41903 + 3 2651440 2690595 +
314 1296 3121 + 3 2690633 2692418 +
314 3332 42125 + 3 3792033 3824605 +
315 7807 39643 + 6 591528 621891 +
316 84 2467 + 6 622436 624871 +
316 3777 32673 + 6 3980934 4010368 +
317 437 3141 + 6 3973306 3975652 -
317 3162 34746 + 5 348499 382173 -
318 490 2978 + 5 340421 343609 -
318 3361 40194 + 1 5057117 5100152 -
319 1062 3074 + 1 5054842 5056948 -
319 3208 39318 + 1 8543840 8580413 +
320 308 2316 + 1 8580682 8582782 +
320 3201 38946 + 4 1866511 1956053 -
321 37 2979 + 4 1863234 1866258 -
321 7818 12492 + 7 460311 465387 -
321 13676 18468 + 7 453137 458454 +
321 23555 33896 + 7 440383 450993 +
321 35805 37858 + 7 436724 438762 -
322 24 2420 + 7 433248 435725 -
322 3347 38940 + 5 3490570 3526234 -
323 55 3211 + 5 3487237 3490537 -
323 3222 39119 + 7 1923173 1960970 -
324 3260 38617 + 5 3529914 3564057 -
325 157 3231 + 5 3526376 3529543 -
325 3246 39157 + 6 2087771 2125544 +
326 505 3187 + 6 2125670 2128336 +
326 3343 38855 + 5 3739898 3774194 -
327 3482 38647 + 1 7205388 7240910 +
328 391 3261 + 1 7241141 7244014 +
328 3292 11275 + 6 1041797 1050589 -
328 15235 38253 + 6 1089181 1110142 +
329 13 3271 + 6 1110185 1113322 +
329 4101 39076 + 4 546635 579725 +
330 10708 23049 + 4 5128895 5141641 +
330 32983 36345 + 4 5153131 5156785 +
331 3464 9768 + 2 1374574 1380923 -
331 13534 38701 + 2 1406388 1427157 +
332 3797 38074 + 6 3368610 3403780 -
333 115 2857 + 6 3365914 3368594 -
333 3326 37573 + 4 1959680 1995516 -
334 618 3195 + 4 1956175 1958552 -
334 3332 37709 + 5 1290776 1336293 +
335 27 3329 + 5 1336297 1339610 +
335 3693 32331 + 6 198639 226427 +
335 34135 44404 + 6 339438 349937 -
336 3442 37516 + 1 8716580 8747083 +
337 3444 10470 + 2 1911895 1919184 +
337 13373 30685 + 2 1874654 1889357 -
337 31953 35207 + 4 3307272 3310536 +
338 192 2995 + 2 1868111 1870891 -
338 3420 37310 + 4 2852617 2887544 +
339 63 3300 + 4 2887866 2891235 +
339 3400 35452 + 2 504782 538564 +
340 371 3381 + 2 540780 544276 +
340 4523 35372 + 5 5917110 5952374 -
341 256 3373 + 5 5886617 5889671 -
341 16400 18624 + 3 386527 388357 -
341 28290 68845 + 3 461007 512589 +
342 16605 37114 + 7 1565768 1586120 -
343 793 3224 + 7 1563206 1565603 -
343 5588 36545 + 4 1112918 1194643 -
344 151 3090 + 4 1105491 1112888 -
344 4824 35042 + 2 1951333 1982370 -
345 13 3345 + 2 1947074 1950376 -
345 14861 19274 + 7 300592 305180 +
345 20080 35170 + 7 264826 298670 -
346 205 1969 + 7 308046 311037 +
346 2151 3433 + 7 312624 314017 -
346 3833 35961 + 2 3797384 3840042 -
347 7 3343 + 2 3793905 3797339 -
347 6653 18654 + 5 6238024 6249755 -
348 3474 34386 + 7 1609731 1634316 -
349 8869 38160 + 2 1052022 1092826 +
350 3557 35734 + 6 541408 578370 -
351 3502 42179 + 1 5596075 5628691 +
352 3953 35876 + 3 3430491 3463040 +
353 692 3498 + 3 3463269 3466296 +
353 3643 35353 + 2 2464713 2496102 +
354 189 3300 + 2 2496345 2499757 +
354 3985 35731 + 4 1754816 1787642 +
355 389 2754 + 4 1787646 1790097 +
355 3777 35351 + 5 6091781 6129377 -
356 5958 14088 + 2 333483 340272 -
356 15857 31875 + 2 315581 332246 +
357 3632 34699 + 5 4823552 4856335 +
358 3641 36491 + 3 1491122 1524802 +
359 3582 36461 + 7 159912 200122 -
360 11501 34722 + 3 2312468 2336888 +
361 4157 26101 + 7 3828438 3846106 -
362 3616 34369 + 1 1214936 1256688 -
363 162 3611 + 1 1210822 1214828 -
363 3908 12458 + 7 3740868 3747028 -
363 12893 34098 + 7 3747961 3770407 +
364 128 3621 + 7 3770435 3773977 +
364 4286 33379 + 3 1158280 1188350 -
365 13 3218 + 3 1154711 1157981 -
365 4011 33329 + 7 1529754 1559132 +
366 175 3427 + 7 1559382 1562682 +
366 12912 32093 + 3 4961771 4982109 -
367 3775 8894 + 6 409860 412969 +
367 10097 23699 + 6 227540 240815 +
367 25943 29979 + 4 5277682 5281939 +
368 3706 33705 + 4 1723505 1754296 -
369 373 3671 + 4 1719790 1723488 -
369 10491 15153 + 5 5862960 5867696 +
369 18449 33236 + 5 5846421 5862109 -
370 142 2944 + 5 5843134 5846132 -
370 3889 66134 + 6 2585648 2658533 -
371 64 3691 + 6 2581949 2585600 -
371 3762 32699 + 1 1176234 1210752 -
372 96 3482 + 1 1172309 1175729 -
372 4335 31427 + 4 842732 870555 +
373 3907 33511 + 5 3322278 3351722 +
374 3884 32922 + 1 7606541 7636834 -
375 19 3703 + 1 7602851 7606538 -
375 3742 32720 + 2 4390634 4419736 -
376 2 3636 + 2 4386928 4390618 -
376 3753 32441 + 5 2522707 2552323 +
377 78 2092 + 5 2552818 2555159 +
377 3772 32250 + 1 7247593 7272945 -
378 2404 3522 + 1 7244315 7245408 -
378 4873 35888 + 5 5045414 5077941 +
379 5162 27235 + 6 3476014 3500538 -
379 31204 36398 + 6 3667841 3672290 +
379 41687 47467 + 2 755404 761534 +
380 259 2622 + 2 762084 764451 +
380 3792 33296 + 3 2268472 2306664 -
381 792 3426 + 3 2265570 2268470 -
381 4512 31387 + 6 3404998 3444104 +
382 232 3273 + 6 3445226 3448526 +
382 3812 32394 + 5 4773607 4819766 +
383 157 3811 + 5 4819812 4823470 +
383 8486 31550 + 5 383621 400584 -
384 3893 12369 + 7 2953738 2962409 -
384 15053 28996 + 7 2936680 2951434 +
384 30587 32172 + 7 2933694 2935320 -
385 1 3481 + 7 2918741 2933672 -
385 3914 6921 + 4 4203054 4206438 -
385 8089 22975 + 6 4149133 4162220 -
386 580 3110 + 6 4143792 4146305 -
386 4634 28532 + 3 2746338 2773311 -
387 293 3084 + 4 4977551 4986520 +
387 3898 32689 + 7 1180522 1211571 -
388 4157 31006 + 1 2186193 2208479 -
389 2396 3701 + 1 2184127 2185430 -
389 6187 31455 + 1 3638110 3714127 -
390 177 3582 + 1 3591988 3595386 -
390 4374 31920 + 6 774147 801931 -
391 4841 31675 + 3 3735484 3762156 +
392 4074 30906 + 1 2989406 3016534 -
393 86 3779 + 1 2985063 2988676 -
393 4244 31830 + 5 4625359 4653596 -
394 3980 30873 + 4 3413306 3440996 -
395 18653 31493 + 5 5302186 5315719 +
396 406 3941 + 5 5316048 5319880 +
396 4166 32054 + 1 5192947 5221389 -
397 4866 31118 + 2 2552544 2579724 -
398 429 3961 + 2 2548210 2551776 -
398 4584 34168 + 3 3910823 3939941 +
399 3985 31547 + 1 7661535 7690415 -
400 466 3717 + 1 7658309 7661528 -
400 5181 30343 + 3 568949 595186 +
401 5213 30417 + 1 2379061 2427527 -
402 4221 30528 + 7 838734 865082 -
403 335 3972 + 7 834587 838305 -
403 4022 30447 + 1 4472505 4489823 +
404 334 3657 + 1 4490268 4493712 +
404 4032 16088 + 3 5056394 5089348 +
404 21532 23293 + 3 5092401 5094211 -
404 26324 28138 + 3 5016071 5017891 +
404 29077 30567 + 3 5089984 5091431 -
405 4101 27177 + 7 690220 713681 +
406 5343 28571 + 5 578239 636962 +
407 2050 4051 + 5 641241 643138 +
407 4611 30171 + 5 3358125 3380536 -
408 287 2288 + 5 3355825 3357842 -
408 4072 28799 + 5 2427806 2453532 -
409 511 3949 + 5 2423735 2427226 -
409 4366 7931 + 6 4138815 4142173 -
409 9038 10499 + 6 4112448 4113902 -
409 11092 30210 + 6 4117518 4138173 +
410 5378 28805 + 4 517012 541929 -
411 5 1455 + 4 514568 516001 -
411 6799 25951 + 4 2317884 2336410 +
412 53 4018 + 4 2382900 2386956 +
412 4112 29880 + 1 8036612 8063258 -
413 509 3447 + 1 8032801 8036414 -
413 4323 29345 + 3 535591 546967 -
414 1306 3620 + 3 532000 534011 -
414 9233 29416 + 1 1283796 1304415 +
415 4241 29083 + 5 4110200 4135089 -
416 7 3872 + 5 4106030 4110089 -
416 4152 28729 + 3 629681 655261 +
417 1033 3760 + 3 656605 659598 +
417 4615 29209 + 3 3216037 3240195 +
418 434 4002 + 3 3240489 3244109 +
418 4207 28975 + 1 3258675 3284303 +
419 693 4006 + 1 3284935 3288404 +
419 4182 24093 + 1 9184698 9204741 -
419 26262 28723 + 1 9154362 9156816 +
420 410 4177 + 1 9157411 9161403 +
420 4192 28790 + 3 2711440 2736671 +
421 65 4063 + 3 2736908 2741056 +
421 4494 28253 + 5 2113503 2137091 +
422 4862 28794 + 4 1690390 1715231 +
423 542 4139 + 4 1716109 1719722 +
423 6777 26707 + 2 1443192 1463260 -
424 26 3721 + 2 1430671 1435225 -
424 4473 28558 + 1 8588252 8613635 -
425 42 4031 + 1 8583890 8588225 -
425 4252 28348 + 1 3071349 3097020 +
426 172 4096 + 1 3097238 3101148 +
426 4290 21687 + 7 4127029 4145093 -
426 23700 29124 + 7 4200433 4218635 +
427 781 4203 + 7 4218673 4222197 +
427 4338 28412 + 7 722999 746301 +
428 308 4219 + 7 746546 751964 +
428 4497 29018 + 1 4798055 4822757 -
429 4585 29298 + 1 2108922 2134385 -
430 5021 28140 + 5 4688572 4708449 +
431 268 4137 + 5 4708584 4712686 +
431 4324 28660 + 3 3695855 3720880 +
432 6510 28587 + 5 238385 273198 -
433 4946 28395 + 1 7179929 7204170 +
434 4514 27477 + 6 2132168 2153612 -
435 227 4240 + 6 2128489 2132118 -
435 5344 26119 + 4 425656 463415 +
436 5486 27393 + 7 2109838 2134864 +
437 4363 25440 + 4 1412799 1436370 -
438 472 4360 + 4 1398355 1402269 +
438 4419 29274 + 2 4324573 4365181 +
439 2183 3772 + 2 4365236 4366799 +
439 4509 27159 + 6 630523 654020 -
440 319 4381 + 6 625791 630136 -
440 4794 25920 + 1 1615510 1637482 -
441 4402 27021 + 2 2415072 2438610 -
442 325 4367 + 2 2410785 2414807 -
442 5380 24825 + 4 767096 785824 -
443 4662 26815 + 1 2082595 2104795 -
444 4433 26691 + 2 2742800 2765677 -
445 468 4431 + 2 2738520 2742487 -
445 4662 26615 + 4 1219914 1242764 -
446 537 4440 + 4 1215328 1219496 -
446 8089 15201 + 2 3879276 3886343 -
446 23653 26116 + 2 3572230 3575034 -
447 222 4393 + 2 3566732 3571844 -
447 4468 26250 + 6 744059 766552 +
448 128 4434 + 6 766687 770321 +
448 4774 26229 + 3 2782769 2804230 +
449 391 4407 + 3 2804539 2808840 +
449 4496 26857 + 3 2812525 2847464 -
450 4497 26407 + 7 3179175 3202542 -
451 365 4386 + 7 3174875 3179081 -
451 8245 26002 + 4 5751850 5770813 +
451 5703 7303 + 2 774938 776562 -
452 19858 26161 + 1 455388 461709 -
452 4942 16767 + 7 1586636 1598645 +
453 41 2895 + 1 453647 455385 -
453 4643 24983 + 5 2559261 2580278 -
454 12 2834 + 5 2555759 2558106 -
454 4534 26081 + 1 8680744 8703031 -
455 811 3801 + 1 8676954 8680031 -
455 4542 26547 + 3 3770015 3791661 -
456 1054 4541 + 3 3766238 3769768 -
456 4662 25737 + 6 2540993 2561632 -
457 4855 25770 + 5 3774571 3795532 +
458 241 4561 + 5 3795546 3800288 +
458 5585 25598 + 3 1766933 1789023 +
459 129 4256 + 3 1789037 1793497 +
459 7379 25496 + 2 4010809 4029895 -
460 4592 25386 + 4 5422876 5444745 +
461 32 4591 + 4 5444754 5449477 +
461 8549 24719 + 7 3790035 3806090 -
462 4653 25320 + 4 5396189 5418145 +
463 5041 24563 + 5 2585859 2638852 -
464 111 4312 + 5 2580911 2585174 -
464 6148 25137 + 5 4139496 4159501 -
465 342 4420 + 5 4135382 4139482 -
465 11550 25130 + 3 407083 423585 -
466 4678 25157 + 1 4498211 4519392 -
467 618 4501 + 1 4494154 4498032 -
467 9785 27427 + 4 1540828 1558474 +
468 4788 23211 + 5 532547 549425 +
469 9562 24470 + 5 4406421 4422654 -
470 488 4477 + 5 4401713 4405852 -
471 4702 23703 + 7 1658209 1678501 -
472 231 4460 + 7 1652908 1657235 -
472 5034 23292 + 2 1893068 1911505 -
473 2792 4679 + 2 1922054 1923953 +
473 5148 21161 + 1 2362442 2374941 -
474 6446 24519 + 4 1247003 1265578 -
475 4742 24402 + 5 4176704 4197139 -
476 313 4739 + 5 4172162 4176656 -
476 5210 24266 + 3 3884622 3903859 +
477 366 4516 + 3 3904077 3908077 +
477 5085 21975 + 1 6237160 6264949 +
478 5234 23993 + 7 1285630 1305149 +
479 46 4146 + 7 1305151 1309497 +
479 4893 11180 + 4 4920868 4927504 +
479 12826 23457 + 4 4931383 4942083 -
480 644 2265 + 4 4928484 4930202 -
480 3390 4706 + 4 5786917 5788192 +
480 5181 20528 + 2 1381464 1397299 +
481 150 2542 + 2 1400333 1402708 +
481 5602 24506 + 3 972341 991475 +
482 669 4677 + 3 991571 995972 +
482 8665 10184 + 3 4993991 4995505 +
482 10897 22530 + 5 6061206 6087599 +
483 5353 23857 + 1 9518827 9538018 +
484 275 3914 + 1 9538112 9541822 +
484 6664 21506 + 4 4007026 4016493 -
485 471 4481 + 4 3999937 4004062 -
485 4842 23365 + 1 5166317 5184676 +
486 825 4428 + 1 5185708 5189315 +
486 16656 19923 + 3 5269908 5273287 +
488 1374 3561 + 4 3995063 3998266 +
488 4979 23194 + 1 7569427 7588631 +
489 477 4436 + 1 7589364 7593581 +
489 4893 23336 + 2 2440576 2459466 +
490 26 4857 + 2 2459493 2464609 +
490 4892 20997 + 3 2861260 2877759 -
491 790 4810 + 3 2855856 2859935 -
491 4902 21909 + 3 122048 155222 +
492 7182 23281 + 7 2882316 2898667 +
493 75 4493 + 7 2898720 2903083 +
493 5020 23976 + 3 2033902 2053568 -
494 905 4685 + 3 2030024 2033784 -
494 5641 22688 + 5 3023240 3041942 -
495 363 4901 + 5 3017911 3022390 -
495 5676 22802 + 3 660009 679387 +
496 39 3172 + 3 679675 682863 +
496 5692 23576 + 5 3971770 3993082 -
497 1172 4951 + 5 3967338 3971331 -
497 5900 25621 + 1 2873930 2893157 -
498 3019 4309 + 1 2872535 2873843 -
498 5727 22710 + 5 560320 576557 -
499 7333 24258 + 7 786143 803005 +
500 4997 22599 + 6 2328789 2346817 -
501 125 4416 + 6 2324415 2328728 -
501 5002 22456 + 7 1961149 1979308 +
502 121 5001 + 7 1979532 1984701 +
502 5030 22420 + 7 752021 769230 +
503 771 4551 + 7 769886 773893 +
503 5022 22469 + 1 4368517 4387105 +
504 244 5021 + 1 4387284 4392479 +
504 5091 22317 + 1 9113511 9132072 +
505 44 4882 + 1 9132075 9137035 +
505 5069 11132 + 6 1165730 1171946 +
505 16801 19904 + 6 661013 664061 -
506 2112 5041 + 6 654456 657422 -
507 9088 26250 + 4 4352968 4370459 -
508 167 5061 + 4 4348043 4352961 -
508 5073 19078 + 5 2150317 2165024 -
509 669 5071 + 5 2141864 2146284 -
509 5311 22357 + 2 1928565 1946483 -
510 6652 21140 + 6 1140834 1155851 -
511 241 5005 + 6 1135499 1140332 -
511 5147 17197 + 4 5774226 5785626 +
512 5215 22736 + 2 2812314 2830469 +
513 5145 23501 + 2 1551894 1571299 -
514 266 5023 + 6 1532335 1537173 -
514 5256 21425 + 6 2708815 2725358 -
515 46 4966 + 6 2703442 2708441 -
515 5142 21568 + 1 7895133 7912112 -
516 81 5090 + 1 7889849 7894652 -
516 5274 21693 + 3 3844579 3861477 -
517 248 4322 + 3 3840276 3844371 -
517 5254 21105 + 5 4669373 4686150 -
518 91 4940 + 5 4663837 4668737 -
519 5884 20992 + 1 9227220 9242853 -
520 1637 5129 + 1 9178716 9182369 -
520 6046 20703 + 6 2664406 2702818 -
521 139 5139 + 6 2658721 2663814 -
521 6265 33764 + 4 488090 511611 -
522 616 3532 + 4 483973 487279 -
522 5212 21235 + 5 2349944 2366353 +
523 5357 21128 + 6 1113427 1130976 +
524 18 5221 + 6 1130981 1134216 +
524 5847 20901 + 1 1652002 1666993 +
525 161 5151 + 1 1667261 1672441 +
525 5242 17998 + 3 4495018 4507149 -
526 2135 4452 + 3 4489946 4492262 -
526 5253 18884 + 5 3650747 3664991 +
527 442 5233 + 5 3667957 3671291 +
527 5333 20706 + 1 9056558 9072769 +
528 15 4337 + 1 9072991 9077537 +
528 5272 20624 + 5 4954003 4969315 -
529 22 5181 + 5 4948588 4953787 -
529 13072 20770 + 1 2355039 2362326 -
530 116 5281 + 1 2349454 2354978 -
530 5578 7781 + 7 2969288 2971456 -
530 10066 20550 + 7 2974154 2985326 +
531 59 5036 + 7 2985426 2990484 +
531 5841 20533 + 5 4536162 4551285 -
532 596 5057 + 5 4530817 4535513 -
532 5341 20430 + 6 3957339 3973272 -
533 1105 3444 + 6 3947420 3949830 +
533 5358 20296 + 3 4190024 4205527 +
534 222 5321 + 3 4205882 4211051 +
534 5526 20118 + 7 818902 834371 -
535 805 3821 + 7 807600 810880 -
535 8192 15575 + 1 9216808 9224530 +
536 4 3758 + 1 9270061 9274211 -
536 5588 20253 + 1 7642568 7657769 -
537 5362 20924 + 7 1508073 1523863 +
538 1041 2390 + 7 1523914 1525399 +
538 5483 9468 + 6 534037 538013 -
538 12431 19983 + 6 489351 497879 +
539 146 4876 + 6 497979 506884 +
539 5482 24222 + 1 1257598 1276931 +
540 9657 15558 + 3 4881170 4887526 +
540 17602 19924 + 3 4958435 4960714 -
541 430 5130 + 3 4953077 4957933 -
541 5600 18463 + 6 2205839 2222843 +
542 2348 5401 + 6 2225122 2228298 +
542 6779 21080 + 5 4376172 4390890 -
543 86 5045 + 5 4370826 4376057 -
545 64 5176 + 1 1744606 1749394 -
545 16948 19612 + 6 2355718 2358349 +
546 558 5438 + 6 2358809 2364467 +
546 5452 19142 + 6 2561747 2576166 +
547 185 5451 + 6 2576420 2581826 +
547 6051 18989 + 2 4367904 4380859 +
548 136 4575 + 2 4381491 4385969 +
548 5473 19369 + 1 3371482 3386734 +
549 103 2303 + 1 3386817 3388998 +
549 5637 19722 + 1 2969780 2984984 -
550 431 5201 + 1 2964421 2969776 -
550 6257 20864 + 7 1988565 2004232 -
551 5549 19323 + 4 4023423 4070388 -
552 142 4318 + 4 4019199 4023422 -
552 5698 19836 + 4 2492512 2506987 +
553 5558 19462 + 6 2725481 2741795 +
554 593 5517 + 6 2741818 2746808 +
554 5770 18941 + 5 2099542 2112836 -
555 245 5269 + 5 2094279 2099384 -
555 5768 19582 + 7 3154860 3169517 +
556 6200 23871 + 4 2120578 2139038 -
557 5931 20800 + 4 1999113 2013768 -
558 5572 18348 + 1 3239916 3252811 +
559 369 4824 + 1 3253811 3257967 +
559 5582 18751 + 1 2942045 2955458 +
560 6456 16873 + 5 5822332 5833745 +
561 359 5445 + 5 5836270 5842313 +
561 5736 19719 + 3 514060 526790 +
562 1334 5241 + 3 526941 531065 +
562 6421 7992 + 7 257826 259447 +
562 10508 12025 + 7 314848 316363 +
563 60 4242 + 7 380140 384308 -
564 7104 17818 + 5 2779830 2787058 +
565 281 5018 + 5 2787838 2792594 +
565 6074 18379 + 1 6223725 6236345 -
566 5751 17507 + 7 1640807 1652540 -
567 166 5539 + 7 1634409 1639791 -
567 6123 19067 + 4 4334505 4347183 -
568 1069 4534 + 4 4328509 4334391 -
568 6068 17847 + 4 4825267 4837454 -
569 78 4449 + 4 4820364 4824990 -
570 271 5681 + 3 1526858 1531849 -
570 8992 10707 + 2 4177775 4179437 +
570 11801 16065 + 4 4135487 4139519 -
571 1663 5653 + 4 4128407 4132653 -
572 6657 16020 + 5 508851 516997 +
573 3036 5469 + 5 519337 521938 +
573 7427 10547 + 4 5144835 5147238 -
574 5787 14583 + 7 230624 240490 +
575 6283 22899 + 6 2397650 2414478 -
576 5752 16732 + 4 1630579 1641922 -
577 53 5747 + 4 1624205 1629830 -
577 6823 13942 + 5 5200969 5208340 +
578 676 5514 + 5 5213075 5217056 +
578 5772 17215 + 2 207619 219017 +
579 203 4582 + 2 219284 223919 +
580 6325 15544 + 4 4382962 4394594 +
581 417 5791 + 4 4395511 4400171 +
581 6133 16997 + 6 3176809 3187273 -
582 130 5385 + 6 3170862 3176424 -
582 5823 19070 + 3 2692603 2707125 +
583 5888 17223 + 5 323235 335032 +
584 14514 19793 + 4 832093 837371 +
585 2626 4768 + 4 840060 842202 +
585 7397 17546 + 6 325768 335888 -
586 5900 17039 + 7 1788537 1799714 +
587 246 5316 + 7 1800099 1805233 +
587 5934 17072 + 4 409336 421153 -
588 5872 17289 + 4 2829920 2841736 -
589 382 5871 + 4 2824253 2829784 -
589 6987 16935 + 7 215727 226384 +
590 3927 5846 + 7 228606 230494 +
590 6525 16789 + 2 2303048 2313723 +
591 209 2949 + 2 2314110 2317534 +
591 5909 19275 + 1 4765490 4779586 -
592 2501 5734 + 1 4762215 4765489 -
592 13828 16493 + 4 745386 748089 +
593 611 5596 + 4 748921 754112 +
593 9969 16905 + 7 4227874 4235066 -
594 247 5584 + 7 4222490 4227834 -
594 5935 16300 + 2 2784985 2795405 +
595 1111 5627 + 2 2796609 2801032 +
595 5987 17197 + 1 6578180 6589919 +
596 539 5913 + 1 6589920 6595374 +
596 5952 16586 + 3 1480075 1491034 -
597 106 5875 + 3 1472927 1479971 -
597 5962 16632 + 1 4403356 4413977 -
598 161 5939 + 1 4397483 4403224 -
598 6033 16737 + 2 189964 201235 +
599 703 5867 + 2 201748 207595 +
599 5985 15683 + 6 3319370 3329254 -
600 1254 5626 + 6 3313804 3318359 -
600 13212 19329 + 6 2316349 2321751 -
600 22270 32603 + 6 2302796 2313072 -
601 139 4028 + 6 2300127 2302753 -
601 6002 16506 + 5 435073 445832 -
602 252 5410 + 5 430683 434810 -
602 6081 16586 + 1 8063429 8074185 +
603 6307 16940 + 1 8478905 8489819 +
605 47 2318 + 4 4758853 4761183 -
605 7087 9817 + 1 9470034 9472753 +
605 11166 15872 + 1 9547918 9553025 -
606 761 4356 + 1 9543187 9546879 -
607 368 6048 + 4 4532974 4538825 +
608 14028 15610 + 6 426372 427939 -
609 205 2421 + 6 423785 426056 -
610 2027 6077 + 7 4189623 4193868 -
610 6093 15798 + 6 2286229 2296082 -
611 233 6090 + 6 2280732 2286228 -
611 6102 17138 + 1 4783846 4794285 -
612 6433 16972 + 3 3474805 3485843 +
613 1736 6087 + 3 3485918 3490383 +
613 6122 16876 + 1 3393099 3402499 -
614 1601 4546 + 1 3390079 3393089 -
614 6132 15372 + 5 1409204 1419798 +
615 476 5432 + 5 1420157 1424924 +
615 6631 14480 + 4 2519014 2527178 -
616 59 6127 + 4 2511822 2518204 -
617 6556 14059 + 3 550798 556640 +
618 3844 5596 + 3 560568 562503 +
618 6448 14378 + 3 1897400 1906004 -
619 633 6171 + 3 1890822 1896252 -
619 6438 17251 + 1 7694510 7706072 -
620 6192 15384 + 1 6673803 6683768 +
621 6266 18032 + 5 5028299 5040227 +
622 3063 4700 + 5 5040315 5041988 +
622 11003 13951 + 1 7122020 7125173 +
623 7491 15579 + 4 1201931 1209800 +
624 6289 16075 + 6 733617 744034 -
625 1478 5765 + 6 729390 733481 -
625 6242 14594 + 7 3947476 3953226 -
626 237 5807 + 7 3941757 3947152 -
626 6252 13664 + 6 3331503 3343367 +
627 311 6251 + 6 3344377 3350554 +
627 6300 11510 + 1 9415978 9421441 +
628 67 1112 + 1 9431569 9432786 -
628 6396 14030 + 5 5874165 5882201 -
629 6695 14178 + 3 3831215 3838752 -
630 84 5089 + 3 3825670 3830997 -
630 6878 15084 + 4 2397004 2405377 -
631 2485 5930 + 4 2387329 2395237 -
631 6580 14336 + 6 2521756 2529654 -
632 250 6288 + 6 2515754 2521741 -
632 6312 13473 + 2 3155149 3162777 +
633 570 6304 + 2 3163919 3170426 +
633 6530 14131 + 7 1492312 1499921 +
634 78 5205 + 7 1499970 1505674 +
634 6395 13254 + 1 7912293 7919801 +
635 514 5682 + 1 7921097 7926455 +
635 6382 13546 + 6 1524951 1532220 -
636 1495 6027 + 6 1518574 1523102 -
636 6810 13999 + 5 3250840 3258039 +
637 484 6194 + 5 3258209 3264197 +
637 10239 13838 + 5 422736 426277 -
638 43 6235 + 5 415926 422678 -
638 6681 13784 + 3 4514209 4521628 -
639 168 6347 + 3 4507430 4513968 -
641 282 6141 + 1 7280684 7285165 +
641 6403 13640 + 1 6564624 6572012 +
642 826 6401 + 1 6572725 6578144 +
642 6412 11686 + 1 5846201 5851700 +
643 7020 9466 + 6 456889 458986 +
644 7078 14479 + 6 714978 722475 +
645 3841 6059 + 6 726029 728419 +
646 6452 13107 + 3 2363956 2370873 +
647 85 6431 + 3 2371379 2377445 +
647 6716 13572 + 6 1510657 1518321 -
648 90 6252 + 6 1504175 1510589 -
648 6472 11842 + 1 7114114 7118351 -
649 350 6471 + 1 7104792 7112084 -
649 6518 14492 + 1 3357089 3365332 +
650 1061 6481 + 1 3365333 3371457 +
650 6492 13689 + 4 4374948 4382283 -
651 290 3187 + 4 4371717 4374930 -
652 1268 2408 + 4 5158044 5159286 -
653 141 6233 + 7 3141597 3147860 -
653 7336 12937 + 7 207914 213698 -
654 56 3029 + 7 204452 207533 -
654 6547 13176 + 2 3146836 3152872 -
655 372 6531 + 2 3139797 3146021 -
655 8008 12657 + 3 4306604 4309629 +
656 420 6541 + 3 4310572 4317380 +
656 7279 12930 + 1 6557857 6563585 -
657 1506 6510 + 1 6550641 6556195 -
657 6562 13327 + 1 6537087 6543656 +
658 433 6561 + 1 6543841 6549913 +
658 6740 13143 + 4 3880988 3888104 +
661 6602 12734 + 3 4409875 4416857 +
662 238 6510 + 3 4417410 4423748 +
663 209 5286 + 5 5964863 5970043 +
663 6649 12697 + 2 232138 238208 -
664 57 5701 + 2 225742 231815 -
665 6923 12654 + 2 264756 272365 -
666 3172 5989 + 2 256331 259306 -
666 6653 12704 + 6 2754253 2760902 +
667 1183 3377 + 6 2767399 2769572 +
667 6913 12450 + 1 9398308 9404055 +
668 65 6651 + 1 9404461 9412274 +
669 179 6626 + 5 2343133 2349907 +
669 6682 13914 + 5 3954480 3961864 +
671 340 6651 + 5 3942678 3949061 -
671 8253 10905 + 4 739393 741995 +
672 4570 6365 + 4 755042 757138 -
674 233 6681 + 5 4394656 4401543 +
674 6732 12848 + 7 774231 780613 +
675 484 5451 + 7 780776 785764 +
675 6787 12500 + 1 8710740 8716488 -
676 7250 12806 + 2 3405046 3410614 +
677 411 6649 + 2 3410624 3417206 +
677 7377 12344 + 3 3878984 3884022 -
678 94 6711 + 3 3872121 3878877 -
678 7091 12300 + 4 5259074 5263695 +
679 65 5223 + 4 5263822 5269313 +
679 6782 12285 + 6 858692 864320 -
680 1942 6780 + 6 852681 858096 -
680 8252 12322 + 3 109861 113955 +
681 355 3844 + 3 114317 118186 +
681 6802 12053 + 1 9252408 9257270 +
682 183 6748 + 1 9257644 9264247 +
682 6908 12157 + 5 2044405 2049787 -
683 6 6811 + 5 2038052 2044340 -
684 2271 6053 + 1 5050141 5054057 +
684 8040 12839 + 6 398453 403316 +
685 893 5938 + 6 403566 408850 +
685 7161 11320 + 5 6321927 6326025 -
686 1945 6601 + 5 6314365 6319128 -
686 6888 11614 + 5 522235 527011 +
687 1875 6373 + 5 555772 559436 -
687 7043 12473 + 4 4853087 4859609 -
688 428 6860 + 4 4848027 4852980 -
688 6928 10935 + 4 478095 482182 -
689 6883 11522 + 7 364848 369449 -
690 933 5721 + 7 358629 363681 -
691 665 6449 + 1 6851610 6857960 +
691 7698 11831 + 5 405780 410001 +
692 1969 6593 + 5 410705 415552 +
692 7664 11990 + 4 5903704 5908057 -
693 218 6519 + 4 5894900 5903531 -
693 11142 12913 + 7 3806863 3808637 +
694 1028 6170 + 7 3808689 3814236 +
695 63 6892 + 5 1283906 1290726 +
695 6942 11716 + 3 2358399 2363730 -
696 185 6520 + 3 2351444 2357961 -
698 731 6945 + 1 846593 852244 +
698 7005 12559 + 1 5579101 5584654 -
699 684 6971 + 1 5572382 5579100 -
699 6991 12265 + 1 1644718 1651388 -
700 402 6980 + 1 1637918 1644717 -
701 66 6980 + 2 4202316 4212828 -
702 1893 6563 + 3 3947616 3952660 +
702 7088 11624 + 4 2848876 2852474 -
704 222 3881 + 6 583657 587398 +
705 7047 10561 + 7 498109 501635 -
706 48 6895 + 7 489969 497171 -
706 7052 11749 + 7 2867611 2872384 +
707 417 6880 + 7 2872463 2879947 +
707 7062 11059 + 6 3248581 3252718 -
708 62 6780 + 6 3237007 3248231 -
708 8377 10650 + 2 1370770 1372873 -
709 1273 4557 + 2 1366431 1369690 -
709 7085 11224 + 1 4356941 4361189 +
710 1775 7081 + 1 4363038 4368419 +
710 7122 11292 + 2 2807968 2812208 -
711 169 6818 + 2 2801704 2807937 -
711 7196 11851 + 6 2392662 2397132 -
712 1384 7101 + 6 2385461 2391974 -
712 7831 11392 + 3 169043 172747 +
713 2754 7078 + 3 193343 197698 -
714 2259 7021 + 4 112030 144752 +
714 7179 10855 + 1 5584690 5588375 +
715 93 6952 + 1 5588562 5595771 +
717 7162 10657 + 4 2054293 2057838 -
718 17 2653 + 4 2051397 2054139 -
718 3303 6947 + 4 2014358 2018032 -
720 251 4824 + 4 2483853 2488533 -
720 7192 10625 + 5 2725121 2728862 +
721 547 7159 + 5 2729462 2736483 +
722 187 4323 + 7 3775800 3779714 -
722 6131 7192 + 7 3783731 3784875 +
723 948 7103 + 1 4417499 4423742 +
724 457 6632 + 7 3815805 3822224 -
725 706 7230 + 2 3988065 3995331 +
725 7252 10523 + 1 2487232 2490581 +
726 27 6967 + 1 2490617 2496852 +
726 7252 9689 + 5 2026945 2029649 +
727 197 7240 + 5 2030670 2037982 +
727 7262 10598 + 4 1088120 1091438 +
728 1215 6778 + 4 1091573 1096334 +
728 7352 9445 + 3 3870041 3872093 -
729 147 7090 + 3 3861796 3868962 -
729 7282 8407 + 5 4473218 4474344 -
730 442 7280 + 5 4432939 4439901 -
730 7412 10264 + 2 4313555 4316454 +
731 45 6931 + 2 4316491 4324265 +
732 7312 10242 + 5 4762940 4765894 +
733 352 7311 + 5 4766274 4773502 +
734 54 7321 + 7 1906166 1912449 -
734 7607 10058 + 3 2340776 2343286 +
735 589 7331 + 3 2344041 2350985 +
736 145 6568 + 2 1858692 1865087 -
738 1430 7310 + 6 2375478 2381277 -
739 501 6014 + 1 9477771 9517044 +
739 7457 9973 + 6 2427707 2430421 -
740 95 6940 + 6 2420761 2427579 -
740 7519 9957 + 3 2053818 2056256 +
741 378 7335 + 3 2056676 2063741 +
742 7690 9430 + 2 3995719 3997634 +
743 178 7411 + 2 3998415 4006071 +
744 807 7370 + 5 3177794 3184607 +
744 7488 10033 + 2 238333 240986 +
745 345 7430 + 2 241043 248420 +
745 7442 9785 + 5 4430523 4432935 -
746 114 7349 + 5 4423398 4430460 -
747 3284 6113 + 4 4839141 4842268 -
747 8052 19820 + 1 9656006 9667779 -
750 621 7409 + 1 4952024 4958620 +
750 7513 9379 + 2 833382 835423 -
751 96 7439 + 2 825649 833324 -
753 7522 10404 + 2 3557099 3559904 -
754 1107 3944 + 2 3554080 3557093 -
755 105 7459 + 5 4653977 4661559 -
756 86 7277 + 3 4424103 4431617 -
757 1093 7504 + 7 369494 375956 -
758 68 7561 + 1 2864630 2871971 +
759 857 7551 + 7 1805783 1813097 -
760 7592 8891 + 1 8940464 8941772 +
761 318 7055 + 1 8942312 8949373 +
764 180 7621 + 7 3732463 3739752 -
765 881 7496 + 7 3086791 3093707 -
767 51 3130 + 2 252075 255109 -
768 890 5628 + 4 2019833 2024553 +
770 196 7438 + 1 7595066 7602544 +
771 697 4682 + 2 3582874 3586869 -
774 1340 6545 + 1 7928070 7933510 -
774 7732 13937 + 8 93367 99569 +
779 329 4922 + 6 2530369 2535085 -
781 74 7765 + 1 9105436 9113477 +
783 305 3513 + 2 2406777 2410062 -
784 1392 7821 + 1 9094878 9101769 -
786 905 7841 + 1 2933449 2940862 -
787 137 7679 + 3 3466461 3474168 -
788 480 2940 + 6 2747706 2750154 +
790 195 7813 + 1 4941027 4949303 +
791 572 4032 + 7 322218 325755 -
792 637 6359 + 4 5806232 5812196 +
793 191 7901 + 3 2847653 2855771 +
795 737 6444 + 4 3610701 3616272 -
796 143 7657 + 3 3244407 3253002 +
797 2400 7233 + 7 4121138 4126380 -
798 104 7831 + 4 4538973 4547778 -
802 3917 5614 + 3 189673 191384 +
802 6548 7738 + 3 179217 180419 -
803 362 7618 + 1 7097545 7104416 +
806 443 7654 + 5 1425555 1438244 +
808 629 7807 + 6 3752198 3759672 -
809 656 6747 + 4 3525403 3531638 -
810 1443 6747 + 2 769084 774144 +
811 625 6326 + 5 3995831 4001817 -
812 753 7104 + 6 3353555 3359792 -
813 868 7830 + 6 2368134 2375281 -
816 822 4801 + 7 2962416 2966360 +
817 2029 7224 + 5 446722 451973 -
819 1156 6946 + 1 3349722 3355663 +
821 2160 6616 + 5 2640282 2644661 -
823 1924 4572 + 5 5959996 5962998 +
826 1764 3368 + 4 5883144 5884940 +
827 1650 7113 + 1 3061237 3070025 +
833 1674 6445 + 5 4100826 4105777 -
834 48 1615 + 5 4098848 4100580 -
836 151 1862 + 2 4171452 4173259 +
836 1875 6349 + 3 1144257 1148739 -
837 61 1891 + 3 1141930 1144095 -
838 1993 6305 + 4 5161752 5166155 -
839 280 2055 + 4 5159563 5161462 -
839 2204 6163 + 1 5837483 5841460 +
840 32 1984 + 1 5841645 5843587 +
841 2107 7392 + 4 2057954 2063371 +
843 3364 6865 + 1 2429146 2432627 +
844 758 1875 + 1 2432759 2433964 +
844 2417 6298 + 6 1160297 1165510 -
845 99 2108 + 6 1157858 1160272 -
845 2215 5585 + 2 3559916 3563523 +
847 2258 7432 + 3 1884889 1890700 -
849 3552 7030 + 1 3730789 3734283 +
855 2729 7183 + 4 2405952 2410204 +
858 3706 6148 + 1 1741224 1743671 -
859 3098 5795 + 1 4651436 4654329 -
860 232 2859 + 1 4648631 4651293 -
860 4303 6611 + 6 2416247 2418659 +
861 956 2893 + 6 2418696 2420694 +
864 3556 5386 + 3 3732050 3734010 -
865 116 2211 + 3 3729663 3731778 -
866 160 3093 + 2 415791 418977 -
866 3109 4780 + 6 3359916 3361538 +
867 302 2524 + 6 3362626 3364805 +
867 3400 4787 + 4 584458 585802 +
870 3281 5374 + 1 3407865 3410113 -
871 319 2874 + 1 3404821 3407501 -
872 122 2952 + 7 2005389 2008324 -
872 3280 5691 + 1 2696388 2698753 +
873 271 2744 + 1 2698754 2701241 +
874 1280 3007 + 6 2822585 2824258 +
875 347 3301 + 1 9210657 9213639 +
875 3444 4598 + 3 4685911 4687228 -
876 431 2195 + 3 4680625 4682347 -
880 3693 6213 + 2 1571467 1573972 +
881 3655 6930 + 6 1964071 1967336 -
883 2008 3242 + 2 4469286 4470524 +
886 1040 3350 + 1 3206838 3209123 +
888 19 3760 + 1 9161428 9177391 -
889 3856 4985 + 2 3323008 3324130 +
890 350 2412 + 2 3324692 3326774 +
896 36 3390 + 4 3654398 3657766 +
898 123 3999 + 2 2690451 2694564 +
901 919 3871 + 1 4392740 4395729 -
905 1113 3061 + 2 2580682 2582621 -
907 1296 4303 + 3 2742863 2745772 +
911 615 2766 + 1 9245401 9247728 -
919 57 4551 + 3 2777896 2782325 -
920 123 4614 + 5 738266 743436 +
921 2484 4374 + 7 353596 355584 +
922 168 4226 + 5 5631081 5635227 +
924 239 4484 + 7 1915319 1919862 +
925 334 4310 + 1 9465142 9469224 +
926 598 3972 + 7 467656 471228 +
935 949 4293 + 3 5052976 5056186 -
937 839 4614 + 5 733812 737658 +
939 1143 4307 + 4 3875612 3879008 +
942 1613 4300 + 5 5883010 5885736 +
943 2069 4112 + 3 2775222 2776618 +
945 1763 4254 + 1 8080983 8083471 +
948 1291 3120 + 4 421202 422906 +
954 2345 4155 + 1 8495032 8496083 +
955 1796 4070 + 5 3565466 3567847 -
956 181 1261 + 5 3564245 3565323 -
958 2864 3964 + 7 2416355 2417455 +
960 1871 4036 + 6 2366039 2367527 -
962 2499 3964 + 5 5818942 5820400 -
963 307 1706 + 5 5817193 5818673 -
963 2384 4722 + 7 1212530 1214872 -
973 2504 4128 + 3 3170509 3172145 -
974 597 2086 + 3 3168858 3170229 -
986 2938 5094 + 1 2960749 2962880 +
993 270 1777 + 5 6254152 6255662 +
996 210 1948 + 1 3346942 3348825 +
1011 357 2964 + 1 9249394 9252219 +
1016 922 2804 + 5 489557 491427 -
1017 610 3320 + 1 9205367 9208565 +
1019 123 3374 + 1 9412344 9415931 +
1049 171 1233 + 6 1500706 1501729 -
1062 1723 3813 + 1 7886760 7888906 +
1072 270 1941 + 1 5221620 5223304 -
1096 372 2567 + 4 2412065 2414429 +
1103 549 2783 + 7 1174630 1177030 +
1113 1235 2603 + 4 5271551 5272922 +
1118 1664 2788 + 7 2325120 2326251 -
1139 514 1601 + 6 847013 848077 -
1167 811 2283 + 4 4206502 4207918 +
1205 121 1739 + 4 1538989 1540601 -
1210 4 1988 + 3 1038536 1040531 -
1224 714 1869 + 6 3329271 3330476 +
1259 111 1847 + 2 3591971 3593840 +
1343 156 1399 + 5 4686405 4687681 -
1411 913 2126 + 3 3908421 3909680 -
1433 302 1352 + 6 1134300 1135347 +
