1 2 155837 + 3 1526922 1683365 +
2 8568 147243 + 1 9570891 9705559 -
3 939 133658 + 1 8777795 8902983 +
4 105 12811 + 6 1340468 1353287 -
4 16135 26490 + 6 1318831 1328734 +
4 31010 105575 + 6 1247758 1314720 -
4 106899 113593 + 6 1239280 1245940 +
4 116849 135203 + 6 1218020 1236036 -
5 42 131891 + 2 341670 484652 -
6 101 124625 + 7 2483306 2616705 -
7 62 117820 + 5 3552514 3671286 -
8 438 89175 + 6 9137 94494 +
8 91245 93796 + 6 101361 104061 -
8 101916 111324 + 6 120903 130388 +
9 82 36689 + 1 9154371 9203440 -
9 40059 44415 + 1 9227732 9232103 +
9 46329 54965 + 1 9234191 9242613 -
9 57233 67518 + 1 9245819 9256269 +
9 69071 76450 + 1 9256554 9263606 -
9 77838 109998 + 1 9118202 9151199 -
10 1342 2651 + 4 4328511 4329844 -
10 7127 11717 + 4 4325919 4327572 +
10 12219 75779 + 4 4243318 4323560 -
10 81298 83798 + 4 1267375 1270280 +
10 84025 85678 + 4 4228526 4230123 -
10 89687 102387 + 4 4214441 4227805 +
10 105560 106906 + 4 4209325 4211989 +
11 163 108285 + 4 2260121 2414433 -
12 114 107724 + 3 3758470 3857925 +
13 320 104429 + 4 4672022 4767438 +
14 132 102485 + 2 2394627 2494630 +
15 142 76329 + 3 1168755 1246357 +
15 77000 79408 + 3 1247051 1249450 -
15 79908 99828 + 3 1249752 1291857 +
16 969 11267 + 4 213027 223517 +
16 20011 24193 + 3 5185027 5189164 -
16 27285 61695 + 3 5147604 5183075 +
16 63671 68875 + 3 5130160 5133056 +
16 69709 79214 + 3 5134230 5143366 -
16 83521 84857 + 3 5144985 5146424 +
16 88897 92560 + 3 5124327 5128073 +
16 93893 111572 + 3 5107191 5122924 -
17 219 26760 + 3 1986718 2013319 -
17 27730 51782 + 3 2018252 2042619 +
17 53171 66004 + 3 2043520 2056621 -
17 67470 93861 + 3 2057989 2078840 +
18 11538 92697 + 1 2182091 2253442 -
19 182 10699 + 2 3861327 3871705 +
19 16554 52239 + 2 3873000 3949616 -
19 53728 92540 + 2 3950936 3988113 +
20 192 92222 + 5 2786282 2874336 +
21 16638 90717 + 2 2598011 2654626 +
22 279 90247 + 4 2121025 2210743 -
23 325 88797 + 5 4540417 4621573 +
24 232 78875 + 5 2704447 2782638 +
25 307 80800 + 1 7845059 7925422 -
26 269 84224 + 1 2735711 2818951 +
27 262 82685 + 4 5533524 5617722 -
28 5650 83434 + 7 2643653 2717108 +
29 5747 24526 + 3 9289 29004 +
29 26437 30262 + 3 29426 31722 -
29 31572 74591 + 3 33439 85046 +
29 75733 81150 + 3 91146 98649 -
30 319 80646 + 3 3374727 3457396 +
31 302 82797 + 5 3206993 3278462 +
32 312 82435 + 6 2460527 2518222 -
33 326 82343 + 1 4851453 4939923 +
34 1269 78638 + 1 3537150 3734680 +
35 536 79555 + 1 1291049 1374471 -
36 2760 79446 + 5 270781 337699 -
37 362 78957 + 1 5055172 5138775 -
38 1652 78386 + 1 7138694 7212869 -
39 1023 41055 + 3 4477890 4515347 +
39 47633 51136 + 3 4518782 4522426 -
39 55732 59757 + 3 4525940 4534561 +
39 67129 76826 + 3 4571383 4578043 -
40 3851 60976 + 5 481966 545910 -
40 66906 96342 + 5 798064 826775 +
41 402 88522 + 1 8209634 8351176 -
42 4242 74539 + 5 5238220 5303898 +
43 844 24131 + 4 5169130 5192944 -
43 25300 65092 + 4 5196320 5275217 +
43 66912 110492 + 4 5101372 5141920 -
44 436 16661 + 1 3283207 3295426 +
44 17068 18488 + 1 2403088 2404485 -
44 19657 71581 + 1 3297309 3333950 +
45 447 51174 + 1 5155648 5206244 -
46 452 10700 + 6 3184260 3194529 +
46 14743 66863 + 6 3099583 3149837 -
47 779 70376 + 2 2837656 2928493 -
48 2193 21011 + 6 3267520 3287050 +
48 23933 39750 + 6 3288772 3300423 -
48 45839 70599 + 6 3305181 3329354 +
49 482 70317 + 5 5744980 5816486 +
50 564 67643 + 3 190971 248945 +
51 732 70153 + 1 5583956 5649408 +
52 663 69094 + 4 1586164 1652423 +
53 1471 61927 + 7 1398 58193 -
54 10251 21685 + 6 398587 410000 +
54 23448 46902 + 6 227695 248631 +
54 50876 53369 + 6 249132 251876 -
54 56350 76787 + 6 258351 287451 +
55 542 61064 + 4 32302 97824 -
56 685 68143 + 1 5389457 5459520 +
57 23239 28024 + 7 4120973 4125883 -
57 34840 44460 + 7 4106396 4116397 +
57 48412 86563 + 7 4043351 4077596 +
58 617 21131 + 2 625844 648823 +
58 37487 66394 + 2 660880 694281 -
59 648 8778 + 1 4817469 4825912 +
59 42018 66548 + 1 4825968 4850904 +
59 34421 36171 + 2 1993820 1995567 -
60 1902 5929 + 2 3583181 3587276 -
60 22056 44124 + 2 4065186 4085056 -
60 54695 64749 + 2 4086047 4097536 +
61 635 9863 + 2 616285 625843 -
61 12399 25932 + 2 597233 612985 +
61 30976 61757 + 2 570950 592114 -
62 3576 66336 + 1 6267289 6361494 +
63 788 65667 + 6 2092718 2153624 -
64 632 51698 + 1 62162 132911 +
65 877 37371 + 6 601521 639033 -
65 45629 62146 + 6 663956 680583 +
66 708 62921 + 4 1123902 1233156 -
67 3832 100655 + 6 1427922 1521453 +
68 674 53688 + 2 3098994 3153040 -
68 55658 63744 + 2 3085212 3093458 +
69 2863 5881 + 5 6023330 6028306 -
69 11182 12709 + 5 5978536 5980086 +
69 14209 47166 + 5 5939822 5969883 -
69 50343 64492 + 5 5874163 5887841 +
70 11562 64877 + 3 606310 661400 -
71 2272 64708 + 1 7995444 8057411 -
72 712 64529 + 5 3883895 3971858 -
73 4587 17144 + 6 213645 226401 +
73 19724 64823 + 6 302981 349836 -
74 733 63940 + 3 3304870 3362479 +
75 2878 31980 + 6 2286229 2312943 +
75 38457 63707 + 6 2316349 2340451 +
76 752 33832 + 1 2955161 2985208 +
76 34943 48221 + 1 2986540 3000080 -
76 48593 50380 + 1 3001040 3002833 -
76 51032 61968 + 1 3003214 3014178 +
77 881 5746 + 7 2962381 2966423 +
77 9549 13051 + 7 2968753 2972174 -
77 14543 17243 + 7 2974134 2976518 +
77 19272 31543 + 7 2977755 2990201 -
77 57812 63443 + 7 2992162 2997641 +
78 3306 63155 + 5 2558016 2649541 +
79 782 36590 + 5 1645438 1679874 +
79 41943 49684 + 5 1681401 1689094 -
79 58400 62492 + 5 1711783 1716195 +
80 880 80987 + 5 5527188 5591577 -
81 5400 14070 + 3 518871 527717 +
81 16273 20505 + 3 469691 473851 +
81 22427 26644 + 3 487499 492826 +
81 29302 45009 + 3 455066 467761 -
82 932 28798 + 6 501099 532133 +
82 29660 47845 + 6 473103 487065 -
84 881 61856 + 3 3925525 3987150 +
85 2090 61319 + 4 1440933 1538662 +
86 852 61067 + 1 4694317 4742260 -
87 951 24222 + 2 3560077 3577781 +
87 27310 37551 + 2 4053769 4064413 +
87 42848 46426 + 2 4048234 4051676 -
87 48898 50058 + 2 4045050 4046209 +
88 872 60560 + 1 1169045 1245051 -
89 3966 20369 + 7 394421 410325 -
89 23151 26697 + 7 435517 438772 +
89 28641 38871 + 7 440349 450767 -
89 43252 48175 + 7 453138 458454 -
89 49573 50870 + 7 460302 461626 +
89 51549 60668 + 2 2086410 2095524 -
90 3112 58558 + 1 1520 60090 -
91 5742 11598 + 3 5190369 5195569 +
91 13258 18914 + 3 5196651 5202271 -
91 20229 59853 + 3 5204103 5246372 +
92 1390 12150 + 2 1807503 1817658 +
92 14360 33755 + 2 1818320 1832481 -
92 38750 52236 + 2 1836880 1850736 +
93 1567 58134 + 3 2284887 2347086 -
94 938 59341 + 3 3219957 3277697 +
95 1150 58699 + 1 3057378 3091447 -
96 1045 58958 + 1 1582350 1638320 -
97 2480 58832 + 1 7765256 7817200 -
98 12340 57678 + 1 9379732 9424336 -
99 1395 59132 + 1 7023805 7077861 +
100 992 59659 + 2 2551580 2590638 +
101 1257 48690 + 2 4213406 4269264 -
101 50747 58551 + 2 4181542 4188951 +
102 1013 58760 + 1 3466810 3529888 +
103 1938 117255 + 7 3315870 3464166 +
104 1033 75707 + 1 2557553 2624355 -
105 12704 57443 + 1 5694244 5777198 -
106 1053 36420 + 3 4889780 4925150 +
106 40320 49061 + 3 4869375 4876474 -
107 1062 94380 + 4 3032100 3149861 -
108 8374 35008 + 5 1743746 1783743 -
108 35824 55957 + 5 1799304 1818949 +
109 1635 57038 + 2 796466 849573 +
110 1295 47981 + 7 2843036 2878384 +
111 4657 54253 + 3 550852 602504 -
112 9350 57079 + 6 3667901 3708509 +
113 1406 5180 + 3 86211 90137 -
113 6818 10513 + 3 99119 103535 +
113 14282 19025 + 3 104239 108723 -
113 19489 46295 + 3 109861 155589 +
114 1673 52655 + 4 271022 319803 +
115 1154 23824 + 7 231934 256199 +
115 28174 50403 + 7 264826 305478 -
115 52421 53895 + 7 312456 313998 -
115 54492 56047 + 7 257826 259447 +
115 59532 61817 + 7 314366 316497 +
116 1203 55861 + 5 4916788 4965309 +
117 1256 52519 + 7 2051229 2134902 +
118 1172 22689 + 4 1657758 1674759 +
118 23747 38596 + 4 1675566 1688699 -
118 46110 52475 + 4 1692073 1700364 -
118 59003 61685 + 5 5019379 5022110 -
119 1182 55108 + 4 4525736 4579352 -
120 1300 32660 + 7 2735041 2765505 +
120 37578 55115 + 7 2766236 2784875 +
120 34101 37510 + 2 1066463 1069017 -
121 1203 54340 + 6 726241 778079 -
122 1459 4437 + 6 575381 578359 -
122 5065 20907 + 6 553949 574442 +
122 21672 41652 + 6 534273 553548 -
122 44677 54068 + 6 489299 499147 +
123 1222 55141 + 4 2797523 2851175 -
124 1232 55096 + 1 4550127 4603944 +
125 1242 86361 + 1 765284 848919 -
126 2124 16767 + 1 2367518 2381664 +
126 16900 53989 + 1 2404581 2441164 +
127 1399 91297 + 5 3800609 3882043 +
128 252 1261 + 5 3882106 3883233 +
128 1703 53432 + 4 3430308 3482128 +
129 1919 53747 + 5 829576 884633 -
130 1632 16776 + 1 9013873 9029583 -
130 20284 53250 + 1 9043045 9077849 -
131 1921 53228 + 3 2179379 2282528 -
132 9695 51361 + 2 4324088 4380213 +
133 1322 59262 + 5 4824171 4872870 +
134 209 1266 + 5 4872922 4873977 +
134 1332 51124 + 2 3257925 3296064 -
135 1342 9520 + 3 2013372 2017689 +
135 11340 51131 + 3 1942131 1984445 -
136 1527 50780 + 3 1039760 1107710 -
137 1378 50610 + 4 2690679 2763325 +
138 1764 57823 + 4 2579256 2639290 +
139 75 1286 + 4 2639502 2640718 +
139 1587 74748 + 1 1906429 1973528 +
140 1392 50518 + 7 2010964 2051160 -
141 1522 50683 + 6 1522029 1572373 +
142 1412 50344 + 1 3404243 3452914 -
143 1422 50373 + 2 1672768 1745182 -
144 1432 49915 + 5 33812 75448 +
145 1442 50907 + 6 3957433 4003919 -
145 51832 62449 + 6 3947148 3956892 +
145 66775 80973 + 6 3928287 3942644 -
146 1452 50241 + 5 5140234 5188153 +
147 124 1188 + 5 5188278 5189751 +
147 1656 42562 + 2 768958 795923 -
148 1492 48130 + 4 2449371 2490818 -
148 48932 50032 + 4 2426604 2427727 +
149 2194 49513 + 1 4422501 4471519 +
150 1492 50807 + 4 2493092 2542952 +
151 1578 15582 + 7 3219198 3233438 -
151 19953 37089 + 7 3201401 3218740 +
151 37658 50943 + 7 3186550 3199727 -
152 1634 33333 + 2 1415841 1454260 +
153 1522 49225 + 1 3170762 3218439 -
154 142 1397 + 1 3169058 3170404 -
154 8242 49292 + 4 3284120 3330912 -
155 1542 49651 + 5 2177966 2225419 +
156 359 1541 + 5 2225435 2226627 +
156 1608 37174 + 1 8132931 8165337 -
156 38329 43753 + 1 8477624 8483196 -
156 45919 49426 + 1 8485411 8488918 +
158 293 1561 + 4 2258836 2260115 +
158 1766 47238 + 2 158647 201815 +
159 1740 43612 + 7 1693591 1729232 +
160 1620 29138 + 5 1888852 1916410 +
160 30596 48418 + 7 2879702 2896733 -
161 1602 47914 + 7 642467 690112 -
162 209 1599 + 7 640559 641906 -
162 10588 55209 + 7 1242654 1294762 +
163 1942 23084 + 7 3751047 3774039 +
163 25575 30923 + 7 3775809 3781047 -
163 34547 48373 + 7 3783815 3797353 +
164 1757 46678 + 3 1770867 1813152 +
165 1768 47782 + 4 2640738 2688698 +
166 1660 13924 + 2 906593 919384 +
166 15670 44874 + 2 921457 952086 -
166 46073 47987 + 2 953103 955057 +
167 1834 34296 + 6 3151954 3183910 -
167 39153 47979 + 6 3204117 3211368 -
168 1850 10234 + 4 4146838 4154782 -
168 11497 47102 + 4 4156867 4202223 +
169 1747 48078 + 2 4411237 4449517 +
170 2101 47528 + 3 1845895 1881807 +
171 522 1632 + 3 1882621 1883855 +
171 1895 49288 + 6 973331 1020906 +
172 1712 23381 + 6 1989141 2010964 -
172 24544 32966 + 6 1977845 1986342 +
172 34362 47248 + 6 1964080 1977164 -
173 12 1709 + 6 1962005 1963738 -
173 1769 47386 + 5 680904 720724 -
174 50154 56955 + 2 3743210 3750401 +
174 1823 48816 + 4 2904776 2945532 -
174 231 1718 + 5 679388 680670 -
175 220 1731 + 2 3750445 3751995 +
175 1742 22903 + 3 1431415 1453486 -
175 23675 35631 + 3 1416039 1428399 +
175 38600 56941 + 3 1397109 1415213 -
176 180 1739 + 3 1395330 1396904 -
176 1752 15887 + 1 345288 361474 +
176 16670 20508 + 1 365060 369182 -
176 35044 46885 + 1 378277 391929 +
177 1786 5487 + 7 3569654 3573154 -
177 7074 47335 + 7 3600416 3633307 +
178 1773 47018 + 5 4259530 4303792 +
179 1782 47461 + 5 4966002 5010165 +
180 1792 79301 + 1 2859936 2934658 +
181 1802 46737 + 4 1793843 1837335 -
182 285 1714 + 4 1792015 1793550 -
182 1812 88003 + 5 3086741 3173652 +
183 1948 47151 + 1 9465141 9544432 +
184 2613 46916 + 5 6331915 6376115 +
185 7048 45124 + 4 3619672 3651098 -
186 7757 42501 + 6 1106541 1139482 +
187 404 1630 + 6 1141214 1142641 +
187 1862 44581 + 3 965883 1003586 -
188 1872 45899 + 1 5317020 5377722 -
189 209 1820 + 1 5315124 5316744 -
189 1882 16258 + 1 577070 590001 +
189 33236 38203 + 1 638624 643395 -
189 39120 40361 + 1 636884 637951 +
189 40584 45958 + 1 630687 636208 -
190 38 1715 + 1 628946 630678 -
190 1892 45920 + 3 3989689 4033360 -
191 64 1871 + 3 3987855 3989688 -
191 12504 46106 + 1 6188854 6218424 +
192 488 1901 + 1 6219418 6220825 +
192 2710 70336 + 2 2097984 2209472 -
193 4274 19264 + 4 5645150 5660657 -
193 20304 22243 + 4 5794103 5796063 -
193 22676 41313 + 4 5796587 5812022 +
194 2478 43530 + 1 8961854 9010062 +
195 3723 17154 + 2 3485477 3508434 +
195 19574 44840 + 2 873548 904417 +
196 22351 47969 + 3 3004787 3030622 -
197 1962 44735 + 4 3211617 3254991 +
198 2548 44570 + 7 2905532 2960248 +
199 316 1741 + 7 2960551 2962078 +
199 1989 43917 + 5 5320682 5364546 +
200 167 1981 + 5 5365173 5366843 +
200 5501 26364 + 7 4174651 4196339 -
200 28256 32282 + 7 4168434 4172454 +
200 33976 44497 + 7 4157527 4167881 -
201 2002 44205 + 5 2650316 2691839 +
202 103 2001 + 5 2692096 2694094 +
202 28918 44181 + 1 925154 939177 +
203 25 2006 + 1 939337 942143 +
203 2797 45551 + 5 3006531 3049656 -
204 5781 46813 + 5 1953850 1995078 +
205 7864 42679 + 5 216996 252050 +
206 2081 33069 + 4 5817881 5847138 +
207 285 1894 + 4 5883152 5886322 -
207 2188 10976 + 7 3952077 3960847 +
207 12407 21620 + 7 3962296 3971957 -
207 29237 42213 + 7 3975258 3987119 +
208 2072 43954 + 1 6909025 6950058 +
209 287 2071 + 1 6950453 6952260 +
209 37034 46793 + 5 2109297 2118840 +
209 48873 76890 + 5 2119710 2146316 -
210 2092 44172 + 5 4642412 4685662 +
211 361 2091 + 5 4685701 4687472 +
211 2272 42452 + 2 1576474 1616226 +
212 421 1761 + 2 1617187 1618543 +
212 2171 43163 + 1 5913824 6001438 +
213 652 2032 + 1 6002563 6004035 +
213 2144 44623 + 2 1861458 1905426 -
214 2199 19652 + 1 5869374 5886738 -
214 21770 39755 + 1 8432594 8450516 -
215 6887 9166 + 2 4272637 4274953 +
215 10042 42833 + 2 4279711 4310653 -
216 2152 43085 + 3 4433440 4475956 +
217 195 1589 + 3 4476175 4477469 +
217 4404 41407 + 7 410952 432082 -
218 2461 10208 + 1 7586389 7594786 -
218 10627 16349 + 1 7580372 7586104 +
218 17006 70496 + 1 7547186 7579961 -
218 71160 92043 + 1 7521765 7543258 +
219 19454 43248 + 5 6258395 6280457 -
220 471 1869 + 5 6256909 6258320 -
220 2192 42818 + 6 865995 908446 +
221 394 2074 + 6 908892 910662 +
221 2203 45026 + 5 4730129 4773454 +
222 2217 43213 + 1 4147157 4217999 +
223 988 2210 + 1 4218213 4219449 +
223 2222 39775 + 7 1079763 1115622 -
224 2773 42039 + 5 1285450 1335632 +
225 319 2168 + 5 1336209 1338029 +
225 2242 42386 + 1 7680202 7722818 -
226 51 2241 + 1 7677697 7680201 -
226 2279 22609 + 3 2900719 2920239 -
226 23074 24396 + 3 2898773 2900098 +
226 34900 42369 + 3 2891386 2898345 -
227 708 2251 + 3 2879508 2881072 -
227 2262 40330 + 1 8652829 8698030 -
228 2274 88922 + 5 2250232 2340399 +
229 160 2218 + 5 2340407 2342482 +
229 2282 42341 + 1 8167453 8203336 -
230 2360 42113 + 4 3541841 3581444 -
231 123 2233 + 4 3539559 3541656 -
231 2655 42254 + 1 5504219 5552734 -
232 288 2204 + 1 5502213 5504136 -
232 2547 41747 + 2 2007293 2045882 -
233 498 2171 + 2 2004990 2006648 -
233 3323 30236 + 1 8107234 8132646 -
234 2332 13740 + 7 3053602 3065238 -
234 14921 27583 + 7 3083915 3096760 -
234 30859 42199 + 7 3098808 3106242 +
235 2613 41559 + 1 135257 169352 -
236 2356 40596 + 3 3035373 3073903 +
237 851 2227 + 3 3076032 3077436 +
237 2992 41499 + 1 4261139 4299859 -
238 178 2361 + 1 4258912 4261090 -
238 2719 3858 + 4 725677 726821 -
238 15320 23587 + 4 737569 743945 +
238 24660 39070 + 4 745971 761060 -
239 2470 40886 + 3 2749398 2790183 +
240 2403 21095 + 1 9357065 9378436 +
240 22976 31692 + 1 9346123 9354908 -
241 33 2070 + 1 9337342 9339281 -
241 9879 43040 + 7 1217023 1237366 -
242 38044 39103 + 5 1226285 1227402 -
242 9091 27462 + 1 2147438 2163919 +
243 326 1881 + 1 2164372 2165616 +
243 2422 41778 + 3 2526195 2565475 +
244 835 2378 + 3 2565546 2567201 +
244 3451 40616 + 6 1145740 1199480 -
245 438 2431 + 6 1142916 1144938 -
245 2442 41008 + 5 4474482 4523441 +
246 3571 17120 + 4 4502099 4514425 -
246 23216 60822 + 1 4357566 4395011 +
247 2462 40583 + 3 1127187 1166195 +
248 515 2446 + 3 1166716 1168729 +
248 2472 40488 + 5 2374626 2411450 +
249 66 2445 + 5 2411587 2414223 +
249 2510 40464 + 6 1656665 1693110 +
250 86 2076 + 6 1693259 1695266 +
250 2808 23972 + 5 3751978 3772998 -
250 26072 40524 + 5 3775567 3790161 +
251 2516 34010 + 2 2260970 2291457 +
251 34971 40067 + 2 2240965 2246642 -
252 250 2367 + 2 2238721 2240620 -
252 2512 10469 + 5 720751 729533 +
252 12435 40010 + 5 740953 768369 -
253 40 2415 + 5 738266 740750 -
253 6154 40268 + 5 5380933 5426758 -
254 299 1591 + 5 5379549 5380805 -
254 2820 5459 + 7 1489679 1492494 -
254 6686 39653 + 7 1449416 1481047 +
255 391 2453 + 7 1482362 1484417 +
255 2542 39512 + 5 2453494 2491089 +
256 264 2541 + 5 2491907 2493852 +
256 3034 39922 + 1 5777430 5818717 -
257 2844 39319 + 5 5190293 5226041 +
258 736 2228 + 5 5226223 5227280 +
258 2572 38545 + 5 2938942 2974325 +
259 2582 40937 + 6 2054057 2091757 -
260 1169 2397 + 6 2052727 2054026 -
260 2687 40842 + 5 4327686 4362600 -
261 1246 2534 + 5 4326344 4327652 -
261 19469 51606 + 6 3498136 3556909 -
262 4005 29827 + 4 1096143 1123647 -
263 10289 26162 + 7 4217121 4233509 -
263 31816 41054 + 7 4127000 4136426 +
264 3759 39125 + 7 2791315 2841761 -
265 25505 38462 + 4 3020452 3032026 -
266 2720 35507 + 7 3917062 3950009 +
267 2749 36232 + 5 1228385 1261633 -
267 37135 42825 + 5 1218621 1223758 -
268 2672 3981 + 5 348266 349570 -
268 4378 39040 + 5 353408 392043 +
269 294 2670 + 5 392227 394874 +
269 2919 21685 + 5 1339829 1358790 +
269 23343 33821 + 5 1359081 1369699 -
269 34141 38913 + 5 1371496 1376295 +
270 260 2681 + 5 1376517 1379035 +
270 2767 9789 + 5 5925882 5936174 +
270 12655 39448 + 5 5858789 5872608 -
271 14287 38942 + 6 4145503 4162104 -
272 455 1918 + 6 4143791 4145184 -
272 2712 39015 + 7 174812 217443 +
273 242 2711 + 7 217480 219984 +
273 2722 38911 + 1 2696376 2732952 +
274 2744 39064 + 4 4428205 4473744 +
275 2742 41761 + 3 4203679 4241726 -
276 2752 9760 + 1 2342753 2349455 -
276 10204 33634 + 1 2256282 2273267 -
277 3127 38445 + 1 4096818 4133327 -
278 3143 38447 + 2 1382659 1415370 -
279 3422 37172 + 1 6479654 6517133 -
280 2826 38039 + 1 5250711 5287415 -
281 205 2661 + 1 5247493 5250341 -
281 9628 10966 + 6 1728961 1730257 -
281 15249 38456 + 6 1749126 1787246 +
282 369 2740 + 6 1787272 1789671 +
282 2940 37242 + 5 6294193 6327504 +
283 8393 38090 + 6 1595313 1623751 +
284 252 2819 + 6 1623900 1626415 +
284 10948 15729 + 3 2595000 2599709 +
284 17190 19126 + 3 2600222 2601952 -
284 19974 47016 + 3 2603382 2630245 +
285 97 2830 + 3 2630664 2633345 +
285 2842 40576 + 4 3656635 3688901 +
286 9196 43150 + 3 4134488 4170052 +
287 167 2543 + 3 4170420 4172927 +
287 13356 30124 + 2 315581 332655 -
287 37190 38605 + 2 337701 339116 +
288 3453 17413 + 1 644693 659303 -
288 19973 38461 + 1 594408 614468 +
289 3076 39046 + 1 1749606 1785593 -
290 2892 38107 + 1 2626563 2661392 -
291 691 2669 + 1 2624573 2626413 -
291 2973 39090 + 1 306516 342083 -
292 11479 15180 + 2 4170326 4174348 +
292 18874 37189 + 2 4191889 4212742 -
293 13 1687 + 2 4190148 4191842 -
293 4831 13382 + 5 5457875 5466532 +
293 14937 37000 + 5 5434054 5457144 -
294 1015 2579 + 5 5431285 5432958 -
294 2954 36541 + 1 981044 1015480 -
295 130 2852 + 1 977869 980607 -
295 11001 36563 + 2 286199 313362 -
296 3234 37773 + 1 6602760 6637847 +
297 3015 36433 + 5 3671312 3705404 +
298 19 2490 + 5 3705449 3708276 +
298 3368 36508 + 4 4586460 4619220 -
299 222 2971 + 4 4583654 4586310 -
299 12263 36028 + 4 3984549 4008095 -
300 195 2786 + 4 3981335 3984006 -
300 3815 36038 + 5 3324323 3355552 +
301 1800 2991 + 5 3356400 3357597 +
301 3217 37140 + 1 4615098 4648256 -
302 914 3001 + 1 4612922 4615050 -
302 3012 31899 + 7 818687 847746 -
302 32976 34941 + 7 808047 809985 +
303 933 3011 + 7 804027 806157 -
303 3100 28010 + 3 3126199 3145890 -
303 30881 33981 + 3 3122529 3125348 +
303 34681 35866 + 3 3118787 3119965 -
304 26 2582 + 3 3115950 3118519 -
304 3263 36345 + 4 500287 531079 -
305 504 2432 + 4 498279 500186 -
305 3100 35642 + 5 1531422 1565452 +
306 3052 35417 + 1 7392375 7427921 -
307 3062 35815 + 5 4212489 4259508 -
308 104 3061 + 5 4209465 4212394 -
308 4195 36014 + 3 4360972 4392881 -
309 3090 35404 + 2 3834497 3861316 -
310 5287 35772 + 5 5497917 5514868 +
311 165 2162 + 5 5514915 5516891 +
311 3972 35585 + 2 3422564 3455881 -
312 171 2844 + 2 3419681 3422378 -
312 11680 35513 + 1 8087994 8104923 -
313 7 2627 + 1 8084847 8087930 -
313 3122 35210 + 3 1883881 1915731 +
314 578 3121 + 3 1916532 1919125 +
314 3132 36031 + 4 2085450 2117772 +
315 1166 2361 + 4 2118301 2119453 +
315 3149 25958 + 5 96254 120215 +
316 3152 35386 + 1 6787683 6808855 -
317 163 2899 + 1 6784880 6787541 -
317 6323 31845 + 2 724832 749342 -
318 3485 35204 + 1 5006235 5037540 -
319 3354 35325 + 2 3033705 3063622 -
320 3192 34842 + 1 946511 977817 -
321 12894 40833 + 5 6044843 6088680 +
322 15810 36584 + 5 4172659 4193098 +
323 120 3211 + 5 4193209 4196321 +
323 16819 35244 + 4 3840992 3856550 +
324 985 2344 + 4 3858891 3860191 +
324 14130 33486 + 7 1299303 1318445 -
324 10788 13388 + 3 791777 794053 -
325 3451 31908 + 2 1004069 1037287 -
326 3257 35818 + 6 3896116 3926853 -
327 3262 24341 + 2 528724 549527 -
327 26843 34776 + 2 488623 495302 +
328 114 3261 + 2 495477 498675 +
328 5779 34671 + 5 423522 451013 -
329 30 2944 + 5 420286 423439 -
329 3358 35074 + 7 3841030 3865864 -
330 3292 6293 + 5 1618409 1621432 -
330 7631 8929 + 5 1616454 1617735 +
330 9898 27100 + 5 1601626 1615592 -
331 5452 34610 + 6 2549954 2579287 +
332 3312 34386 + 3 2930938 2962345 -
333 85 2584 + 3 2928448 2930850 -
333 3343 34221 + 5 2520933 2552928 +
334 113 2988 + 5 2553084 2555948 +
334 15355 36925 + 4 4944626 4966114 +
335 3411 34233 + 3 1006844 1038174 -
336 3860 34172 + 3 3660683 3691441 +
337 208 1945 + 3 3691602 3693414 +
337 3362 34267 + 5 3977404 4008562 -
338 213 3358 + 5 3974097 3977349 -
338 5900 33592 + 1 225939 254514 -
339 3862 34215 + 1 465028 504210 -
340 3446 32944 + 6 914763 941170 -
341 373 3391 + 6 910706 913818 -
341 4079 29997 + 1 7341354 7367805 -
342 82 1362 + 1 7318077 7319411 +
342 3697 34441 + 1 4219617 4250329 +
343 814 3411 + 1 4250330 4253174 +
343 3544 33505 + 7 3154350 3185273 -
344 16527 35004 + 1 512607 533263 -
345 6776 24864 + 3 4622703 4640800 -
345 26276 33363 + 3 4608165 4615810 +
346 3963 33667 + 1 2112964 2136977 -
347 22863 46591 + 1 4483188 4507190 +
349 3849 32016 + 1 1387546 1413494 +
349 34325 56496 + 1 1414845 1433986 -
349 59013 66454 + 1 1438320 1445979 +
350 3587 33129 + 3 4063222 4115929 -
351 775 3491 + 3 4059794 4062426 -
351 5355 32841 + 1 6369491 6475834 +
352 148 1829 + 1 6476266 6477913 +
352 3600 29149 + 2 1926984 1952350 +
353 1500 3325 + 2 1953863 1955664 +
353 13975 33065 + 4 112028 157702 +
354 136 3449 + 4 157726 161009 +
354 3532 32691 + 1 7282258 7309056 +
355 271 3444 + 1 7309511 7312536 +
355 3918 34278 + 6 1397226 1426715 -
356 3600 31463 + 3 4306305 4326108 -
357 2115 3551 + 3 4303037 4304287 -
357 4071 41250 + 2 2212119 2235183 -
358 3957 32416 + 5 2346672 2374212 -
359 527 3527 + 5 2342837 2345883 -
359 4493 26967 + 4 1702628 1725221 -
360 3592 26595 + 5 1496297 1518936 +
361 7256 29583 + 3 5033036 5059270 -
362 3612 32307 + 4 3160941 3185355 +
363 30211 33971 + 3 3730009 3733380 -
364 4181 28458 + 5 4688572 4709164 +
365 3642 32053 + 1 6813108 6841876 +
366 177 3641 + 1 6841929 6845681 +
366 3652 29348 + 3 4248140 4302486 -
367 12264 25453 + 6 2750859 2769547 -
368 15 3583 + 6 2746462 2750154 -
368 7735 35875 + 4 584464 610405 +
369 14 2998 + 4 610992 613626 +
369 3682 25947 + 4 1413381 1435272 +
370 3750 31672 + 1 5653962 5674243 +
371 54 3691 + 1 5674403 5677999 +
371 27690 46508 + 7 1150957 1172998 -
372 6215 14603 + 6 3858311 3867683 +
372 20184 28702 + 6 3884561 3891811 -
373 4427 63292 + 1 2054389 2111031 -
374 3802 29852 + 4 4882046 4908111 -
375 537 2893 + 4 4877581 4879988 -
375 3846 30701 + 5 3419596 3461515 +
376 313 3578 + 5 3462931 3466195 +
376 4503 33032 + 5 3297395 3322258 -
377 2059 3751 + 5 3295080 3296796 -
377 3906 31761 + 4 1302488 1330562 +
378 488 3694 + 4 1330689 1333805 +
378 3772 30765 + 2 3189510 3216589 -
379 92 3770 + 2 3184901 3188416 -
379 3872 31323 + 1 1695033 1722391 -
380 27 3781 + 1 1691725 1695021 -
380 5827 30499 + 7 598052 637113 -
381 3802 30839 + 4 4365443 4392027 +
382 51 3770 + 4 4392368 4397726 +
382 3812 9705 + 1 3371503 3377298 +
382 11049 12201 + 1 3378794 3379969 -
382 12212 30903 + 1 3379982 3398735 +
383 328 3811 + 1 3399223 3402500 +
383 5292 30947 + 1 5556393 5582260 -
384 389 3821 + 1 5553103 5555948 -
384 5929 9954 + 6 3745832 3749428 -
384 10555 13328 + 6 3714262 3716585 +
384 15947 20517 + 6 3722252 3726818 -
384 25153 30832 + 6 3727799 3733354 +
385 61 3456 + 6 3733583 3735153 +
385 5233 29664 + 3 4542782 4568457 -
386 3852 30547 + 1 1125673 1151935 +
387 837 3851 + 1 1157512 1160572 -
387 4198 8056 + 5 2976770 2980178 -
387 10992 52393 + 5 2981336 3004978 -
388 3952 30526 + 6 1705127 1727303 +
389 1492 3586 + 6 1746647 1748648 -
389 3882 30804 + 5 2068017 2095497 +
390 83 3881 + 5 2095512 2099196 +
390 3892 30879 + 2 2503553 2531229 -
391 703 3891 + 2 2499968 2503014 -
391 3902 31297 + 4 5751887 5779313 -
392 4723 24231 + 4 675651 695716 -
393 3922 30384 + 3 1461196 1488992 -
394 194 3921 + 3 1456967 1460800 -
394 9288 30303 + 7 1577994 1598345 -
395 519 3623 + 7 1573930 1577333 -
395 3974 9815 + 2 80261 86171 +
395 12122 31004 + 2 57206 78302 -
396 3952 30229 + 5 1717005 1742543 +
397 1518 3951 + 5 1795870 1798224 -
397 3962 21585 + 7 704633 720973 -
398 1275 3790 + 7 690230 692903 -
398 4041 30140 + 4 5386449 5415104 +
399 480 3971 + 4 5415881 5419402 +
399 7671 30284 + 4 775027 798460 -
400 4254 10175 + 7 3562515 3568715 +
400 11409 31805 + 7 3576331 3598345 -
401 1562 3989 + 7 3573759 3576301 -
401 4365 15226 + 5 2150211 2161758 -
401 17522 26041 + 5 2166810 2174898 +
402 4145 29832 + 3 2444832 2470711 -
403 293 4011 + 3 2419813 2423593 -
403 4119 9577 + 6 3197234 3202489 -
403 14027 30017 + 6 3214336 3230368 +
404 10415 29968 + 2 983540 1003382 -
405 4042 25771 + 1 9436534 9459299 -
406 2643 3965 + 1 9462416 9463808 -
406 5050 29728 + 5 4136064 4172478 -
407 902 4051 + 5 4131941 4135021 -
407 8413 26081 + 4 701456 717589 +
408 4363 30575 + 2 2801797 2827934 -
409 4294 29851 + 3 3177447 3196371 -
410 715 3893 + 3 3173705 3176790 -
410 4650 17197 + 3 2097204 2109650 -
410 18506 29508 + 3 2082012 2093531 +
411 124 2733 + 3 2093929 2096513 +
411 4104 29797 + 6 3368293 3394446 -
412 312 3963 + 6 3364352 3368048 -
412 4640 28107 + 7 114798 135457 +
413 4245 29716 + 3 3579282 3605423 -
414 176 3748 + 3 3574811 3579158 -
414 4262 29794 + 6 2254357 2280676 +
415 1111 3944 + 6 2281702 2284306 +
415 4208 31337 + 1 6673820 6701936 +
416 1713 3984 + 1 6701961 6704068 +
416 5544 29610 + 7 1965598 1990206 -
417 69 4076 + 7 1961442 1965486 -
417 12700 28168 + 4 2976637 2990310 -
418 4250 31737 + 5 2423825 2451224 +
419 4327 30916 + 2 2928725 2952508 +
420 5717 29380 + 5 651577 674393 +
421 4202 29521 + 6 2351016 2375396 -
422 130 4201 + 6 2346985 2350993 -
422 39327 41656 + 6 4012182 4013261 -
422 42817 47685 + 5 3064634 3069761 -
423 1000 4116 + 5 3059079 3062182 -
423 4222 28958 + 6 1922154 1946556 +
424 4338 29327 + 2 4386234 4411227 -
425 236 4231 + 2 4382061 4385949 -
425 4529 28404 + 1 1015779 1040507 +
426 821 4241 + 1 1042342 1045731 +
426 11516 25382 + 1 7817282 7831476 +
427 155 3084 + 1 7837128 7840079 +
427 4356 29131 + 2 3158048 3180092 +
428 55 4261 + 2 3180183 3184775 +
428 10746 29155 + 4 5894903 5913723 -
429 5667 29257 + 6 3556935 3580035 +
430 199 4281 + 6 3580086 3584183 +
430 5742 28826 + 5 3718163 3740176 -
431 20 4268 + 5 3713633 3717913 -
431 4302 61259 + 4 3337659 3385458 +
432 70 3729 + 4 3386511 3390419 +
432 4359 27274 + 1 1263214 1290142 +
433 4447 27048 + 4 243797 270352 -
434 9497 32633 + 6 3428629 3450813 +
435 470 4331 + 6 3450872 3454835 +
435 4342 12042 + 6 1043140 1050549 -
435 17224 28679 + 6 1089248 1100307 +
436 465 4271 + 6 1100826 1104594 +
436 5140 27732 + 3 3460948 3483448 +
437 50 4351 + 3 3484113 3488449 +
437 5160 30380 + 4 4820364 4846777 +
438 4460 28587 + 1 7216662 7239711 +
439 4382 31886 + 1 6085217 6110030 +
439 36486 55676 + 7 3539500 3553056 -
440 2050 4320 + 7 3534332 3536543 -
440 6236 19279 + 3 4961771 4973654 +
440 34751 47179 + 3 5001444 5013946 +
441 5346 20588 + 6 801363 816931 -
441 21790 24783 + 1 3870394 3873178 -
442 676 4335 + 6 795299 798866 -
442 4412 7671 + 1 1574651 1577977 -
442 12561 18800 + 1 1566338 1572717 +
442 20121 28030 + 1 1556715 1564461 -
443 154 4411 + 1 1552115 1556352 -
443 4422 6707 + 3 1334625 1337383 +
443 18102 40573 + 3 1355655 1379858 -
443 42265 43542 + 3 1380690 1381961 +
444 62 4421 + 3 1382306 1390365 +
444 6260 28513 + 2 2693160 2715420 -
445 572 4199 + 2 2689229 2692956 -
445 10143 14960 + 6 4031648 4037828 +
446 690 2530 + 6 4051847 4053672 -
446 4915 16746 + 2 2248593 2260762 -
446 17922 51954 + 2 2292077 2323450 +
447 4462 28162 + 1 427446 450936 -
448 552 4461 + 1 422988 426937 -
448 4480 28091 + 1 8731047 8748054 -
449 1233 4222 + 1 8726995 8729898 -
449 17664 42449 + 3 391107 412331 +
450 463 3170 + 3 419352 422429 +
450 4492 27355 + 1 1824356 1847396 +
451 556 4491 + 1 1848459 1852475 +
451 7247 28726 + 5 3530084 3550952 -
452 7391 29902 + 4 557899 580077 -
453 4533 29110 + 4 1943361 1967911 +
454 8178 44022 + 3 2143177 2162594 -
455 1450 4412 + 3 2140214 2143042 -
455 16235 27133 + 5 166871 198501 +
456 4936 27176 + 1 7091713 7112084 +
457 740 3077 + 1 7113323 7115776 +
457 4562 27705 + 5 3357659 3377506 +
458 64 4524 + 5 3377594 3381739 +
458 47206 54706 + 1 6755248 6763519 -
459 4582 27601 + 7 3007278 3013410 +
460 1071 4415 + 7 3014324 3017940 +
460 6395 26368 + 1 1526806 1548524 +
461 4602 28660 + 1 3241056 3264922 -
462 1230 4547 + 1 3237401 3241012 -
462 7315 27196 + 5 4398222 4418260 +
463 101 4074 + 5 4418611 4422654 +
463 24145 28329 + 5 4633490 4637756 +
463 5338 13762 + 7 1730028 1738614 -
464 360 4460 + 5 4638281 4642228 +
464 4633 26373 + 7 3286615 3309599 +
465 1230 4526 + 7 3311658 3314717 +
465 4856 27010 + 5 4879434 4901918 -
466 448 4561 + 5 4873986 4878169 -
466 4652 27235 + 6 2700204 2722384 -
467 640 4651 + 6 2672617 2676420 -
467 7561 9722 + 4 872045 874253 -
467 12176 27479 + 4 1234871 1249878 +
468 4672 30483 + 1 2506368 2532572 -
469 3387 4670 + 1 2505056 2506328 -
469 11072 27671 + 1 6173043 6185213 -
470 649 4556 + 1 6168941 6173011 -
470 4758 27054 + 2 2327761 2350824 +
471 4702 26038 + 6 3242373 3265013 -
472 4723 27135 + 1 6141370 6164412 +
473 4722 19750 + 7 3634904 3650081 +
473 24845 26892 + 7 2901648 2903741 -
474 1458 4298 + 7 2897491 2900308 -
474 4732 26318 + 6 4100460 4121387 +
475 3131 4729 + 6 4125096 4126547 +
475 8926 28610 + 1 3986948 4006201 +
476 7 1881 + 1 4007633 4009479 +
476 14697 25183 + 1 6994583 7009547 +
477 4969 26088 + 7 984573 999066 -
477 836 2909 + 1 7011853 7013850 +
478 202 4617 + 7 979102 983596 -
478 7439 32526 + 5 451660 471852 +
478 35449 40970 + 5 474242 480105 -
478 42469 44595 + 5 769072 771252 +
479 1316 4771 + 5 733603 737335 +
479 4782 26717 + 3 3541684 3569515 +
480 148 4781 + 3 3569723 3574482 +
480 4792 26794 + 1 7601613 7624270 -
481 418 4296 + 1 7597403 7601285 -
481 4804 26694 + 4 5493975 5516118 -
482 245 4801 + 4 5489035 5493633 -
482 8982 26432 + 4 3395544 3413309 -
483 831 3882 + 4 3391317 3394393 -
483 7991 9632 + 6 3710453 3712110 +
483 15930 26820 + 6 3736739 3743758 -
484 4926 18681 + 3 533923 546340 -
484 20689 22288 + 3 529930 531331 +
485 374 4795 + 3 495223 500009 +
485 4915 23140 + 7 1531309 1550040 +
486 319 1480 + 7 1553872 1554989 +
486 4853 48545 + 5 3487614 3518203 +
487 4880 26654 + 4 3792360 3814380 +
488 137 4861 + 4 3814460 3818900 +
488 4921 26041 + 1 6863312 6884446 +
489 150 4156 + 1 6885107 6889176 +
489 8216 26443 + 2 1622062 1640857 +
490 6984 26226 + 6 2028490 2047234 -
491 1368 4835 + 6 2049167 2052467 +
491 10997 28011 + 6 3809743 3826253 +
492 4912 23408 + 3 4115954 4134065 +
493 5118 26800 + 4 1553045 1571434 +
494 606 4915 + 4 1571546 1576153 +
494 5049 25134 + 5 4083836 4106133 +
495 187 4931 + 5 4107552 4112150 +
495 16917 29338 + 5 6032475 6041839 +
496 5001 25280 + 4 1383522 1402125 -
497 662 4887 + 4 1377690 1381774 -
497 10264 26443 + 4 2999979 3013369 +
498 423 4254 + 4 3013376 3017727 +
498 5032 25890 + 1 1873734 1890154 -
499 154 4632 + 1 1869010 1873461 -
499 4985 19686 + 2 3348228 3363445 -
500 21 4981 + 2 3339111 3344287 -
500 8213 24844 + 1 7261510 7276033 +
501 764 4821 + 1 7278036 7282132 +
501 5002 25918 + 3 3511790 3536368 -
502 65 4328 + 3 3507456 3511737 -
502 5052 25874 + 3 2642110 2662766 +
503 243 5011 + 3 2662962 2667826 +
503 5022 25587 + 1 5459686 5479666 +
504 583 5021 + 1 5480509 5502071 +
504 8355 26490 + 1 3106110 3123887 +
505 911 5031 + 1 3124056 3128261 +
505 5487 25908 + 4 2851613 2872282 +
507 2809 4973 + 2 2539062 2541175 +
507 5170 25134 + 6 2626861 2654527 +
508 1445 4923 + 6 2656225 2659849 +
508 5072 25891 + 2 205740 226532 +
509 337 5071 + 2 226583 231630 +
509 5082 25940 + 4 2774639 2796829 -
510 365 5081 + 4 2769965 2774582 -
510 5092 25581 + 2 3393803 3414249 +
511 5105 25570 + 5 2498987 2520672 -
512 218 5101 + 5 2493912 2498787 -
512 6501 46844 + 1 8908256 8926561 +
513 890 4944 + 1 8927378 8930886 +
513 13356 16700 + 7 4101219 4104592 -
514 2562 4336 + 7 4095853 4097626 -
514 5184 28788 + 5 1916430 1939733 +
515 2383 4813 + 5 1939876 1942295 +
515 5209 25687 + 4 3734733 3782167 +
516 214 3611 + 4 3782170 3785980 +
516 5287 26492 + 1 1789731 1810041 -
517 1118 5143 + 1 1785726 1789640 -
517 9022 25354 + 4 3824219 3840351 -
518 231 5161 + 4 3818948 3823899 -
518 5172 34405 + 2 1745307 1769054 +
519 353 5171 + 2 1773302 1778493 +
519 5182 7653 + 1 2477736 2480289 -
519 20203 25326 + 1 2470097 2475238 -
519 12439 14145 + 3 482036 483738 +
520 5192 25354 + 1 6711887 6732295 +
521 86 4680 + 1 6732313 6736952 +
521 5393 26445 + 3 2839728 2855776 +
522 32 4240 + 3 2855843 2860165 +
522 5212 25086 + 5 4423672 4474309 -
524 5232 17933 + 7 576429 587569 -
525 270 4685 + 7 569654 574224 -
525 7086 25270 + 3 4700560 4718917 -
526 5252 25007 + 2 1780743 1801705 +
527 59 5202 + 2 1801858 1806921 +
527 6915 8404 + 7 3662680 3664119 -
527 18515 23647 + 7 3729567 3732929 +
528 538 4190 + 7 3734425 3738163 +
528 5333 25672 + 4 1356075 1375671 -
529 879 5271 + 4 1351406 1355847 -
529 5526 24910 + 5 1625932 1645241 -
530 5422 25284 + 5 5716702 5737132 +
531 554 4842 + 5 5737302 5741587 +
531 5539 24907 + 5 4710604 4729915 -
532 5327 37511 + 1 8351222 8383892 +
533 809 5271 + 1 8385011 8389485 +
533 5322 18915 + 7 1794968 1809323 +
534 21 5156 + 7 1815433 1821043 +
534 16725 24463 + 7 3813846 3822239 -
535 643 5331 + 7 3807888 3812778 -
535 5545 25233 + 6 1836816 1863878 +
536 5401 24735 + 2 1506750 1525240 -
537 97 5264 + 2 1501396 1506743 -
537 5618 24136 + 3 1683742 1702546 +
538 352 5203 + 3 1750702 1755592 +
538 5699 24503 + 4 5289614 5332638 -
539 9 5371 + 4 5283985 5289485 -
539 5382 24611 + 3 3083562 3102236 -
540 131 5363 + 3 3078163 3083469 -
540 11794 24348 + 3 669108 682946 -
541 577 5190 + 3 664416 668587 -
541 6413 22730 + 7 539874 553204 -
542 6010 24293 + 1 2021416 2038397 +
543 6 5348 + 1 2038434 2043413 +
543 5917 29551 + 5 560434 617284 -
544 3508 5063 + 6 1585549 1587118 +
544 7303 20894 + 5 1433772 1447094 -
545 688 5386 + 5 1419026 1423808 -
545 15421 25410 + 2 2361723 2371686 +
546 5939 24223 + 3 2501902 2520087 +
547 20 5451 + 3 2520222 2526053 +
547 5462 24426 + 4 5461714 5482389 +
548 725 4605 + 4 5483061 5486935 +
548 5472 24320 + 6 3611252 3628921 -
549 5651 21617 + 2 231878 248417 +
550 605 5417 + 2 252376 259258 +
552 458 5278 + 7 2635598 2640687 +
552 14184 16674 + 1 6955808 6958341 -
553 5669 23380 + 1 6038411 6056695 +
554 175 5308 + 1 6057665 6063055 +
554 5533 26586 + 5 2892585 2914608 -
555 40 5507 + 5 2889001 2892531 -
555 5570 24576 + 4 3911128 3933698 +
556 527 5531 + 4 3933740 3938945 +
556 7824 24202 + 4 2556560 2573291 +
557 179 5551 + 4 2573297 2578651 +
557 23204 26283 + 1 8770261 8773340 +
558 1885 5175 + 1 8773342 8776735 +
558 5572 18977 + 1 9080982 9094934 -
559 189 5571 + 1 9031780 9037432 +
559 7377 23742 + 4 4484315 4501538 -
560 139 5581 + 4 4476169 4481326 -
560 5592 23287 + 1 1456155 1473731 +
561 49 5501 + 1 1474531 1480102 +
561 5714 23942 + 4 3515825 3534473 +
562 90 5601 + 4 3534487 3539518 +
562 5767 23892 + 2 3063977 3081799 +
563 145 1573 + 2 3081831 3083289 +
563 2607 4994 + 2 3096115 3098324 -
563 5622 38452 + 7 1907899 1932120 -
564 1022 5153 + 7 1934815 1938958 +
564 18271 23294 + 7 1004027 1029423 -
565 267 5467 + 7 999311 1003506 -
565 5642 23006 + 7 1767206 1787025 -
566 105 5510 + 7 1760958 1766468 -
566 15128 25355 + 7 3997723 4007944 +
567 5662 23152 + 1 4794264 4811456 +
568 117 5661 + 1 4811967 4817460 +
568 7432 21482 + 4 4860663 4876010 -
569 1473 5396 + 4 4854574 4858246 -
569 5682 25705 + 7 847782 865067 +
571 331 5691 + 6 1875849 1881299 -
571 5729 20445 + 2 3005801 3020475 -
572 5712 25746 + 1 6557874 6577856 -
573 2353 5711 + 1 6554439 6557859 -
573 5722 23154 + 1 2533099 2550593 +
574 551 5640 + 1 2551436 2556383 +
574 8458 25942 + 3 2727950 2744889 -
575 300 5730 + 3 2722225 2727861 -
575 5795 23478 + 1 7940354 7958507 +
576 10090 11737 + 2 765289 766909 +
577 5773 23180 + 5 5823206 5842239 -
578 54 5715 + 5 5817306 5823004 -
578 5772 20710 + 5 5646877 5716633 -
578 21902 23613 + 4 947613 949558 +
579 546 2643 + 4 950307 952100 +
579 5839 23269 + 2 1043385 1061157 -
580 528 5763 + 2 1037496 1042792 -
580 6676 23563 + 5 133097 152288 +
581 593 5722 + 5 153145 158428 +
582 5818 20869 + 2 1961700 1977195 -
583 5822 25144 + 5 5613922 5633537 +
584 1990 5691 + 5 5633581 5637214 +
584 11298 24393 + 4 622074 635071 +
585 783 3752 + 4 635487 638531 +
585 5842 23109 + 4 5368470 5386447 -
586 1681 5563 + 4 5362194 5366599 -
586 7053 26882 + 7 1345232 1357715 +
587 1 5449 + 7 1358895 1364398 +
587 6025 22703 + 1 6063141 6072802 +
588 152 5800 + 1 6073228 6078946 +
588 5872 10849 + 2 1061213 1066095 +
588 11526 22884 + 2 1077197 1088752 +
589 182 3790 + 2 1088939 1092431 +
589 5970 22742 + 3 4332188 4346587 -
590 2272 5542 + 3 4326482 4329790 -
590 5892 22877 + 5 2002538 2019733 -
591 462 5891 + 5 1996532 2002111 -
591 6476 22710 + 2 1911445 1926587 -
592 17757 22762 + 5 5128758 5134255 +
593 11868 17681 + 6 3461157 3466874 +
593 19480 22696 + 6 130657 133800 +
594 40 5921 + 6 133827 139799 +
594 5951 22236 + 1 7661546 7677665 -
595 925 5783 + 1 7655414 7660221 -
595 5942 22707 + 5 1382218 1399388 +
596 379 4329 + 5 1399752 1404135 +
596 6090 20236 + 3 2396381 2410690 +
597 641 5950 + 3 2413786 2419679 +
597 5996 21508 + 6 699452 714359 -
598 939 5961 + 6 692266 697362 -
598 6059 22754 + 2 2766129 2783558 -
599 6045 22570 + 1 5897063 5913430 -
600 212 5981 + 1 5893247 5896879 -
600 6268 21812 + 7 1623535 1639294 -
601 6147 22004 + 4 5713471 5730912 +
602 63 6001 + 4 5731416 5736808 +
602 6085 22297 + 3 4039581 4056194 -
603 9865 24866 + 6 3653892 3663868 +
604 1023 3586 + 6 3651305 3653053 +
604 6495 22402 + 1 8067798 8083819 -
605 6042 21932 + 1 5223773 5240379 +
606 1851 5974 + 1 5243180 5247366 +
606 6206 21088 + 7 1516639 1531289 -
607 194 5567 + 7 1510120 1515315 -
608 10084 20570 + 7 324183 359412 +
609 681 6010 + 7 361451 366660 +
609 7032 39318 + 3 2687885 2721827 -
610 789 3044 + 3 2685511 2687687 -
610 11672 22205 + 7 3072389 3083149 -
611 157 5995 + 7 3065277 3072225 -
611 6560 31148 + 7 3866282 3888663 +
612 7169 11670 + 4 201276 204992 +
613 6124 9560 + 1 7312635 7315466 +
613 11893 22110 + 1 7328598 7338536 -
614 222 3704 + 1 7324694 7328312 -
614 6539 38422 + 7 1872700 1904563 -
615 404 6070 + 7 1866322 1872028 -
615 7624 22012 + 4 1847484 1870295 +
616 87 6140 + 4 1870411 1876698 +
616 6212 22071 + 1 4951643 4966294 +
617 757 6151 + 1 4966884 4972308 +
617 6262 20882 + 3 3706592 3721567 +
618 7533 21706 + 1 3017878 3032456 -
619 205 2523 + 1 3014383 3016592 -
619 6182 21800 + 1 1652148 1667787 +
620 224 6163 + 1 1668051 1674122 +
620 6192 22491 + 4 4397851 4413634 +
621 879 5955 + 4 4413875 4418807 +
621 6202 21830 + 7 1384515 1398914 -
622 226 4759 + 7 1381282 1384332 -
622 6217 21753 + 2 2723256 2738560 -
623 75 6004 + 2 2717429 2723160 -
623 6299 18432 + 1 7427984 7440088 +
624 495 6221 + 1 7443527 7449412 +
625 6370 21810 + 1 407044 422612 -
626 119 4591 + 1 402511 406958 -
626 6252 21514 + 3 3197293 3213561 +
627 607 6066 + 3 3214584 3219804 +
627 7017 21865 + 1 544925 560085 +
628 1584 6260 + 1 561853 566649 +
628 6322 23092 + 1 9095273 9113478 +
629 1688 6271 + 1 9113508 9118168 +
629 17318 21302 + 3 257709 262333 -
630 94 5922 + 3 251061 257481 -
630 8146 18649 + 2 3781195 3790491 +
631 145 5926 + 2 3793948 3799369 +
631 6429 12491 + 2 2590757 2597376 +
632 6312 21110 + 4 5624694 5639509 +
633 2962 4716 + 4 5641847 5643852 +
634 6502 41337 + 4 4780748 4813948 +
635 368 5029 + 4 4814352 4819068 +
635 7174 21844 + 3 3895422 3909529 +
636 517 6341 + 3 3909600 3915593 +
636 6526 21594 + 4 4087751 4103670 -
637 6362 8723 + 1 8536708 8538920 -
638 1855 6361 + 1 8524110 8528855 -
638 6391 19272 + 1 3146950 3159722 +
639 13 6371 + 1 3159958 3166448 +
639 6382 21608 + 1 7122226 7137795 -
640 6698 21562 + 1 5043879 5054442 -
641 605 6391 + 1 5037890 5043800 -
641 6410 19034 + 1 717673 730294 +
642 2529 5063 + 1 735344 737955 +
642 6475 11843 + 2 3588438 3594152 -
642 13335 19257 + 2 3595590 3601021 +
643 6422 26094 + 5 3394395 3413403 +
644 6454 20954 + 6 2732289 2746246 -
645 402 6430 + 6 2722405 2731550 -
645 6444 20903 + 2 2053390 2068095 -
646 161 6441 + 2 2045922 2053160 -
646 6501 17724 + 7 1364801 1375006 +
647 621 6106 + 7 1376014 1380619 +
647 6516 21142 + 7 1946461 1961118 -
648 1167 6347 + 7 1940177 1945619 -
648 6677 19091 + 5 204408 211530 +
649 2683 4175 + 5 214433 215834 +
649 6561 20833 + 1 7722900 7738023 +
650 9579 18123 + 7 88324 96955 +
651 587 6491 + 7 98367 104572 +
651 6820 23349 + 3 1506103 1522816 +
652 2550 6415 + 3 1522822 1526899 +
652 6628 23260 + 4 802936 818278 +
653 577 6511 + 4 818995 825247 +
653 6522 20790 + 4 2001809 2015282 +
654 39 6521 + 4 2015285 2054570 +
654 6592 9729 + 7 3658878 3662190 +
654 10067 21019 + 7 3717745 3729253 -
655 296 6530 + 7 3711167 3717741 -
655 6722 20562 + 5 2047472 2061123 +
656 185 6541 + 5 2061543 2067892 +
657 54 6298 + 1 2355171 2361497 -
657 6562 11060 + 6 1033753 1038267 +
657 11308 21013 + 6 1059965 1069680 -
658 411 5191 + 6 1055449 1059864 -
658 6805 19043 + 6 3473883 3485359 -
659 6725 20401 + 4 3861232 3874630 +
660 117 6581 + 4 3875015 3881565 +
660 6651 22794 + 5 6394881 6409705 +
661 6602 21803 + 7 3271439 3286521 -
662 6683 21511 + 1 743764 759086 -
663 7979 22078 + 5 3471305 3485617 -
664 2103 6621 + 5 3466318 3470350 -
664 6635 16776 + 1 7482754 7491803 +
664 17137 19016 + 1 7502226 7504143 -
665 73 6631 + 1 7495390 7501188 -
665 6934 20360 + 5 5055665 5068420 -
666 212 6581 + 5 5048719 5055311 -
666 8070 15035 + 7 3524741 3531670 -
667 301 5613 + 7 3513685 3519077 -
667 6901 20556 + 1 6644257 6657395 -
668 334 6660 + 1 6639462 6644060 -
668 12345 35844 + 6 160063 184166 +
669 190 3283 + 6 184419 186958 +
669 6682 20294 + 5 1830414 1843743 +
670 315 4620 + 5 1844179 1848525 +
670 6846 20080 + 4 3256942 3267962 +
671 8889 17811 + 4 170179 180018 +
672 16365 21240 + 2 2796609 2801295 -
673 456 6604 + 2 2790294 2796352 -
673 6722 20531 + 1 8404499 8418022 +
674 278 2367 + 1 8418023 8420124 +
674 6831 21061 + 4 3960440 3974850 +
675 871 6731 + 4 3974905 3980935 +
675 6799 16628 + 6 3592124 3605647 -
676 39 6741 + 6 3584190 3590997 -
676 6862 20222 + 1 1052295 1063656 -
677 112 6679 + 1 1045810 1052276 -
677 7025 18567 + 3 2867517 2879237 -
678 2218 6528 + 3 2861263 2865583 +
679 12334 14859 + 6 2313171 2315733 +
680 6792 18577 + 1 9559181 9570731 -
681 417 1732 + 1 9556209 9557532 -
681 10036 20372 + 3 2674735 2685216 -
682 441 6768 + 3 2667882 2674732 -
682 6812 25665 + 4 5046036 5066117 -
683 931 6811 + 7 3135273 3140939 +
683 6822 20389 + 4 2064982 2079072 +
684 6930 19755 + 1 7449417 7461966 +
685 355 6540 + 1 7462371 7468773 +
685 6913 18935 + 1 2442672 2454111 +
686 1420 6797 + 1 2456124 2461570 +
686 6852 19554 + 4 4334124 4346261 -
687 6918 19964 + 3 500693 512589 +
688 6964 20061 + 2 2675284 2688772 -
688 4447 6861 + 3 514186 516826 +
689 6882 17995 + 2 3767494 3777278 +
689 18660 19882 + 2 4035962 4037225 -
690 307 5527 + 2 4030612 4035909 -
690 6977 14142 + 4 5157114 5159473 -
691 7404 20019 + 2 4016997 4030303 -
692 395 6797 + 2 4009546 4016995 -
692 7411 19276 + 7 1201917 1214103 +
693 287 3331 + 7 1214723 1216458 +
693 7027 20494 + 1 7751106 7764089 -
694 888 6921 + 1 7744971 7751102 -
694 6932 19401 + 3 4683049 4695668 -
695 2006 3895 + 3 4680868 4682727 -
695 7162 14404 + 1 7647616 7655007 -
695 17343 20781 + 1 7626806 7630210 +
696 1227 5704 + 1 7630215 7634633 +
696 6952 13874 + 6 845055 852191 -
697 112 6951 + 6 834119 840259 -
697 6962 19187 + 1 1065804 1078544 +
698 44 6961 + 1 1079027 1085872 +
698 6972 19239 + 3 3636939 3649304 -
699 7205 18492 + 5 1867207 1878308 +
699 360 6971 + 3 3629626 3636254 -
700 916 6911 + 5 1880282 1886454 +
700 7483 20127 + 2 20224 32998 +
700 21298 33705 + 1 6896321 6907389 -
701 938 6991 + 1 6890014 6896141 -
701 7056 14050 + 7 477458 484524 -
702 7012 20140 + 1 6017756 6030661 -
703 1024 7011 + 1 6011325 6017411 -
703 7102 18318 + 1 1096992 1109015 +
704 656 7021 + 1 1111195 1118086 +
704 8498 20180 + 6 2198117 2210076 -
705 1160 19112 + 6 2179367 2197733 -
706 7183 13910 + 6 1372997 1379595 +
706 14769 19757 + 6 1380972 1385836 -
707 1271 7051 + 6 1386132 1392444 +
707 8146 19651 + 2 4124561 4137004 +
708 2241 6824 + 2 4147147 4151817 +
708 7080 20495 + 6 2417266 2430619 -
709 1329 7071 + 6 2410478 2417202 -
709 7082 11121 + 4 825722 829663 +
709 11573 19775 + 4 842731 851147 +
710 613 5717 + 4 851207 856734 +
710 7144 20665 + 1 1852500 1860255 +
711 7102 19283 + 7 65393 78182 -
713 7122 26274 + 4 5332909 5350566 +
714 230 7121 + 4 5353879 5361946 +
714 20299 28298 + 7 754901 762806 -
715 3757 6972 + 7 746691 750175 -
715 31992 33333 + 3 5269818 5271148 +
715 7142 25079 + 4 3590994 3609348 +
716 7154 15247 + 4 2440871 2449113 +
716 15422 18795 + 4 2422472 2425959 -
717 117 6812 + 4 2414993 2421952 -
718 7172 18732 + 1 1509162 1520815 -
719 214 6002 + 1 1502744 1508616 -
720 1555 6356 + 6 140665 145203 -
720 8358 18459 + 7 872844 883165 -
721 2350 6216 + 7 884469 888406 +
722 83 7138 + 2 2376076 2383225 -
722 7213 18897 + 6 2589480 2600279 -
723 305 7211 + 6 2582546 2589147 -
723 7222 19366 + 7 932337 940363 +
724 759 2287 + 7 940631 942161 +
724 7235 19726 + 1 3271179 3283154 -
725 13272 18966 + 6 3339940 3345688 +
726 151 5416 + 6 3345690 3350842 +
726 7252 18651 + 7 3485318 3496746 -
727 11737 14752 + 5 1110928 1113959 +
728 8637 18672 + 7 373999 384308 -
729 892 7002 + 7 366911 372981 -
729 14588 19252 + 4 3507899 3512427 -
730 367 5941 + 4 3501930 3507317 -
730 7368 19819 + 3 4419668 4430884 -
731 3070 7223 + 3 4413220 4417660 -
731 7302 18900 + 4 4069825 4081667 -
732 10288 18547 + 7 781943 790584 +
733 540 7244 + 7 791508 798066 +
733 7723 18955 + 5 5594076 5605376 +
734 327 7115 + 5 5605462 5613743 +
734 8314 18067 + 3 330193 340285 +
735 8478 18704 + 6 2442098 2452935 -
736 221 4582 + 6 2437841 2441947 -
736 11321 18590 + 5 19175 26407 +
737 270 6922 + 5 26755 33551 +
737 7418 18503 + 1 3039959 3051193 -
738 20 6744 + 1 3032770 3039896 -
738 8292 18547 + 1 6232808 6242894 -
739 172 7363 + 1 6225376 6232712 -
740 861 7130 + 7 2728531 2734894 +
740 7392 18055 + 3 2479168 2490090 -
741 34 7391 + 3 2470782 2478812 -
741 12960 14033 + 7 917011 918072 +
742 884 5853 + 7 921601 926718 +
742 15975 18434 + 5 4027688 4030142 +
743 78 7411 + 5 4030199 4069653 +
743 7422 18562 + 2 3243038 3256654 -
744 577 7255 + 2 3235532 3242545 -
744 7612 18190 + 1 4762215 4772841 +
745 43 7431 + 1 4773116 4780744 +
745 7593 17963 + 1 5819344 5829942 +
746 522 4714 + 1 5830913 5835142 +
746 7452 16483 + 1 2137433 2146858 +
747 7473 14700 + 1 4780844 4788188 +
748 13768 20215 + 3 2382103 2388853 -
749 1 7354 + 3 2374546 2382057 -
749 7574 18188 + 5 5111730 5122704 -
750 955 7466 + 5 5103755 5110600 -
750 7556 18876 + 1 7505329 7520275 -
751 16404 21597 + 2 2656034 2661296 +
752 7 7501 + 2 2661389 2668763 +
752 9050 19005 + 5 4804670 4815241 +
753 863 7511 + 5 4815252 4821911 +
753 7523 12267 + 6 644242 649061 -
753 15471 17720 + 6 660760 662913 +
754 7637 16668 + 7 950019 957834 +
754 380 7408 + 6 592303 599177 -
755 1493 7531 + 7 960681 966833 +
755 7750 18007 + 1 6985836 6992707 -
755 23037 25071 + 5 1211042 1213077 +
756 7692 17052 + 6 4077573 4084924 -
757 106 5804 + 6 4071150 4076453 -
757 7937 17948 + 3 2816434 2839141 -
758 21 7491 + 3 2809028 2816332 -
758 7643 18181 + 5 1584482 1594684 +
759 8133 18003 + 5 1849198 1859318 +
760 316 7576 + 5 1859695 1867149 +
760 7598 18001 + 5 1568635 1576638 +
761 7999 18297 + 2 3759409 3767036 -
762 7696 18149 + 4 5702857 5713318 -
763 403 7611 + 4 5698193 5702681 -
763 10924 16820 + 2 262829 268383 +
764 10915 19091 + 5 6381266 6388995 -
764 912 7621 + 2 270030 277250 +
765 7642 14912 + 3 3151531 3158665 +
766 636 7034 + 3 3161879 3168217 +
766 7652 17820 + 7 4021139 4029725 -
767 104 5594 + 7 4016007 4020936 -
767 9126 13713 + 2 3479366 3484382 +
767 15009 16620 + 2 3477296 3478852 -
768 6631 7661 + 2 3469822 3470920 -
768 7790 17384 + 1 2850204 2859908 -
769 4428 7436 + 1 2832841 2836204 +
769 14031 17549 + 7 562533 565544 -
770 103 6094 + 7 555848 562089 -
770 7761 24765 + 4 5672315 5688114 -
771 1419 7638 + 4 5666133 5672307 -
771 7847 17882 + 1 3218472 3229536 +
772 450 7247 + 1 3229928 3236863 +
772 7873 16828 + 4 5005218 5014016 -
773 695 7598 + 4 4996432 5003601 -
773 7722 17174 + 1 8951655 8961309 -
774 2001 7600 + 1 8943477 8949285 -
774 7732 17567 + 3 2110914 2120302 +
775 52 7731 + 3 2120512 2128537 +
775 7813 18357 + 1 8699467 8711298 +
776 1194 7402 + 1 8711799 8726218 +
776 7806 17934 + 5 4305923 4316021 +
777 7858 15357 + 7 4078598 4086496 +
778 7828 18186 + 1 4977787 4988168 -
779 14078 32209 + 2 1466720 1485421 +
780 1111 7626 + 2 1486904 1494124 +
780 9285 17945 + 1 6242953 6248087 +
781 932 4538 + 1 6248272 6264940 +
782 107 7783 + 1 7964323 7972194 -
782 7812 17301 + 6 1647069 1656595 -
783 69 4922 + 6 1642084 1646855 -
783 7842 15776 + 4 233859 242765 +
784 7937 19031 + 1 5138834 5150159 +
785 8105 17122 + 4 5688476 5697138 +
786 7852 17185 + 3 3489688 3499052 +
787 669 5364 + 3 3499642 3504249 +
787 7862 15344 + 3 1291904 1299460 +
788 46 7811 + 3 1301697 1309538 +
788 7969 13994 + 1 1492735 1498947 +
789 8118 28493 + 5 4370826 4390812 -
790 9435 12769 + 3 1491083 1494441 -
790 13855 17982 + 3 1495508 1499646 +
791 787 7144 + 3 1499680 1505436 +
791 7902 17302 + 6 785819 795269 -
792 488 6611 + 6 779047 785405 -
792 7912 17222 + 1 1674146 1683491 +
793 199 7911 + 1 1683662 1691378 +
793 14672 16948 + 5 1950653 1952855 -
794 87 7867 + 5 1942540 1950321 -
794 8535 16532 + 2 4451412 4456905 +
795 160 7928 + 2 4457641 4465502 +
795 8047 17204 + 1 6577952 6587207 +
796 76 7941 + 1 6587233 6595530 +
796 12400 23860 + 2 36622 49117 +
796 25894 28498 + 2 562317 564607 -
797 1671 7951 + 2 549695 555973 -
797 8032 16631 + 2 1559445 1566570 -
798 175 7515 + 2 1551197 1558872 -
798 8190 13307 + 4 5097632 5100148 -
799 7982 17061 + 1 8459610 8468535 +
800 152 2418 + 1 8468552 8470887 +
800 2545 6996 + 1 8471026 8475422 -
800 10044 16569 + 7 3828438 3833963 +
801 44 3415 + 7 3834299 3837671 +
801 14439 19852 + 3 276899 282826 +
801 21414 26077 + 3 283040 287404 -
802 1792 3207 + 3 297630 298883 +
802 9582 16830 + 7 3474209 3481489 -
803 18 6807 + 7 3467246 3474208 -
803 8545 17063 + 6 1201723 1210498 +
805 2416 4008 + 2 3553434 3555011 -
805 4614 7828 + 2 3556635 3559782 +
805 17145 22872 + 1 5845773 5851561 -
807 8171 16837 + 1 169668 178499 +
807 27658 29775 + 1 185953 187930 -
808 1721 3382 + 1 183911 185562 -
808 8538 14897 + 5 3522563 3529003 +
809 8082 16414 + 2 3322060 3330140 -
810 536 8081 + 2 3296076 3321708 -
811 4483 8091 + 7 105934 109190 -
812 328 4312 + 7 1613668 1617816 +
812 8151 16616 + 4 1342586 1351403 -
813 347 8111 + 4 1333921 1342202 -
813 8239 10563 + 3 2791917 2794347 -
813 11044 16568 + 3 2795728 2801252 +
814 259 8089 + 3 2801549 2808839 +
814 12809 14845 + 1 219831 221845 -
815 3304 4614 + 1 215261 216531 -
815 8201 16274 + 7 730867 738453 +
816 70 7674 + 7 738718 746343 +
816 8152 16572 + 5 3190301 3199032 +
817 690 8093 + 5 3199732 3206978 +
817 8162 16249 + 4 2889161 2897018 +
818 3459 5542 + 4 2899657 2901937 +
818 10320 17240 + 3 5098505 5106053 +
818 17963 20548 + 3 5093403 5095560 -
819 8674 16878 + 1 1897853 1905803 -
820 415 8181 + 1 1890210 1897834 -
821 8202 16319 + 5 3278835 3287047 +
822 973 8095 + 5 3288114 3294969 +
822 14160 25837 + 2 513901 526523 -
823 119 7977 + 2 504772 513609 -
824 1128 8221 + 5 398922 404038 +
824 8232 16739 + 6 817863 826524 +
825 631 8181 + 6 826689 833721 +
825 8243 16278 + 3 1314174 1321482 -
826 1072 8173 + 3 1309730 1313844 -
827 244 7764 + 6 3401886 3423521 +
827 9135 16228 + 5 2028502 2036144 -
828 181 8261 + 5 2019916 2028375 -
829 8657 15932 + 1 2174218 2181483 -
830 898 6757 + 1 2167140 2173109 -
830 8382 15991 + 6 2019624 2027041 -
831 66 8228 + 6 2011031 2019497 -
831 9699 13005 + 3 4536846 4538478 -
832 199 4840 + 3 4599936 4606737 +
832 6342 8239 + 3 4619649 4621547 -
833 10 8115 + 1 3453157 3461596 -
833 8332 16041 + 6 2532127 2540065 +
834 8 6505 + 6 2540101 2546673 +
835 1335 8331 + 1 1160867 1168052 +
835 8615 15972 + 1 6776264 6784268 -
836 132 8080 + 1 6768239 6776127 -
836 8547 15474 + 5 3183394 3190111 -
837 437 8342 + 5 3174521 3182599 -
838 10927 15926 + 1 8756227 8761184 -
839 12996 14796 + 4 5145161 5146970 +
840 8429 15515 + 6 4126589 4133499 +
841 36 8327 + 6 4134063 4142504 +
841 8402 15769 + 5 1261648 1268592 +
842 80 7507 + 5 1268641 1277653 +
842 8412 25964 + 4 3704461 3721425 +
843 26 8321 + 4 3721441 3730026 +
843 8873 15726 + 2 3518669 3524067 +
844 138 5414 + 2 3524199 3529489 +
844 8454 15853 + 3 1111540 1119019 +
845 8842 10659 + 4 343187 344501 +
845 327 7868 + 3 1119139 1126837 +
846 9410 14758 + 6 195950 201221 -
847 1693 7364 + 6 189866 194299 -
848 264 8458 + 4 481142 489641 -
848 8472 16140 + 2 1659868 1667559 -
849 784 8471 + 2 1651881 1659857 -
850 228 8481 + 2 1366689 1374069 +
850 9628 14809 + 7 496874 502059 -
851 20 8491 + 7 487345 496213 -
851 8502 15167 + 1 6119471 6126120 -
852 735 8274 + 1 6110800 6118642 -
853 2202 8511 + 5 2882921 2888993 +
853 9548 14691 + 3 5248266 5253405 +
854 153 8384 + 3 5254075 5261896 +
854 8532 15351 + 5 5312443 5319850 -
855 548 6864 + 5 5305848 5312125 -
855 8551 15379 + 5 2925405 2932104 +
856 8586 29718 + 6 2228570 2242242 +
857 9 8550 + 6 2242908 2254097 +
857 8588 15500 + 6 287791 296285 +
858 338 5441 + 6 296305 299514 +
858 8811 14440 + 1 4658005 4663600 -
859 229 8571 + 1 4648638 4657041 -
859 8586 15224 + 3 2172369 2178606 -
860 510 8495 + 3 2166977 2171976 -
860 19746 22676 + 3 4770334 4771790 +
861 11885 15936 + 1 5853085 5857150 +
862 316 8497 + 1 5857473 5866730 +
862 8724 15351 + 1 2678871 2685540 -
863 8867 15143 + 4 1748282 1754493 -
864 146 8621 + 4 1739826 1748204 -
865 7038 8190 + 3 4811051 4815806 +
866 1524 8567 + 1 1810099 1817024 -
866 10010 15093 + 7 4036119 4040934 +
867 8694 13701 + 5 6166947 6171595 +
868 8672 14597 + 3 2962459 2976944 +
869 226 8612 + 3 2977487 2986087 +
869 8690 14460 + 4 4113685 4120100 +
870 374 8681 + 4 4120985 4128860 +
870 9162 13737 + 7 3233773 3238599 +
871 1121 8210 + 7 3240980 3248070 +
871 13427 15289 + 4 99264 101152 -
872 1424 8701 + 4 103894 109673 +
872 8798 14797 + 3 1927816 1933882 -
873 276 8711 + 3 1919134 1927510 -
873 8722 15146 + 6 4085469 4091867 +
874 374 8625 + 6 4091913 4100337 +
874 8732 14760 + 2 2978213 2982501 -
875 160 8686 + 2 2970029 2977960 -
876 2439 8741 + 5 5637333 5644043 -
877 257 8657 + 5 4907985 4916724 +
877 10099 13539 + 5 1463675 1467336 +
878 371 8761 + 5 1468692 1476399 +
878 8773 14983 + 6 950431 956565 -
879 326 4264 + 6 946518 950404 -
879 8939 14520 + 1 1732842 1738920 +
880 164 8781 + 1 1739227 1748080 +
880 9135 14633 + 4 4921498 4927100 +
881 2366 8741 + 4 4937100 4942084 -
881 9258 13701 + 7 1195105 1200699 -
882 1324 8495 + 7 1187229 1193262 -
883 8931 22159 + 1 9271844 9286631 -
884 663 5230 + 1 9265671 9271313 -
884 6338 8501 + 1 9222591 9224794 -
884 8834 14596 + 1 2001585 2007505 -
885 108 8749 + 1 1993108 2001538 -
886 163 8804 + 6 578552 587401 -
887 146 8726 + 7 1639705 1648170 -
887 8879 14342 + 3 2368902 2374366 -
888 275 3805 + 3 2364753 2368451 -
888 4402 8781 + 3 2349879 2354167 +
888 9644 13074 + 1 2008342 2011816 +
889 222 6623 + 1 2013214 2018631 +
889 8954 14704 + 6 714432 720295 +
890 276 2539 + 6 720322 722557 +
891 8902 14103 + 1 2482267 2486672 +
892 341 8147 + 1 2487329 2495124 +
892 9414 12310 + 3 4648298 4650881 +
894 10082 14486 + 6 2215657 2220378 +
895 148 8931 + 6 2220445 2228306 +
895 8969 14490 + 7 3798875 3804155 +
896 613 8862 + 7 3804719 3807831 +
896 8952 14194 + 1 707520 711834 -
897 324 8679 + 1 698709 706968 -
898 10391 14413 + 1 8616310 8620367 +
899 9251 14369 + 6 2388783 2394537 -
900 400 8981 + 6 2379717 2388399 -
901 73 8351 + 1 2941812 2950548 -
902 1818 9001 + 7 1840055 1847116 +
902 9739 13910 + 2 2956645 2960850 +
903 597 9011 + 2 2961852 2970028 +
903 9022 14445 + 2 2747971 2753435 -
904 169 9015 + 2 2738592 2747964 -
904 11204 13930 + 5 640743 643227 +
905 4336 6954 + 5 646340 648123 +
906 878 6406 + 5 4627705 4633284 +
906 9052 13379 + 7 2005344 2009588 -
907 14 8926 + 7 1995783 2004525 -
907 9785 13533 + 4 1777816 1781127 -
908 505 9061 + 4 1768395 1777045 -
908 9150 14825 + 5 5474480 5480276 -
909 11445 13792 + 5 5491186 5493533 -
910 76 9030 + 5 5482031 5490833 -
910 9376 13786 + 3 3873565 3877984 +
911 51 9011 + 3 3878302 3886902 +
911 9150 20339 + 5 6199216 6210839 +
913 9469 14336 + 3 4938966 4944111 +
914 1074 9011 + 3 4944802 4953369 +
914 10599 13869 + 5 6093584 6096889 +
915 3273 7921 + 5 6100560 6113833 +
916 2030 9106 + 3 2990661 2997943 -
916 10349 12689 + 5 6242842 6245209 +
917 50 8436 + 5 6246173 6255991 +
917 9162 17515 + 1 4994502 5002926 -
919 168 9171 + 7 1851971 1861443 +
919 19554 22236 + 5 552346 554681 -
920 9763 17539 + 5 628934 636780 +
921 9202 11682 + 5 4081390 4083756 -
922 397 9201 + 5 4069678 4078931 -
922 9212 10635 + 3 3722652 3724082 +
923 9577 13702 + 6 957075 961233 +
924 271 4955 + 6 961616 966352 +
924 10565 18433 + 7 1601494 1608096 -
925 9387 11939 + 5 127219 130326 +
926 378 2985 + 5 160408 163092 -
926 9516 13273 + 7 1689550 1693250 -
927 3337 9251 + 7 1678656 1684376 -
928 411 9261 + 1 5382855 5389359 +
929 593 9271 + 1 7980916 7989781 -
930 3331 9279 + 1 3530774 3536725 -
930 10044 13705 + 4 1985676 1989295 +
931 623 9281 + 4 1989832 1998854 +
931 9302 13675 + 4 4351394 4355810 +
932 9593 13116 + 5 1457182 1460741 -
933 499 8949 + 5 1447667 1456289 -
933 9322 13374 + 1 4545488 4549624 -
934 811 9321 + 1 4522693 4531329 -
934 9332 13331 + 3 3649724 3653750 +
935 311 6472 + 3 3654419 3660647 +
936 88 9277 + 4 3946702 3955929 -
936 9380 13349 + 1 6537319 6541347 +
937 38 9269 + 1 6541603 6550775 +
939 10471 13534 + 3 1758243 1761299 +
940 49 9369 + 3 1761315 1770751 +
940 9535 12792 + 7 1743469 1746757 +
941 234 9313 + 7 1747687 1757044 +
942 434 9301 + 6 2164242 2172001 +
942 9412 13248 + 1 4143141 4146978 -
943 153 9336 + 1 4134154 4142760 -
943 9422 13533 + 4 1971220 1975321 +
944 524 8849 + 4 1975776 1983922 +
945 2490 9250 + 4 5736824 5743640 -
946 4456 5923 + 3 762043 763468 -
947 275 8596 + 1 4309689 4357252 +
949 72 9405 + 1 8638880 8648116 +
949 9482 15065 + 1 8552052 8557738 +
950 10623 13536 + 2 3458551 3461484 +
951 222 9432 + 2 3461520 3469777 +
951 9504 12964 + 1 8930995 8934265 +
952 366 9451 + 1 8934804 8943395 +
953 223 7839 + 6 3837127 3845005 +
953 9550 13441 + 3 3702617 3706560 -
954 184 8673 + 3 3693699 3702528 -
954 9947 20203 + 1 4674375 4683759 +
955 9789 12510 + 1 5867012 5868465 +
957 9614 12253 + 6 3772559 3775061 +
958 9598 12837 + 5 2246833 2250221 -
958 1669 5157 + 6 3777547 3780885 +
960 199 9581 + 3 3858042 3867833 -
961 111 8367 + 3 3103441 3111855 -
961 9602 13117 + 1 7376850 7380655 +
962 28 9553 + 1 7380712 7388425 +
962 14767 22598 + 4 190321 197807 -
963 460 7379 + 5 6154701 6161783 +
963 9622 12902 + 6 2404487 2407797 -
964 289 8643 + 6 2395762 2403947 -
964 9887 13086 + 7 167051 170228 -
965 51 7063 + 7 159909 167001 -
965 9657 13379 + 7 3119624 3123491 -
966 336 9599 + 7 3109870 3119596 -
966 9844 12877 + 6 2669993 2672596 -
967 115 9651 + 6 2660034 2669885 -
967 9724 12987 + 4 1939914 1943186 -
968 436 5117 + 4 1934667 1939471 -
968 9794 14294 + 5 4196357 4201384 +
969 1727 9405 + 5 4201613 4209187 +
969 10220 12620 + 5 5100865 5103212 -
970 1512 9452 + 5 5090907 5098877 -
970 10151 12434 + 2 11891 19620 -
971 225 2467 + 2 8935 11176 -
972 326 9701 + 1 8542436 8552009 +
973 87 9711 + 2 708549 718671 +
973 10035 12358 + 1 8588252 8590581 +
974 59 9721 + 1 8591148 8601412 +
975 6281 8751 + 4 409336 411873 -
975 9979 12618 + 1 1384477 1387125 -
976 42 9741 + 1 1374688 1384250 -
976 9752 13052 + 3 4198016 4201312 -
977 232 9743 + 3 4188371 4198015 -
977 9817 12002 + 4 1259078 1261184 +
978 444 3536 + 4 1262636 1265770 +
978 4126 9761 + 4 1278061 1283705 +
979 157 9710 + 1 8578383 8587891 +
980 641 9493 + 5 3049919 3058377 +
980 9847 13096 + 7 1398943 1402203 +
981 9802 12836 + 4 1539781 1542757 +
982 288 9324 + 4 1543011 1552239 +
985 341 2251 + 6 3893966 3895871 +
985 3008 9725 + 6 3870964 3877859 +
985 9842 12513 + 7 774114 776863 +
986 45 4327 + 7 776943 781368 +
986 6349 8638 + 7 764614 766910 -
986 9855 12383 + 1 3128265 3130789 +
987 292 9610 + 1 3131206 3140969 +
988 1930 8186 + 5 1407077 1413328 -
989 592 9553 + 1 7928262 7936761 +
990 90 7520 + 2 755404 762457 -
991 215 9834 + 4 2879367 2889142 +
991 9902 13775 + 2 1525289 1529166 +
992 1617 9419 + 2 1529363 1537525 +
992 9914 11796 + 1 1650317 1652146 -
993 1344 9911 + 1 1638382 1647191 -
994 641 7801 + 4 5069772 5076886 +
995 4667 8604 + 6 423776 427751 -
995 9942 12000 + 6 2608277 2610165 +
996 167 7360 + 6 2610532 2618314 +
998 10093 11611 + 4 2439167 2440753 -
999 476 9969 + 4 2428832 2438354 -
1000 4649 9696 + 5 6123389 6129366 +
1001 388 8623 + 4 2544906 2555220 -
1001 10223 11998 + 4 1727035 1728759 +
1002 123 9981 + 4 1728948 1739225 +
1003 10022 11501 + 7 966898 968376 +
1004 394 9947 + 7 969436 978958 +
1005 2571 4555 + 2 3658160 3660132 -
1005 10245 12799 + 1 8629851 8632173 -
1006 926 6893 + 1 8623702 8629788 -
1006 8247 9992 + 1 8633070 8634800 +
1007 10062 11129 + 4 2945680 2946739 +
1008 960 10055 + 4 2948333 2957856 +
1008 10133 12105 + 1 6749640 6751610 -
1009 1061 10071 + 1 6739302 6748470 -
1010 10681 12634 + 1 3091903 3093856 +
1011 761 9965 + 1 3093861 3103177 +
1012 10112 13042 + 3 2585357 2588286 +
1013 1950 4154 + 3 2589058 2591232 +
1013 10122 11974 + 5 5854295 5856168 -
1014 159 10113 + 5 5842396 5854291 -
1014 10439 11863 + 3 3627792 3629322 -
1015 498 10095 + 3 3617599 3627269 -
1016 1884 5319 + 7 1559673 1563637 -
1017 12 10151 + 5 5366855 5377330 -
1018 103 1177 + 5 351504 352555 +
1018 8455 9987 + 5 340425 342280 -
1019 10182 12563 + 1 4411328 4413706 -
1020 850 10181 + 1 4402258 4411323 -
1021 2326 9862 + 7 220312 226384 -
1022 10212 12422 + 5 5079307 5081593 -
1023 1114 10197 + 5 5068699 5078854 -
1024 65 10162 + 4 2960073 2969542 +
1025 2491 3690 + 3 4987463 4988570 -
1027 352 10173 + 2 851951 862242 +
1027 10262 11496 + 1 4742365 4743595 +
1028 87 10261 + 1 4743774 4753931 +
1028 10440 11532 + 6 3363174 3364245 -
1029 54 9556 + 6 3353564 3363053 -
1031 565 10291 + 6 1024285 1031668 -
1031 10302 12254 + 1 1490483 1492395 -
1032 216 10118 + 1 1480348 1490146 -
1033 1326 10311 + 7 4142834 4152581 +
1035 354 10331 + 2 2988099 2998108 +
1036 414 10341 + 3 2569109 2579223 +
1036 10370 11381 + 4 5430677 5431719 -
1037 624 10351 + 4 5419643 5430191 -
1038 167 10200 + 3 3279899 3290231 -
1039 10382 11824 + 1 627044 628474 -
1040 882 10359 + 1 616112 626624 -
1043 29 10411 + 5 4113360 4123914 +
1045 199 9713 + 6 4056789 4066563 -
1046 825 10373 + 1 6967504 6977748 +
1048 328 8468 + 7 3899086 3906450 -
1049 182 10471 + 7 3018008 3028451 -
1051 375 10445 + 5 2227613 2236869 +
1052 7410 9985 + 4 390173 391378 +
1054 1108 8939 + 4 3188478 3196462 +
1055 358 2946 + 5 2875499 2878109 +
1057 265 10473 + 2 969035 979397 +
1059 326 10258 + 4 5517516 5527644 +
1060 337 8179 + 4 424987 433203 -
1063 594 10344 + 3 4347578 4357768 +
1064 239 10569 + 5 5024228 5034680 +
1065 719 10631 + 4 3892206 3902460 +
1066 2717 10641 + 3 4666675 4675358 -
1067 277 10538 + 7 3739206 3750084 -
1068 64 10631 + 7 1501638 1509519 -
1069 697 10671 + 6 3752418 3763003 -
1070 2887 10681 + 5 5040315 5048660 +
1070 10728 19204 + 4 3202791 3211579 -
1071 563 2825 + 4 3198980 3201424 -
1072 331 10162 + 3 3605791 3615899 +
1073 710 10297 + 5 4017980 4027679 +
1074 221 10721 + 1 7244315 7252668 +
1076 4313 10617 + 2 2831053 2837174 +
1077 34 10091 + 2 958009 968069 -
1079 62 9915 + 1 9759877 9770360 -
1080 314 10781 + 1 3359905 3371155 -
1081 244 8380 + 6 1408 8775 -
1082 133 10374 + 1 4664282 4674013 -
1083 4921 7260 + 6 410954 413302 -
1084 291 10821 + 7 1411105 1421003 +
1084 17490 19513 + 4 4988622 4990227 +
1086 266 6250 + 6 1951937 1958046 +
1087 1667 10176 + 1 3349722 3358535 -
1089 2233 10870 + 4 663017 671489 +
1091 807 8710 + 6 1731978 1740141 -
1092 2214 10901 + 4 3485479 3494038 -
1093 594 10364 + 6 1353289 1362307 +
1094 568 1965 + 2 1549308 1550680 -
1094 2850 10344 + 2 1568201 1575674 +
1095 7227 10086 + 4 339086 342397 +
1096 1010 9369 + 1 4473642 4482302 +
1099 1067 10971 + 7 1663210 1673561 -
1099 11577 18776 + 4 1294392 1301648 -
1100 997 9043 + 4 1286382 1294367 -
1101 750 10258 + 4 4619608 4663520 +
1102 2243 10990 + 7 3249859 3260201 +
1103 766 10950 + 1 9210695 9220769 +
1104 4164 9065 + 3 4726327 4731706 -
1105 850 10136 + 3 4173245 4182571 +
1106 862 9204 + 6 2525900 2531891 -
1107 2749 8245 + 5 1487446 1493204 +
1109 1059 10994 + 5 5889088 5925087 +
1110 1459 10198 + 1 7083224 7091494 -
1112 6286 9285 + 1 300615 303648 +
1117 1123 9719 + 1 8511004 8519691 +
1118 1544 9274 + 4 5080548 5087752 +
1119 13788 19311 + 2 4176902 4179437 +
1121 1217 10993 + 6 1362816 1372619 +
1122 1292 10924 + 1 6520032 6536890 +
1123 4531 10482 + 7 463396 466365 -
1125 1301 9853 + 1 5206270 5214817 +
1127 1357 9098 + 3 1817834 1825984 +
1128 1446 10266 + 3 3916725 3925327 -
1129 1380 10325 + 1 1723455 1732708 -
1130 3508 8278 + 3 4931343 4936326 +
1131 217 1408 + 3 4937308 4938558 +
1131 1423 11291 + 4 4020328 4030868 -
1133 2177 9258 + 1 8395525 8402540 -
1134 130 1450 + 1 8393486 8394799 -
1135 3121 7680 + 6 148817 154802 -
1137 1552 8650 + 6 1792043 1827668 -
1138 7098 11099 + 1 6763796 6768017 +
1139 792 8920 + 4 549176 556083 +
1142 1720 9696 + 7 3909193 3917048 -
1143 50 1727 + 7 3907624 3909169 -
1143 1793 11411 + 7 721028 730763 -
1145 4487 9687 + 4 866322 870635 -
1146 272 1735 + 4 864661 866137 -
1146 2026 9856 + 4 1577849 1585846 -
1147 288 1695 + 4 1576403 1577841 -
1147 1949 9558 + 6 1573647 1579817 +
1148 4726 9349 + 1 2362442 2366674 +
1151 2460 9685 + 4 538180 546796 -
1152 198 1307 + 4 537052 538153 -
1152 1991 9792 + 3 1827883 1833803 +
1153 362 2003 + 3 1833868 1835501 +
1154 284 2037 + 4 698909 700609 -
1155 2170 9476 + 4 4773135 4780229 -
1156 2314 8739 + 1 6130845 6137200 +
1158 4486 7384 + 7 1444974 1448160 +
1159 1113 2162 + 7 1484499 1485578 -
1159 2173 11562 + 4 5439518 5449213 -
1160 8294 10009 + 6 418941 420115 -
1161 4053 8292 + 4 1088082 1091445 -
1162 2378 9439 + 2 3228749 3235436 -
1166 5725 9083 + 2 3806365 3809558 +
1167 147 1523 + 2 3809847 3811303 +
1167 2916 9219 + 7 3555382 3561671 -
1168 13 2181 + 7 3553316 3555379 -
1168 3219 8504 + 1 7639953 7645277 -
1169 223 2471 + 1 7636731 7639093 -
1169 2605 7614 + 2 1496281 1501330 -
1170 5312 8872 + 2 1985467 1988873 -
1171 5 2439 + 2 1982548 1985210 -
1171 12786 19097 + 3 3888020 3894342 +
1173 16332 18606 + 1 2829850 2832154 -
1174 860 9388 + 1 2821190 2829632 -
1175 2724 9191 + 6 3081190 3087643 -
1177 13 1489 + 5 6042622 6044101 -
1177 5389 9222 + 1 7476157 7480259 +
1178 3422 8561 + 1 662367 667880 -
1180 4479 6336 + 6 415364 416512 -
1181 2865 9088 + 7 1492886 1499027 +
1183 2837 8983 + 5 3385429 3391579 +
1185 4876 9775 + 2 3511136 3516148 +
1186 851 2152 + 2 3516154 3517491 +
1186 3311 8683 + 2 150345 157228 -
1188 4599 6280 + 6 457350 458532 -
1189 5415 8568 + 1 211857 213134 -
1190 2977 8885 + 1 6854457 6860449 +
1191 3571 8804 + 5 413355 418779 -
1192 394 2608 + 5 410636 412853 -
1192 3050 9805 + 4 1839157 1846054 -
1193 3302 8915 + 4 4915171 4921013 -
1194 279 3075 + 4 4912153 4914943 -
1194 3087 8964 + 2 2068309 2074377 +
1195 3196 9751 + 6 1630603 1637079 +
1196 319 2374 + 6 1637147 1639577 +
1196 3675 6531 + 5 82096 84734 -
1198 3604 8502 + 1 4607988 4612579 -
1199 435 3132 + 1 4604887 4607286 -
1199 3233 7829 + 4 4010254 4016538 +
1200 338 3204 + 4 4017719 4020012 +
1200 3389 8935 + 1 6661882 6667549 +
1201 244 3281 + 1 6667560 6670671 +
1201 3533 8438 + 1 2836668 2841714 +
1202 114 3225 + 1 2842054 2845188 +
1203 640 3341 + 4 3888156 3891197 +
1203 3352 11976 + 4 3273804 3282523 -
1205 3489 8933 + 1 1977517 1983129 -
1206 781 3321 + 1 1974337 1976981 -
1206 3490 7891 + 1 4754226 4758642 +
1207 1154 3365 + 1 4760512 4761786 +
1207 3525 8851 + 5 2038383 2043608 +
1208 288 3440 + 5 2043662 2046916 +
1210 771 3321 + 6 1834021 1836619 +
1210 3532 8834 + 2 98674 104226 -
1211 354 2128 + 2 96900 98654 -
1211 15944 20039 + 5 1525638 1529769 +
1211 3571 12091 + 8 99077 108070 -
1213 4893 8657 + 4 3424832 3428629 -
1214 553 3473 + 4 3421291 3424456 -
1214 3678 12121 + 2 3330574 3339101 -
1217 2550 9651 + 3 1836041 1842957 +
1218 3762 7880 + 1 5307223 5311364 +
1219 648 3765 + 1 5311909 5314896 +
1219 3874 5494 + 1 9459384 9461109 +
1220 3787 8374 + 4 3902511 3907177 +
1221 54 3233 + 4 3907246 3910538 +
1222 852 3799 + 3 3366496 3369293 -
1222 3810 6434 + 4 4129138 4131826 +
1223 3932 12211 + 1 8601491 8609692 -
1225 4102 9988 + 1 5680414 5686536 -
1226 403 2644 + 1 5678134 5680411 -
1227 3935 8684 + 6 856380 859886 -
1228 28 3539 + 6 852735 856313 -
1229 4009 8264 + 1 9545296 9549720 +
1230 131 3601 + 1 9549871 9553380 +
1230 4028 8337 + 5 4012857 4017222 -
1231 6316 8327 + 2 3819867 3821850 -
1232 165 4043 + 2 3815789 3819776 -
1232 6556 8864 + 4 5279616 5281939 -
1233 935 2714 + 4 5277636 5279294 -
1234 28 4086 + 5 4128132 4131911 +
1235 5747 8800 + 5 1784280 1787257 +
1240 2351 4165 + 1 6964035 6965868 +
1240 4260 6955 + 7 1174414 1177216 -
1243 1165 4282 + 7 2998346 3001490 -
1243 6882 12330 + 5 4780822 4802947 -
1243 12673 14945 + 4 231034 233537 -
1244 44 1167 + 4 229698 231004 -
1245 4326 11114 + 3 2635390 2642061 -
1246 2323 3488 + 3 2634200 2635263 -
1247 4394 7165 + 1 2690742 2693551 -
1248 802 4394 + 1 2685765 2689377 -
1248 4405 11935 + 1 3341128 3348830 +
1250 4781 8751 + 4 3153692 3157956 -
1251 745 4451 + 4 3149947 3153675 -
1251 5854 12340 + 2 3724308 3731555 +
1251 12502 19858 + 1 5287558 5294488 +
1252 939 8024 + 1 5295541 5302505 +
1253 166 4471 + 1 5302668 5306995 +
1253 9011 10317 + 1 8492949 8494287 -
1254 87 1936 + 1 8490300 8492351 -
1254 5271 6641 + 7 4234232 4235720 +
1256 5468 8023 + 7 3144393 3146987 +
1257 297 4489 + 7 3147264 3151145 +
1257 4565 7582 + 4 5431824 5434825 +
1258 29 4537 + 4 5435178 5439459 +
1259 4796 7949 + 7 3889097 3891844 +
1260 11 4627 + 7 3891852 3896602 +
1262 4732 7941 + 1 6034945 6038180 -
1263 203 4259 + 1 6031016 6034756 -
1265 3414 4721 + 6 4009706 4011039 -
1265 5574 8333 + 3 4954178 4956959 +
1266 4882 9208 + 4 3694353 3698709 -
1267 436 3802 + 4 3690803 3694347 -
1269 357 4801 + 2 2355513 2359967 -
1270 515 4649 + 4 3613011 3617028 +
1270 4923 8938 + 1 6704234 6708314 +
1271 1104 4525 + 1 6708341 6711619 +
1271 4930 8808 + 1 6850267 6854163 -
1272 998 4871 + 1 6846278 6850259 -
1274 1230 4334 + 5 6117417 6118747 -
1274 5006 7782 + 3 4401814 4404613 +
1275 134 4945 + 3 4404716 4409690 +
1275 5092 12155 + 4 3939104 3946079 +
1277 6120 7399 + 7 86810 88095 -
1278 2485 5027 + 7 78310 85399 -
1278 5038 7751 + 5 1476481 1479178 +
1279 528 4915 + 5 1479754 1484063 +
1280 5325 7477 + 4 4139928 4142092 +
1282 770 3063 + 1 5837231 5839567 -
1283 5232 7166 + 1 4415562 4417199 +
1284 608 4073 + 1 4417499 4420982 +
1284 5190 7663 + 6 2605748 2608269 -
1285 5333 7555 + 4 4669719 4671928 -
1286 228 5154 + 4 4664660 4669613 -
1286 5360 7602 + 4 3513394 3515638 -
1287 2688 3823 + 4 5791598 5792704 +
1292 204 4354 + 4 458633 462978 -
1293 99 5355 + 3 2922663 2927943 +
1294 5491 8872 + 6 684859 688283 +
1296 2991 4326 + 2 4466794 4468070 -
1296 5479 7898 + 5 6134833 6137343 -
1297 19 3003 + 5 6131906 6134753 -
1297 5510 7951 + 4 3789571 3792029 -
1298 474 3184 + 4 3786314 3789076 -
1300 1941 4720 + 6 3848630 3851501 -
1300 5583 6873 + 1 7368495 7369755 +
1301 2034 5583 + 1 7371029 7374557 +
1308 2879 4823 + 7 3993074 3995023 -
1309 203 5814 + 5 2916059 2921779 +
1312 3683 5666 + 1 2339257 2341129 +
1313 2694 5833 + 1 8058854 8061838 +
1315 21 4670 + 2 4000013 4004651 -
1315 6221 7289 + 1 394158 395158 +
1316 1036 3704 + 1 395983 398637 +
1316 5994 7177 + 1 2503739 2504921 -
1317 81 5996 + 1 2497685 2503675 -
1321 431 5996 + 4 4516173 4520764 -
1322 813 2408 + 5 547776 549424 -
1323 2676 5548 + 4 4971528 4974247 +
1325 831 5604 + 7 3665185 3670498 -
1326 345 6183 + 2 2753533 2759452 -
1326 6432 13221 + 7 3041552 3048180 +
1329 1411 6067 + 2 3738461 3742999 +
1332 275 6429 + 7 1421008 1427291 -
1332 6493 9169 + 3 3291376 3294061 +
1333 531 4640 + 3 3294064 3298201 +
1334 6611 11886 + 5 5083576 5089165 +
1340 893 3270 + 2 3541562 3543989 -
1341 409 6579 + 1 4513631 4519403 +
1342 364 6605 + 2 3025257 3031437 +
1343 1033 6349 + 5 1278580 1284651 +
1346 2911 4812 + 6 2434628 2436550 +
1348 380 3444 + 2 867733 869635 +
1350 1311 6520 + 2 3546112 3550790 +
1352 157 4567 + 4 859493 864609 -
1353 186 6821 + 5 5011445 5018005 -
1353 6863 10916 + 4 5620550 5624672 -
1354 2656 6675 + 1 1247338 1251429 +
1355 83 1419 + 1 1251478 1252806 +
1359 367 6989 + 1 8422553 8429121 -
1361 1076 6421 + 6 1588081 1593498 +
1362 3388 6334 + 7 3499110 3502107 +
1363 670 3711 + 5 6162728 6166939 -
1365 735 6630 + 1 3335031 3341080 -
1367 974 7222 + 2 2783841 2790039 +
1367 7340 8535 + 1 1119326 1120458 +
1368 441 4888 + 1 1120924 1125399 +
1371 910 6564 + 3 2494439 2500166 +
1372 1650 7242 + 4 4103860 4109466 -
1378 1682 3101 + 5 889832 891286 -
1380 2160 3337 + 1 5891910 5893184 +
1382 1299 5457 + 4 763611 767584 -
1383 2219 5110 + 4 5942458 5945180 -
1384 1355 5811 + 7 3029503 3033754 +
1388 1115 5883 + 4 1758485 1763065 -
1392 4556 6699 + 4 655152 656588 -
1394 1786 6196 + 3 2133938 2138335 +
1395 166 1384 + 3 2138472 2139785 +
1396 2292 6579 + 2 3217652 3221778 +
1397 163 1266 + 2 3221883 3223018 +
1397 1316 5771 + 6 1869300 1873683 +
1399 1304 6403 + 5 2694099 2699348 +
1401 1823 6417 + 6 2454421 2459052 +
1402 351 1813 + 6 2459054 2460524 +
1402 2028 5044 + 4 5458402 5461555 -
1403 1888 5157 + 1 5689599 5692863 -
1405 1951 7937 + 3 2357422 2363733 +
1406 3222 5963 + 3 4663852 4666660 +
1408 2241 5120 + 1 7255791 7258678 -
1411 2048 4171 + 4 4976137 4978265 +
1412 2116 5822 + 5 3794811 3798677 -
1413 150 2092 + 5 3792501 3794474 -
1413 2335 3608 + 4 1402512 1403802 +
1414 2152 5197 + 2 3988241 3991634 +
1415 4062 5413 + 5 124446 125803 -
1419 2435 6195 + 5 1789990 1793862 +
1420 298 1934 + 5 1793921 1795570 +
1420 2416 6182 + 5 3744314 3747922 +
1421 268 1988 + 5 3747944 3749565 +
1421 3409 5805 + 1 7116861 7119279 +
1422 2406 5385 + 1 6598624 6602223 -
1423 89 2386 + 1 6595534 6598036 -
1423 2538 5825 + 4 3701049 3704287 -
1425 2491 5853 + 7 529402 533017 -
1426 285 2492 + 7 526757 529084 -
1426 2504 5853 + 3 2581777 2585019 -
1427 84 2508 + 3 2579272 2581681 -
1428 1431 5754 + 2 1645839 1650139 +
1430 2598 5337 + 6 2521120 2523912 -
1431 61 2601 + 6 2518279 2520668 -
1431 3166 4605 + 2 4276615 4278039 +
1432 3428 6713 + 5 4394162 4397436 +
1434 2092 3363 + 4 832510 833789 +
1438 3777 5302 + 4 335236 336679 -
1439 151 2442 + 4 332302 334744 -
1440 2033 5085 + 2 498751 501792 +
1441 558 2047 + 2 503053 504539 +
1442 1295 6621 + 2 1374497 1379844 -
1444 3342 5588 + 5 622947 625202 +
1445 2990 5739 + 5 5521216 5523544 -
1446 13 1993 + 5 5519234 5521179 -
1446 3358 8157 + 1 8203781 8208912 -
1447 2076 7815 + 7 798369 804023 +
1449 8857 12450 + 1 8503006 8506582 +
1450 122 2045 + 1 8506656 8508671 +
1456 228 2606 + 1 715092 717641 +
1457 3365 5506 + 6 2341255 2343361 +
1458 158 2988 + 6 2343697 2346555 +
1459 110 3322 + 7 590060 593352 +
1460 750 2072 + 4 5787169 5788440 -
1460 3302 4693 + 4 4928581 4930026 +
1465 3459 7170 + 2 2533050 2536522 -
1466 1595 3307 + 2 2531345 2533049 -
1466 3596 5555 + 4 434216 436159 +
1467 3532 5542 + 4 1766342 1768368 -
1468 43 3583 + 4 1763108 1766329 -
1468 3947 5384 + 6 1741017 1742589 +
1469 99 3531 + 6 1742845 1746409 +
1470 2414 3626 + 6 3771269 3772487 +
1472 2783 5410 + 6 2624063 2626541 -
1473 135 1508 + 6 2622134 2623830 -
1475 4253 5671 + 3 3536771 3538183 +
1477 3962 5423 + 1 3141462 3142941 +
1478 12 3847 + 1 3142987 3146774 +
1478 4107 5809 + 7 3705551 3707275 +
1479 418 3818 + 7 3707300 3711145 +
1481 196 1532 + 7 3264635 3265979 +
1482 3969 5835 + 1 8564794 8566640 +
1483 1968 3918 + 1 8568102 8570099 +
1485 339 3950 + 5 4534909 4538642 -
1485 3961 9391 + 3 1934004 1939483 -
1489 4399 8982 + 3 179212 190479 +
1493 407 3776 + 2 1978859 1982202 +
1494 151 4136 + 2 2495963 2499881 +
1494 4211 5350 + 6 649069 650208 +
1495 68 4250 + 6 650242 654684 +
1496 727 3703 + 3 1390428 1393455 -
1496 3805 5609 + 7 1793140 1794929 -
1497 702 3772 + 7 1789599 1792720 -
1499 3680 5624 + 1 2349460 2351513 +
1500 404 3425 + 1 2351562 2354745 +
1503 113 4411 + 1 2664146 2668500 +
1504 625 4350 + 2 2081970 2085705 +
1504 5236 7304 + 2 721261 723329 -
1505 1677 5656 + 4 2764838 2768807 +
1509 215 4646 + 3 174524 178885 +
1509 4657 6996 + 1 2043815 2046101 +
1510 3215 5427 + 4 5449291 5451521 +
1511 268 3219 + 4 5451564 5454764 +
1513 1076 4358 + 4 476563 479656 -
1514 57 4192 + 4 1782009 1786181 -
1515 1638 4829 + 3 2128561 2131827 -
1517 474 4813 + 4 1254234 1258523 -
1518 576 4124 + 1 8571458 8575162 +
1521 774 4456 + 1 6079539 6083176 -
1522 77 4965 + 1 1988068 1992983 +
1523 2687 5663 + 1 4300428 4303420 +
1524 664 2526 + 1 4303431 4305327 +
1525 3483 4715 + 5 2103028 2104246 -
1526 231 3492 + 5 2099224 2102442 -
1527 892 4560 + 7 1177767 1181482 -
1532 436 2249 + 4 4932290 4934116 -
1534 611 5332 + 5 4525913 4530640 -
1535 485 5444 + 3 1329481 1334603 +
1539 691 3287 + 1 3051198 3053818 +
1541 678 3993 + 2 2545093 2548102 -
1544 831 5125 + 6 4004302 4009233 +
1547 360 2390 + 7 1184592 1186714 -
1549 1300 2456 + 6 3426615 3427778 +
1550 940 5628 + 1 5215849 5220606 -
1551 58 2158 + 3 661470 663729 +
1555 105 3824 + 7 1674996 1678460 +
1555 3836 8126 + 2 3153637 3157918 -
1556 929 5262 + 2 87271 91667 -
1559 1800 5670 + 5 2104498 2108344 -
1560 3038 4851 + 5 2175021 2176851 +
1561 1305 5139 + 3 3169414 3173357 -
1568 541 2022 + 3 4722191 4723675 +
1574 1803 4508 + 2 3391040 3393798 -
1577 1250 2675 + 5 6090267 6091713 -
1580 3007 6552 + 1 1983262 1986769 +
1583 1073 2340 + 5 5494584 5495902 -
1586 2223 4958 + 6 654693 657469 +
1587 4218 5617 + 1 8650044 8651544 +
1591 2780 4162 + 2 3998391 3999813 -
1592 327 2329 + 2 3995093 3997694 -
1592 3298 4440 + 4 4137175 4138321 +
1593 8262 11395 + 1 453951 455957 +
1594 179 2137 + 1 6126133 6128222 -
1594 2215 5496 + 1 7469094 7472709 +
1595 126 2393 + 1 7472776 7474862 +
1598 2543 4576 + 4 1653145 1655143 +
1600 626 2095 + 4 1436718 1438163 -
1600 3208 5673 + 7 1654603 1657087 -
1601 2171 4649 + 1 6363356 6365997 +
1602 215 1370 + 1 6366000 6367128 +
1602 2727 4966 + 6 859906 862135 +
1603 542 2662 + 6 862166 864212 +
1605 189 1579 + 4 3732331 3733705 +
1606 2322 3531 + 4 418589 419964 +
1607 717 2133 + 4 421667 422906 -
1608 417 4255 + 2 3021170 3024854 -
1609 2629 4812 + 4 767599 769799 -
1611 1319 4148 + 6 3087660 3094106 -
1617 93 3022 + 1 2461620 2464506 -
1618 342 1629 + 1 1253384 1254667 -
1620 1158 3277 + 2 2002722 2004843 +
1624 109 1541 + 7 228700 230156 -
1625 66 3246 + 7 3504334 3507607 +
1627 653 4273 + 2 1955821 1959492 -
1629 329 4424 + 1 6004090 6008228 +
1631 932 3516 + 7 3036302 3038952 -
1633 1256 3662 + 1 4398890 4401315 +
1637 308 3942 + 7 1739218 1741960 -
1637 3979 5440 + 4 2969866 2971335 +
1638 9 1871 + 4 2971456 2973337 +
1644 1661 4033 + 1 9770491 9771836 +
1646 3441 6339 + 7 3507660 3510562 +
1648 54 4017 + 4 2055199 2059250 +
1651 484 1607 + 3 4676595 4677685 -
1654 424 2592 + 4 531242 533308 +
1655 450 3941 + 7 1992173 1995660 -
1657 663 4521 + 7 1757047 1760618 -
1658 360 3208 + 6 2375487 2378336 -
1659 946 3298 + 6 1626436 1628835 -
1660 294 3064 + 4 3417653 3420267 -
1666 1001 4412 + 1 9206931 9210317 +
1670 930 3949 + 4 1787633 1790653 -
1671 1074 2716 + 4 5527658 5529319 +
1674 1103 3920 + 5 406058 409009 +
1678 1254 5012 + 1 4253204 4257122 -
1679 1866 3024 + 7 3106770 3107955 -
1684 1480 3054 + 2 3364112 3365751 +
1686 6185 8674 + 6 639203 641705 +
1691 1281 5009 + 1 2937440 2941153 -
1694 2124 3688 + 5 4775775 4777408 +
1697 1966 5667 + 3 4183621 4187296 -
1699 811 3019 + 7 3676758 3704424 +
1699 6314 7479 + 1 5582387 5583513 +
1702 20 1370 + 5 555763 557265 +
1707 661 2182 + 2 2076998 2078476 -
1707 2237 5855 + 7 1566930 1570445 -
1707 5927 6987 + 7 1659454 1660538 +
1708 119 2219 + 7 1660968 1663110 +
1708 2474 3507 + 3 3303675 3304767 -
1720 5 2780 + 1 7078659 7081602 -
1725 435 3049 + 5 2921798 2924459 -
1727 923 3095 + 1 7937101 7939334 -
1737 1131 2860 + 7 638115 639882 +
1737 3457 6339 + 7 1428670 1431684 -
1739 1677 3317 + 5 3381831 3383691 +
1740 110 1561 + 5 3383957 3385407 +
1746 571 2535 + 1 6659004 6661397 +
1750 1830 3491 + 5 2162716 2164459 +
1760 48 2923 + 3 3146057 3148571 -
1762 1163 3943 + 3 4398228 4401559 +
1769 476 3696 + 3 1453525 1456803 +
1770 158 3365 + 2 1667604 1670835 -
1771 582 2125 + 6 421138 422536 +
1772 1115 3756 + 5 1379280 1381960 +
1775 934 3098 + 2 2549377 2551549 -
1776 988 4246 + 5 2701031 2704384 +
1778 205 2228 + 1 5649434 5651500 -
1783 671 1843 + 3 4409800 4410993 -
1785 22 1479 + 1 5221857 5223318 +
1786 209 1966 + 4 4582067 4583626 +
1788 1224 3778 + 5 4777950 4780550 -
1789 2471 4409 + 7 2640817 2642683 -
1792 1229 3150 + 6 3455240 3457087 +
1799 592 2513 + 2 4006805 4009080 +
1800 57 2328 + 1 4519685 4522030 -
1800 2564 4145 + 7 772473 774097 -
1801 245 1545 + 5 2414741 2416023 -
1802 154 1185 + 1 1578315 1579556 -
1811 2164 5144 + 6 1021076 1024218 -
1813 979 2542 + 1 7215034 7216601 +
1818 1700 3052 + 5 5523558 5524997 +
1824 523 2316 + 1 9204601 9206417 +
1828 284 2667 + 3 2354229 2356719 -
1829 3540 5050 + 7 1904920 1906258 +
1830 849 3059 + 7 2786063 2788450 -
1830 6122 7866 + 1 8522316 8524064 -
1842 2561 5258 + 4 4346716 4349844 -
1849 1751 3009 + 1 1523953 1525199 +
1856 393 1852 + 1 2693614 2695108 -
1857 2023 3479 + 3 4396522 4397957 -
1861 1310 3014 + 3 3363763 3365469 +
1862 1623 3498 + 5 5742388 5744318 +
1867 1663 4385 + 4 5663255 5666003 +
1869 806 2669 + 5 3710967 3712863 +
1870 816 2466 + 7 1658053 1659389 -
1877 1663 3879 + 1 9039526 9042105 -
1883 4 1819 + 7 1787734 1789561 +
1890 371 1512 + 4 2063438 2064657 +
1893 1315 3892 + 1 342109 344968 -
1902 1065 3122 + 1 8508944 8511003 -
1905 1176 2469 + 4 2060744 2062058 -
1906 41 1210 + 4 2059482 2060630 -
1907 1354 3818 + 2 277307 279820 +
1908 350 2229 + 1 6808988 6810686 -
1913 344 2562 + 1 1521140 1523468 +
1918 338 2797 + 2 862369 864828 +
1921 2108 3415 + 2 3223962 3225363 -
1924 474 2569 + 1 6670679 6672777 +
1925 555 2412 + 5 3708957 3710824 -
1937 697 2141 + 4 3655182 3656633 +
1955 254 1394 + 5 3743070 3744256 +
1960 98 2340 + 3 3149096 3151459 +
1964 174 1244 + 7 3142154 3143235 +
1978 1119 2257 + 6 971367 972963 -
1982 824 3003 + 2 2541265 2543519 -
1988 487 1513 + 3 2348016 2349083 -
1994 886 2647 + 1 3166777 3168595 -
2014 1117 2485 + 7 484601 486011 +
2025 142 1528 + 3 4431538 4432987 +
2036 459 2320 + 5 5591714 5593697 +
2037 378 1839 + 4 416511 418503 -
2044 149 1156 + 3 1107988 1109004 -
2051 320 1797 + 1 2048973 2050524 +
2102 199 1349 + 4 3689023 3690204 -
2112 556 1701 + 3 1110008 1111179 +
2122 198 1899 + 1 2668617 2670413 +
2138 50 1702 + 1 4257126 4258861 +
2151 73 1564 + 1 4939942 4941360 -
2176 316 1750 + 4 161097 162534 -
2179 9 1039 + 1 2661656 2662694 -
2216 2635 3995 + 4 3483927 3485323 -
2260 326 1507 + 3 3488526 3489681 -
2280 1606 2832 + 4 4579384 4580622 +
2299 627 1815 + 4 4852980 4854210 -
2314 949 2469 + 5 885192 886556 +
