1 44316 50068 + 5 1071626 1079738 +
1 1201526 1217165 + 5 5673927 5682084 -
1 650173 653565 + 4 5932177 5935446 -
1 1799968 1803181 + 13 2043 5256 -
1 11793 43605 + 1 6958030 6980478 -
1 63236 123068 + 1 6903026 6957818 -
1 126089 132592 + 1 6321373 6327927 +
1 138123 622636 + 1 6460202 6902978 -
1 625961 627760 + 1 3836496 3839379 +
1 643720 648583 + 1 6378756 6383467 -
1 655599 701043 + 1 6329728 6377524 -
1 756917 794421 + 1 6263090 6296998 -
1 795012 956006 + 1 6117623 6249465 -
1 958481 980053 + 1 6093957 6116173 +
1 982044 1107222 + 1 5976929 6090756 -
1 1107929 1118646 + 1 5944460 5955163 -
1 1118741 1174367 + 1 5868839 5919953 -
1 1175989 1186231 + 1 8440160 8450516 -
1 1219859 1379784 + 1 8293293 8438937 -
1 1380181 1382542 + 1 5941801 5944154 -
1 1397074 1399016 + 1 902423 904372 -
1 1402384 1414267 + 1 8267229 8279176 -
1 1415338 1536008 + 1 8133392 8227082 -
1 1537468 1758138 + 1 8478104 8659239 +
1 1767027 1792629 + 1 8687061 8713263 -
1 1831853 1836324 + 1 3695445 3699919 -
1 1843382 1848325 + 1 4179237 4183985 -
1 1857104 1866219 + 1 8676955 8685633 -
1 1885791 2024508 + 1 8720702 8822548 +
2 2526 11597 + 3 4889011 4898197 -
2 16838 19245 + 3 4913662 4916023 +
2 25178 26686 + 3 4876320 4878055 +
2 29670 32488 + 3 4922793 4925160 -
2 81795 83154 + 3 4920728 4922108 -
2 84635 91354 + 3 4868627 4875539 +
2 120150 125855 + 3 4858581 4861288 -
2 192967 263292 + 3 4767460 4805717 -
2 309484 343650 + 3 4726459 4753079 -
2 379029 380790 + 3 4724189 4725460 -
2 383113 392332 + 3 4663809 4673298 +
2 467298 473627 + 3 4676781 4682526 +
2 481614 541298 + 3 4686841 4723673 -
2 551753 687574 + 3 4525940 4657935 -
2 692469 695914 + 3 4518785 4522359 +
2 703026 728214 + 3 4490172 4515342 -
2 729149 738006 + 3 4480652 4489235 +
2 738607 746413 + 3 4469708 4478101 +
2 749245 763094 + 3 4453553 4467306 +
2 766702 932360 + 3 4295508 4451519 -
2 932596 936229 + 3 4291188 4294811 +
2 936876 945585 + 3 4282145 4290966 -
2 946758 1097398 + 3 4097844 4255001 -
2 1124576 1126651 + 3 909982 912056 +
2 361067 364614 + 4 5991493 5995082 -
2 372444 375873 + 5 592911 596337 -
2 443083 446707 + 6 2830282 2833681 +
2 47211 49592 + 2 1155084 1157468 -
2 275805 280459 + 2 2126683 2131260 -
2 73351 76180 + 10 1156 2585 -
3 406 2440 + 2 1110028 1111794 +
3 575567 577493 + 2 4177775 4179641 -
3 852149 858745 + 2 4101111 4107714 +
3 1237464 1242298 + 7 1826155 1830820 -
3 1263224 1280012 + 5 1102588 1107189 -
3 1107717 1114732 + 4 2019575 2026579 -
3 660454 662954 + 6 2644974 2647404 -
3 24199 115911 + 1 1438320 1526561 -
3 119967 137458 + 1 1416434 1434919 +
3 139050 171417 + 1 1379761 1413627 -
3 174158 177900 + 1 3868823 3872583 +
3 197843 314186 + 1 1298312 1379462 -
3 315111 320051 + 1 1291196 1296045 +
3 320710 321851 + 1 1296802 1298006 -
3 322483 382999 + 1 1229628 1290131 -
3 383313 574523 + 1 1026503 1219141 -
3 578760 654692 + 1 977604 1025483 -
3 663617 721272 + 1 925490 977286 -
3 722332 849142 + 1 751322 871801 -
3 872291 925881 + 1 698361 749889 -
3 928537 952533 + 1 644292 668607 -
3 955659 994970 + 1 594145 636250 +
3 995168 996782 + 1 636462 637954 -
3 997342 1002317 + 1 638624 643391 +
3 1032838 1038446 + 1 5743626 5756171 -
3 1072779 1105443 + 1 556039 588068 -
3 1125464 1139129 + 1 541942 554980 -
3 1139609 1160321 + 1 519650 541366 +
3 1161697 1187766 + 1 492168 518526 -
3 1192039 1200083 + 1 479749 487797 +
3 1202366 1227432 + 1 448108 478197 -
3 1282705 1286329 + 1 444491 447918 -
3 1287493 1288960 + 1 489053 490493 -
3 17643 20768 + 10 12482 15619 -
4 780 15304 + 3 2776774 2791119 +
4 16506 19405 + 3 2791917 2794929 -
4 19699 148608 + 3 2795550 2923476 +
4 149926 244820 + 3 2924227 2989096 -
4 245149 293234 + 3 2990041 3030698 +
4 338074 431704 + 3 3031810 3119981 +
4 432432 436596 + 3 3121357 3125320 -
4 438089 978665 + 3 3126197 3635135 +
4 317232 318265 + 5 584528 585592 -
4 326116 328784 + 5 580706 584245 -
4 318637 320042 + 7 2234861 2236260 -
4 320438 323233 + 7 2217170 2219961 -
5 335227 337323 + 7 2085374 2087491 -
5 149279 153067 + 4 3306945 3310536 +
5 32718 127402 + 1 1526957 1573164 +
5 128316 133270 + 1 1574628 1579584 -
5 134387 147381 + 1 1580757 1594088 +
5 155800 292859 + 1 1597534 1736057 +
5 302639 303964 + 1 3861671 3862839 +
5 315915 325469 + 1 1736375 1745819 +
5 346144 419564 + 1 1746023 1812443 +
5 431101 737369 + 1 1813858 2081735 +
5 740528 746533 + 1 2334895 2340735 +
5 752603 797880 + 1 2082598 2125995 +
5 295880 297226 + 2 1284793 1286134 -
5 297715 300286 + 3 736502 739019 -
5 420464 422495 + 3 2231946 2233986 -
6 106877 109534 + 5 4517075 4519651 +
6 1413 86121 + 1 2126094 2205392 +
6 117459 126185 + 1 6250767 6259089 -
6 128411 202452 + 1 2206695 2273346 +
6 202515 303910 + 1 2342707 2443071 +
6 304277 342474 + 1 2443453 2480634 -
6 345196 900238 + 1 2481804 2913564 +
7 8276 28424 + 4 4684017 4700375 +
7 99589 212511 + 4 4701327 4806893 +
7 214011 218390 + 4 4807725 4812413 -
7 220079 256059 + 4 4813848 4849764 +
7 265952 353308 + 4 3769965 3839560 -
7 354008 382940 + 4 3713670 3742579 -
7 413215 655432 + 4 3513394 3713018 -
7 659717 662021 + 4 5791530 5793836 +
7 662597 678363 + 4 5628746 5643848 -
7 48222 78197 + 1 6388480 6406533 +
7 262981 265736 + 3 3722126 3724043 -
7 394259 398257 + 3 854718 858725 +
8 31871 35189 + 4 5744028 5747306 +
8 175575 176856 + 7 1443606 1444883 +
8 2642 28258 + 2 725182 749331 -
8 35437 42013 + 2 718509 724582 -
8 43383 51998 + 2 708697 717841 +
8 60606 62472 + 2 696012 698043 +
8 65409 172695 + 2 654003 681106 +
8 187679 192600 + 2 689326 693960 +
8 205800 241377 + 2 616285 649181 -
8 244089 257607 + 2 597496 613184 +
8 261699 316091 + 2 578626 592598 -
8 332424 477306 + 2 438566 571955 -
8 481277 494846 + 2 424494 434315 +
8 496375 528487 + 2 401607 423667 -
8 530138 583305 + 2 337692 390366 -
8 587977 630402 + 2 315632 332366 +
8 648265 668061 + 2 292348 313362 -
8 671085 679794 + 2 283822 290202 +
8 682637 710190 + 2 252113 280594 -
9 301684 303811 + 1 4163015 4165140 +
9 422240 430514 + 1 6309572 6316960 -
9 582525 585435 + 1 4336289 4339187 +
9 563 34240 + 7 3172067 3199722 -
9 35889 95109 + 7 3100380 3161136 +
9 99390 107790 + 7 3161812 3170589 +
9 113365 125455 + 7 3083918 3096069 +
9 127599 156190 + 7 3053648 3083166 +
9 157043 301001 + 7 2931877 3052354 -
9 306396 320572 + 7 2906391 2920259 -
9 323233 329158 + 7 4035952 4041474 +
9 353076 418572 + 7 3976051 4033946 -
9 499397 519428 + 7 3963657 3971695 +
9 520608 548448 + 7 3938166 3960868 -
9 603132 652063 + 7 3898744 3936167 -
9 654100 660035 + 7 3891384 3897550 +
9 663891 683941 + 7 3869461 3889290 +
9 685788 749015 + 7 3833133 3867702 -
9 753245 754383 + 7 3830742 3831870 +
9 761022 823827 + 7 3775342 3825686 -
9 825678 834265 + 7 3765251 3773866 +
9 837001 868897 + 7 3730403 3761497 -
9 95958 99034 + 5 5911405 5914424 -
10 5924 35370 + 6 1729006 1756189 +
10 35560 60873 + 6 1760572 1795046 +
10 69416 82702 + 6 1823960 1837278 +
10 84660 89705 + 6 1837851 1842883 -
10 90562 123654 + 6 1852906 1886920 +
10 126269 192678 + 6 1912797 1977141 +
10 193729 202582 + 6 1977845 1986796 -
10 203783 347993 + 6 1989141 2102717 +
10 349135 352204 + 6 2103769 2106981 -
10 352821 609268 + 6 2107696 2352017 +
10 619039 638092 + 6 2355786 2374411 -
10 640339 838258 + 6 2375101 2558349 +
11 1580 57230 + 4 5570955 5628043 -
11 147813 232170 + 4 5479242 5568447 -
11 233639 251186 + 4 5458402 5475438 +
11 256001 313314 + 4 5396200 5455765 -
11 314610 315726 + 4 5394674 5395790 +
11 323417 379857 + 4 5332878 5389767 -
11 380826 481990 + 4 5250884 5308141 -
11 487197 499332 + 4 5196320 5207845 -
11 500336 508379 + 4 4967024 4974138 -
11 509144 572847 + 4 5120449 5194854 -
11 57457 62485 + 1 5973605 5976683 -
11 321243 322925 + 7 610409 612102 -
12 14957 138585 + 1 5545239 5652420 -
12 138683 501961 + 1 5136704 5529911 -
12 4313 5795 + 8 30863 32669 +
13 62614 63623 + 7 4234824 4235829 +
13 835 59747 + 5 18956 73470 +
13 87946 149272 + 5 87436 130329 +
13 150612 153798 + 5 160407 163650 -
13 159614 183587 + 5 133092 158610 +
13 194932 218601 + 5 166487 209273 +
13 233632 337862 + 5 209713 303717 +
13 339678 352108 + 5 305418 318025 -
13 365652 425640 + 5 321731 345124 +
13 428085 432257 + 5 348488 352739 -
13 432947 470281 + 5 353469 381779 +
13 472851 492228 + 5 382552 395063 -
13 228449 229681 + 3 5075928 5077040 -
14 12612 14521 + 4 1468505 1470384 -
14 17851 42073 + 1 8828957 8852067 -
14 52686 73923 + 1 8908256 8929292 +
14 86179 91496 + 1 8930332 8934892 -
14 93870 113042 + 1 8939688 8959380 +
14 115868 130452 + 1 8960887 8975773 -
14 131647 156654 + 1 8976450 9010219 +
14 158435 174652 + 1 9013857 9030634 -
14 178242 221941 + 1 9031780 9077987 -
14 227549 250192 + 1 9080990 9102605 +
14 251700 260289 + 1 9105484 9114035 -
14 263108 297402 + 1 9115805 9151323 +
14 298736 336015 + 1 9227220 9264853 -
14 338381 354318 + 1 9154373 9182373 -
14 355980 396469 + 1 9184699 9224301 +
14 398336 468512 + 1 9265484 9387117 +
14 470344 506731 + 1 9392628 9421464 -
14 519010 526530 + 1 9426484 9434192 -
15 368098 374868 + 4 5239825 5246575 -
15 467 18044 + 5 5247584 5261227 +
15 21573 58471 + 5 5264988 5301092 -
15 60467 204379 + 5 5302186 5457033 +
15 205896 214209 + 5 5458021 5466576 -
15 215427 228670 + 5 5467296 5481019 -
15 229236 241482 + 5 5481598 5493449 +
15 247910 254917 + 5 5497917 5505657 +
15 262928 311770 + 5 5507621 5540109 +
15 336023 365378 + 5 5545320 5574920 +
15 377071 434391 + 5 5576804 5636257 +
15 434948 476113 + 5 5636818 5650165 -
15 477097 482282 + 5 5650535 5655816 +
15 485440 573278 + 5 5713624 5803026 +
15 576347 590244 + 5 5805712 5820212 -
15 591212 659195 + 5 5822332 5872608 +
15 662040 677632 + 5 5917110 5936409 -
15 678029 696151 + 5 5872703 5891136 -
15 697372 700942 + 5 5939154 5942805 -
15 707224 779725 + 5 5948328 5969861 +
15 780970 782937 + 5 5978141 5980052 -
15 791154 792436 + 5 6027664 6028955 +
15 255173 258361 + 6 2913278 2916503 +
15 320681 322105 + 6 1908707 1910146 -
16 412389 417308 + 6 2796379 2801371 -
16 15580 69786 + 4 842741 871242 -
16 70741 194948 + 4 763620 829175 -
16 199182 211311 + 4 745559 758372 +
16 218879 223643 + 4 736928 741450 -
16 236947 238468 + 4 725677 727181 +
16 241346 242394 + 4 722815 723864 -
16 245940 257929 + 4 698400 703528 +
16 260337 273047 + 4 685037 695932 +
16 288435 295775 + 4 705108 717587 -
16 303054 354556 + 4 655152 681990 -
16 376472 407853 + 4 624530 654068 -
16 418626 549012 + 4 546589 623399 -
16 552334 638383 + 4 514097 541597 +
16 641212 645178 + 4 509320 511522 -
16 689306 724116 + 4 478119 502585 -
16 732593 748001 + 4 415325 431408 +
16 359695 361061 + 2 1360971 1362299 -
16 676291 683904 + 5 6180202 6186976 -
17 46371 47447 + 5 1144480 1145573 -
17 81271 82943 + 5 1150253 1151910 -
17 14838 42715 + 6 3499182 3556904 -
17 52285 64180 + 6 3479945 3495471 -
17 67960 75205 + 6 3470332 3476329 -
17 93132 159137 + 6 3421612 3468466 -
17 160339 242464 + 6 3321109 3406956 -
17 263876 276940 + 6 3305594 3318359 -
17 283466 294997 + 6 3288772 3300286 +
17 297575 339791 + 6 3243516 3286941 -
17 356680 373911 + 6 3213399 3230801 -
17 397740 426644 + 6 3152717 3176970 +
17 65037 66648 + 1 8893865 8895206 -
17 253075 258718 + 1 673305 678978 +
17 463731 465526 + 1 9504187 9505988 -
17 456270 459796 + 4 5212392 5215921 +
18 455771 459024 + 4 1476322 1479503 -
18 9507 62550 + 5 2625818 2679971 -
18 62628 140236 + 5 2521897 2593893 -
18 141102 153212 + 5 2509077 2521319 +
18 153491 156761 + 5 2504183 2508646 -
18 157366 165715 + 5 2494999 2503503 +
18 166465 238114 + 5 2423111 2494566 -
18 238804 246465 + 5 2408014 2415996 -
18 247233 260149 + 5 2391526 2404652 +
18 263386 279982 + 5 2375694 2391095 -
18 280656 292964 + 5 2362225 2375071 +
18 294760 439895 + 5 2211553 2361409 -
18 468836 815991 + 5 1893805 2211254 -
18 816530 820895 + 5 1880421 1884877 +
18 824038 931897 + 5 5045463 5156945 -
19 40503 324433 + 4 4343492 4624517 +
19 325773 349178 + 4 4660752 4683565 +
19 379406 409861 + 4 5044457 5076983 -
19 410655 443389 + 4 5089760 5119915 +
20 2873 117836 + 7 3513685 3623121 +
20 122160 146883 + 7 3626516 3650085 -
20 147865 203622 + 7 2855940 2903721 -
20 205840 206994 + 7 2854335 2855529 +
20 207845 212192 + 7 2848964 2853122 -
20 214805 219873 + 7 2842676 2847936 +
20 220673 307138 + 7 2741670 2841761 -
20 364785 596777 + 7 2507600 2741442 -
20 598251 609782 + 7 2483306 2494843 -
20 308340 310493 + 2 701310 703451 +
20 316218 317932 + 1 3601146 3606491 +
20 321991 325412 + 1 2309473 2312882 -
20 656035 663496 + 4 1066321 1073004 -
21 40099 43047 + 7 1010747 1013647 -
21 169452 171733 + 7 2497260 2500762 +
21 8701 31371 + 4 3028369 3051319 +
21 32990 35635 + 4 3083308 3085770 +
21 44442 77673 + 4 3086201 3116737 +
21 93331 94725 + 4 3745108 3746499 -
21 131084 152252 + 4 3117164 3138803 +
21 220299 223673 + 4 2722978 2726334 -
21 271893 326650 + 4 3140836 3193617 +
21 348558 419058 + 4 3193861 3262607 +
21 327049 328802 + 5 853859 855486 -
21 254019 258544 + 1 5737576 5742020 -
21 241809 246263 + 6 2893541 2897985 +
21 77762 79640 + 2 3602144 3604034 +
21 198985 201525 + 2 1253653 1256205 -
22 5261 114294 + 7 3654263 3729252 -
22 117767 166918 + 7 4066706 4104599 -
22 179260 180548 + 7 2401615 2402852 -
22 192785 194961 + 7 4062450 4064689 -
22 223917 240936 + 7 4043350 4059195 -
22 315607 325385 + 7 4106285 4116505 -
22 357053 365499 + 7 4118433 4126446 +
22 373497 465510 + 7 4127029 4196135 -
22 468704 484593 + 7 4200613 4228497 +
22 202732 207334 + 4 5324663 5329181 +
22 541571 552685 + 4 831095 842141 -
22 563419 565781 + 4 1895344 1897718 -
22 333695 335439 + 6 1756326 1758144 -
22 244916 257506 + 1 9776539 9781803 +
23 571641 574244 + 2 1066459 1069019 +
23 532 33802 + 5 3725791 3749564 +
23 37494 45715 + 5 3765839 3774180 -
23 72110 74347 + 5 4507344 4509584 -
23 75482 88770 + 5 3751593 3764912 -
23 90093 340681 + 5 3774958 4033353 +
23 340965 451480 + 5 4065603 4159501 +
23 452734 527372 + 5 4171602 4235055 +
23 527721 571169 + 5 4249549 4289069 +
23 575594 687879 + 5 4290007 4390438 +
23 688274 691428 + 5 4390664 4392810 -
23 693355 721356 + 5 4394162 4419399 +
23 65611 71963 + 4 4283478 4289703 +
24 342725 346784 + 1 4329993 4333990 +
24 394783 396131 + 3 4991624 4993008 +
24 13360 88998 + 5 6372102 6409460 -
24 91695 96979 + 5 6366552 6371440 +
24 98720 99785 + 5 6364026 6365090 +
24 100338 114245 + 5 6346443 6360224 -
24 117485 121531 + 5 6342560 6345964 +
24 122335 151296 + 5 6313095 6340886 +
24 151615 173089 + 5 6293192 6312434 -
24 223900 229041 + 5 6275552 6280457 +
24 245487 286877 + 5 6242767 6274007 -
24 305581 308700 + 5 1204982 1208103 -
24 318641 338441 + 5 6225152 6240273 -
24 384440 390256 + 5 6194715 6197351 +
24 406387 423637 + 5 6198696 6210839 +
24 449407 479311 + 5 6154620 6177471 -
24 486163 518569 + 5 6122950 6138118 -
24 525257 528263 + 5 6117449 6118755 +
24 529777 619693 + 5 6081536 6116477 -
25 93096 95640 + 6 2787331 2789877 +
25 107822 134712 + 7 2105609 2134894 -
25 135568 423776 + 7 1839390 2076056 -
25 427991 676738 + 7 1627371 1823595 -
25 739025 825876 + 7 1584550 1626550 -
25 17364 22228 + 4 878112 883106 -
25 29146 31869 + 4 1033746 1036442 +
25 84032 88495 + 4 1158913 1162006 -
25 36277 38640 + 1 3923485 3925926 -
25 684616 688030 + 1 3765805 3769152 -
25 712379 713518 + 1 206373 207512 -
25 51378 56041 + 3 885221 888367 -
26 680 160029 + 1 7554477 7681888 -
26 213556 296767 + 1 7504867 7553886 -
26 301943 313248 + 1 7493882 7504144 +
26 313593 490644 + 1 7324697 7491803 -
26 524592 640853 + 1 7237625 7321500 -
26 657349 658856 + 1 4880404 4881459 +
26 192949 194295 + 2 4345274 4346567 +
26 491113 498030 + 4 947613 954927 +
26 508865 515837 + 4 3074100 3081032 +
27 449889 451471 + 1 3950073 3951586 +
27 539448 541809 + 3 1343660 1346081 +
27 12125 85699 + 6 939329 1004853 +
27 87567 106753 + 6 1006899 1026058 -
27 109370 114526 + 6 1089349 1094365 -
27 121952 150071 + 6 1042350 1069677 +
27 150338 162963 + 6 1026865 1038267 -
27 163830 288410 + 6 1096157 1236396 +
27 291084 297889 + 6 1239273 1245946 -
27 298387 397221 + 6 1247261 1317496 +
27 398535 410257 + 6 1318831 1328779 -
27 413121 427719 + 6 1340466 1355114 +
27 456120 528637 + 6 1355474 1427396 +
27 542009 872176 + 6 1427752 1728006 +
28 354683 359835 + 7 2154172 2159283 -
28 3561 132032 + 6 817272 938596 -
28 133478 177887 + 6 780091 816931 +
28 178432 237343 + 6 726241 778217 -
28 240715 244616 + 6 718583 722477 +
28 245228 302723 + 6 663971 718030 -
28 368369 405488 + 6 625743 657510 +
28 412227 451832 + 6 561019 599214 -
28 452497 474075 + 6 534037 556031 -
28 478190 510820 + 6 489590 524936 +
29 13641 15675 + 1 3743746 3745757 +
29 30962 32840 + 1 4353287 4355177 -
29 665939 668068 + 2 4118545 4120665 -
29 46573 49645 + 4 4641072 4644144 -
29 412692 415911 + 4 2370653 2373875 +
29 694872 696425 + 4 5986912 5988292 -
29 2905 11955 + 5 4479755 4488732 +
29 49764 66311 + 5 4489521 4506653 +
29 67379 407419 + 5 4520257 4840347 +
29 443453 661579 + 5 4841287 5043527 +
29 681143 683658 + 5 4034803 4037288 -
29 29754 30903 + 7 2247099 2248693 +
30 1393 164127 + 3 2335894 2522209 +
30 210129 297361 + 3 2522351 2599709 +
30 298256 300753 + 3 2600374 2602384 -
30 302145 374231 + 3 2603844 2651805 +
30 198615 200135 + 2 140262 141804 +
30 180286 181358 + 1 6301410 6302479 -
31 105931 107057 + 4 4988526 4989630 +
31 109648 111381 + 5 5494705 5496124 +
31 12926 17259 + 10 111285 115546 +
31 45616 89036 + 6 423781 427944 -
31 94492 105186 + 6 415640 422648 +
31 119166 141637 + 6 398587 413282 +
31 149519 162203 + 6 227727 240815 +
31 163270 176821 + 6 243844 257289 -
31 178313 207653 + 6 258456 296434 -
31 212608 246799 + 6 297560 330720 -
31 248077 252042 + 6 331819 335889 -
31 258076 274436 + 6 339441 349993 +
31 275603 321703 + 6 198181 226429 -
31 323239 345077 + 6 185156 196521 +
31 346139 371956 + 6 160068 184809 -
32 132032 133807 + 1 8228056 8229819 -
32 369178 375506 + 1 3746876 3752609 -
32 161873 164498 + 5 1224672 1227402 +
32 93924 97722 + 4 432081 435838 +
32 137770 147938 + 4 459434 470107 +
32 170900 260601 + 4 331164 400196 -
32 269224 299142 + 4 203265 218095 +
32 301163 303743 + 4 221004 223607 -
32 308891 344771 + 4 228818 241954 -
32 364551 368857 + 4 243716 247503 +
32 375838 463851 + 4 248024 319133 +
32 475034 520167 + 4 164702 197288 -
32 20018 23544 + 7 1067512 1070849 +
32 115473 121500 + 7 2473477 2481573 +
32 33326 39755 + 2 3545793 3551910 +
32 42806 79909 + 2 3511120 3545110 -
33 53333 60965 + 5 4463846 4471388 -
33 906790 907853 + 1 5759109 5760167 +
33 496304 503504 + 2 2144228 2151065 +
33 135188 138150 + 3 936180 939151 -
33 11228 16429 + 4 1489660 1494775 -
33 20197 28692 + 4 1435150 1442504 -
33 29449 49540 + 4 1421229 1433687 +
33 84178 88751 + 4 1412803 1417345 -
33 90668 96158 + 4 1398351 1403802 +
33 99764 130213 + 4 1367886 1397383 -
33 175804 254793 + 4 1292898 1366861 -
33 255642 341778 + 4 4851997 4927557 +
33 343331 347164 + 4 4938279 4942083 -
33 353049 487904 + 4 3842545 3928384 +
33 507208 631246 + 4 3933103 4031329 +
33 631581 720668 + 4 4063858 4142944 +
33 724245 733064 + 4 4147037 4155709 -
33 733915 796212 + 4 4156047 4230143 +
33 796425 798934 + 4 1267375 1270282 -
33 800940 805966 + 4 4241694 4245208 +
33 864213 865789 + 4 4248449 4250031 +
33 866451 900385 + 4 4301833 4329844 +
33 910461 912956 + 4 4330760 4333330 -
33 914586 919674 + 4 4334123 4339368 +
33 855724 858958 + 6 2696224 2699449 -
34 2490 68127 + 1 1520 16446 -
34 115098 118166 + 1 193080 195268 +
34 316642 319765 + 1 211143 212777 +
34 389181 444519 + 1 215284 258577 +
34 468652 473617 + 1 9744493 9749263 -
34 480137 486903 + 1 1221333 1228106 -
34 496281 505848 + 1 260758 294232 -
34 530059 532678 + 1 295923 298013 -
34 551936 563649 + 1 305703 316224 +
34 588279 597757 + 1 319284 328240 +
34 600593 603054 + 1 328603 331092 -
34 603142 624870 + 1 332246 356070 +
34 164051 177385 + 4 4262763 4274122 +
34 519802 523110 + 4 5924293 5927050 -
34 539995 544252 + 4 1137642 1149544 +
34 376250 378604 + 2 1175925 1178361 +
34 91994 96457 + 6 2804623 2809095 -
34 178936 183405 + 7 2344111 2348589 -
34 204658 209126 + 7 2454242 2458718 -
34 232537 237003 + 7 4237919 4242394 +
34 575313 578856 + 7 2416109 2419079 +
34 361051 366051 + 10 118293 123390 +
35 348826 352042 + 5 1043586 1046736 -
35 35017 340308 + 4 2070884 2314202 +
35 395638 417011 + 4 2315348 2336190 +
35 417736 432555 + 4 2379699 2388486 +
35 432980 508591 + 4 2393273 2467264 +
36 538 14071 + 5 5238618 5247201 -
36 16023 22473 + 5 5165698 5172089 +
36 53783 97296 + 5 5172925 5216694 +
36 129032 140438 + 5 5216958 5226292 +
36 167228 173817 + 5 5158538 5165212 -
36 174227 181134 + 5 1885535 1892459 +
36 182648 262491 + 5 1799130 1879771 -
36 263031 324806 + 5 2735044 2767513 +
36 326232 335348 + 5 2770274 2778102 -
36 27023 33649 + 2 3670012 3676434 -
36 161414 162626 + 2 390949 392158 -
36 113841 120770 + 10 52937 59641 +
37 419 137311 + 1 4483319 4604763 -
37 159570 291654 + 1 4356224 4482705 -
37 292798 294281 + 1 4334064 4335566 -
37 294608 366429 + 1 4242638 4314109 -
37 371925 419073 + 1 4195704 4242017 -
37 419331 421795 + 1 4167072 4169586 -
37 422532 500718 + 1 4096085 4162542 -
37 505319 530515 + 1 3972736 4009479 -
37 599178 600505 + 1 3940426 3946821 +
37 153990 157930 + 2 3823729 3826394 +
37 571775 575042 + 6 2868916 2873985 -
37 368166 371922 + 7 811031 818230 +
37 544290 546776 + 7 2179921 2182408 +
37 582431 585714 + 7 3415415 3417288 -
38 466 439188 + 5 3093258 3432452 +
38 439273 474510 + 5 3447670 3483016 +
39 50514 64831 + 1 8117073 8132571 +
39 65249 66774 + 1 8475604 8477179 -
39 66938 71405 + 1 8471026 8475422 +
39 71572 91890 + 1 8450643 8470887 -
39 93597 125576 + 1 5830913 5868346 -
39 163720 217795 + 1 5773140 5829818 -
39 218165 301995 + 1 5652745 5734593 -
39 161377 162659 + 6 2917834 2919804 +
40 876 98395 + 3 2236911 2334748 -
40 98500 197657 + 3 2096841 2185266 -
40 198424 212953 + 3 2081826 2096513 +
40 215494 354707 + 3 1948032 2078837 -
40 356108 515324 + 3 3918098 4073154 +
40 515565 516833 + 3 4095624 4097238 +
40 544169 545527 + 3 929447 930605 +
40 552797 557485 + 7 269059 273875 +
40 557820 565643 + 7 292898 301062 +
40 612203 615690 + 7 302062 305549 +
40 619815 661129 + 7 222524 256211 -
40 662024 686295 + 7 587149 610319 +
40 686901 712506 + 7 624665 651069 +
40 601111 605561 + 2 111911 116490 -
40 723778 725232 + 4 4047207 4048652 +
41 26285 33282 + 3 438526 445445 -
41 100864 104983 + 1 4033312 4036701 -
41 71095 75225 + 7 2373557 2377691 -
41 52130 58845 + 5 5896395 5903020 +
41 16659 17809 + 6 385004 386151 +
41 46454 47795 + 4 1273352 1274702 -
41 135109 190214 + 2 3553438 3575043 +
41 202605 219899 + 2 4053639 4063654 +
41 225956 228558 + 2 4048234 4051099 -
41 230845 232018 + 2 4045050 4046209 +
41 297851 299394 + 2 4037754 4039075 -
41 300010 349738 + 2 3777580 3821852 +
41 351301 385262 + 2 3834172 3863640 +
42 590 97088 + 3 3635327 3721871 +
42 101368 297794 + 3 3730017 3914676 +
43 801 77024 + 2 1921952 2003692 -
43 80346 111458 + 2 1890630 1920312 +
43 116911 121225 + 2 1882949 1887028 -
43 124083 125961 + 2 3830058 3832098 +
43 126189 137196 + 2 1868086 1880973 -
43 141977 171087 + 2 1837216 1867757 -
43 176388 190215 + 2 1818329 1831611 +
43 192453 244837 + 2 1771377 1817630 -
43 254456 336736 + 2 1688270 1768696 -
43 338861 488730 + 2 2933561 3066886 +
43 491260 502142 + 2 3069110 3079947 -
43 502912 505093 + 2 3080873 3083034 +
43 506547 526519 + 2 3085276 3098136 -
43 528071 814026 + 2 3098967 3410569 +
43 139858 141602 + 6 3631268 3632889 -
43 248212 250811 + 6 2980591 2983202 -
44 1218 49021 + 3 1350797 1400964 +
44 51659 70099 + 3 1403949 1415194 -
44 73099 86150 + 3 1415818 1428401 -
44 87262 92111 + 3 1431572 1436802 -
44 93418 114967 + 3 1437858 1460800 -
44 115930 122653 + 3 1462704 1469680 -
44 123317 300799 + 3 1470488 1568647 +
45 512717 515432 + 1 4045364 4048082 -
45 9961 11033 + 7 1183065 1184107 -
45 11747 28181 + 7 1184592 1196739 +
45 28392 31761 + 7 1197838 1201147 -
45 34820 67541 + 7 1201567 1225592 +
45 75767 224692 + 7 460302 584802 -
45 228039 230990 + 7 455050 458454 +
45 238784 246133 + 7 442864 450767 +
45 248120 253604 + 7 433248 438762 -
45 255743 292869 + 7 394423 426671 +
45 304261 309073 + 7 426953 432081 -
45 310080 313816 + 7 387663 391440 -
45 324537 354581 + 7 321704 377230 +
45 354946 433334 + 7 1503870 1583102 +
45 531016 537345 + 7 278607 284732 -
45 437850 451742 + 5 614816 626048 -
45 452128 479079 + 5 559812 579821 -
45 559721 567329 + 5 551055 558443 -
45 579030 580631 + 5 547776 549430 +
45 581215 597468 + 5 532545 545855 +
45 601797 636331 + 5 481967 528868 -
46 32565 35967 + 2 1833744 1835765 -
46 40527 157202 + 7 1207 45502 +
46 160515 161728 + 7 51481 52820 -
46 162300 263677 + 7 53254 107792 +
47 21467 26582 + 4 5858965 5864080 +
47 415028 418089 + 1 2322610 2325671 +
47 219326 226015 + 5 6067428 6081323 +
47 30095 40511 + 3 449793 457100 -
47 49089 115607 + 3 384305 423804 -
47 121128 139667 + 3 330194 345655 -
47 140706 145593 + 3 296507 301068 -
47 147226 180928 + 3 283040 295383 +
47 181269 215878 + 3 250643 282826 -
47 228421 323019 + 3 201435 247407 -
47 334465 351536 + 3 159222 173670 +
47 353872 357503 + 3 193609 197211 -
47 386720 396006 + 3 175665 191384 -
47 372145 378492 + 7 1133559 1139702 +
48 5630 7608 + 4 446554 448522 +
48 45482 49014 + 1 3656254 3659790 +
48 31682 34327 + 6 3066753 3069380 +
48 73164 81475 + 6 3705924 3712974 +
48 86774 119711 + 6 3727799 3745479 -
48 140912 147757 + 6 3721175 3727254 +
48 150259 151313 + 6 3715498 3716585 -
48 169937 213839 + 6 3745827 3781536 +
48 215687 219219 + 6 3796189 3799823 +
48 231272 251312 + 6 3807302 3826942 -
48 259772 289248 + 6 3832992 3863047 +
49 48323 52851 + 4 5959333 5963849 +
49 252907 256664 + 6 556497 560085 -
49 234105 235934 + 1 3887859 3889694 -
49 3776 6972 + 10 33900 37099 -
49 22414 23870 + 7 943428 944864 +
49 34236 44718 + 7 933712 942162 -
49 66625 184060 + 7 818684 933249 -
49 184663 230570 + 7 764530 810880 -
49 262851 270907 + 7 754562 762601 -
50 1835 249207 + 1 7081713 7237334 -
50 268442 276426 + 4 1077356 1085119 +
51 2245 64646 + 7 949618 1007148 +
51 65537 76481 + 7 1028264 1039379 +
51 77123 113693 + 7 1079163 1116206 +
51 115296 146260 + 7 1149849 1181138 +
51 225116 229095 + 7 2404016 2408583 +
52 534 2902 + 2 2605191 2607445 -
52 37046 81641 + 2 2556876 2601740 -
52 101980 104923 + 2 2850135 2853110 +
52 124125 557207 + 2 2170760 2556847 -
52 557419 594096 + 2 2075912 2113250 -
52 595523 603483 + 2 2066132 2074465 +
52 603909 663779 + 2 2003965 2065866 -
52 96221 97291 + 3 2215842 2216909 -
52 116159 124053 + 1 8240152 8248026 +
52 18108 19383 + 7 2370220 2372986 -
53 183308 184945 + 4 956539 958071 +
53 154896 159370 + 5 967676 972158 -
53 237332 241712 + 5 4162325 4166642 +
53 47611 49746 + 6 2782796 2784853 +
53 126910 129971 + 1 8251105 8254146 -
53 38419 42486 + 2 1328995 1331783 -
53 6866 11262 + 7 1017117 1021492 -
53 11302 12380 + 10 16609 17687 +
53 196157 198981 + 3 805160 807934 +
54 398628 400264 + 3 320021 321651 +
54 476509 486841 + 3 867232 873260 +
54 383213 387384 + 7 2265289 2269400 +
54 506046 507062 + 1 3756524 3757542 +
54 1438 3205 + 5 1534407 1536178 +
54 8764 72255 + 5 1463675 1518800 -
54 75606 88730 + 5 1449356 1461804 +
54 89793 157827 + 5 1371450 1447542 -
54 158098 168848 + 5 1359081 1369763 +
54 170461 185649 + 5 1345992 1358810 -
54 186575 346740 + 5 1228531 1345779 +
54 347742 354322 + 5 1218622 1223842 -
54 415326 418228 + 5 3435274 3438118 -
54 426364 430460 + 5 907558 917142 +
55 686 77915 + 4 1675566 1745037 -
55 101023 240527 + 4 1553454 1674762 -
55 240911 266743 + 4 1525650 1551997 +
55 83448 88869 + 5 1156869 1162315 +
56 183330 222138 + 4 1088082 1125375 +
56 222699 243410 + 4 1173836 1194239 +
56 248736 254299 + 4 1259855 1265578 -
56 255774 257748 + 4 1256473 1258469 +
56 258976 314079 + 4 1202777 1255697 -
56 315770 329042 + 4 1278404 1292184 +
56 330257 336435 + 4 4931372 4937426 +
56 337152 338643 + 4 4928581 4930138 -
56 352600 354657 + 4 5787169 5789151 +
56 361197 492319 + 4 3395166 3512509 -
56 9591 12064 + 7 2340399 2342902 +
56 85895 90324 + 5 903638 906060 -
56 117481 118988 + 6 2790283 2791795 +
56 139689 140796 + 6 3073714 3074719 -
56 164428 167140 + 1 3646989 3649779 +
56 106702 108368 + 3 710335 714752 +
56 110360 113886 + 2 1071473 1075002 -
57 11060 18102 + 4 2708082 2718297 +
57 18428 200826 + 4 2738002 2915732 +
57 219071 250741 + 4 2916944 2936097 +
57 215976 217569 + 7 1341828 1343414 -
58 136901 160314 + 3 4961771 4983516 -
58 161415 196125 + 3 4932415 4960714 +
58 199553 204679 + 3 4882452 4887875 +
58 205362 206565 + 3 4880726 4881850 -
58 217925 228266 + 3 4899309 4909380 -
58 9904 31682 + 2 147629 166273 -
58 33819 45087 + 2 96662 108105 -
58 60442 61776 + 2 94654 95988 +
58 74769 101734 + 2 72839 91292 -
59 911 261517 + 5 3483528 3724927 +
60 34991 240710 + 3 523483 682946 -
60 13389 17857 + 2 1320576 1325007 -
61 106552 112786 + 7 1142604 1146731 -
61 217789 220385 + 5 2603470 2606079 +
61 124068 195359 + 6 3076602 3150548 +
61 197273 216402 + 6 3177194 3195650 -
61 23789 28299 + 2 3915321 3919863 +
61 88143 90666 + 2 1160260 1163290 +
62 31559 122527 + 7 1377161 1433336 +
62 123577 206983 + 7 1445416 1502437 +
62 221430 223934 + 7 314330 316660 -
62 226830 228393 + 7 257826 259447 -
62 229126 230528 + 7 312465 313998 +
62 232810 235975 + 7 264821 267601 +
63 185349 186892 + 5 1187564 1189113 +
63 187572 191899 + 5 1122434 1127413 +
63 257400 260454 + 3 3724516 3727552 +
63 179999 183652 + 6 4177716 4181295 -
63 248329 250756 + 6 2688146 2690576 -
63 23630 37558 + 4 4996004 5009632 -
63 54433 76482 + 4 4944625 4966278 +
63 79834 115539 + 4 5751795 5785639 +
63 119800 179293 + 4 5697699 5743599 -
63 218721 224025 + 4 122848 128075 +
63 261660 301610 + 4 5645151 5676467 -
63 305239 326225 + 4 5679555 5697135 +
63 340863 343522 + 4 2355086 2357742 +
63 359421 368420 + 4 5796592 5805411 -
63 378465 380370 + 4 5794113 5796052 +
64 145427 149212 + 1 6435455 6439243 +
64 1521 10602 + 3 5204087 5219369 +
64 47709 61839 + 3 5220905 5226941 +
64 65857 66970 + 3 5063749 5064806 +
64 79431 119198 + 3 5229752 5268337 +
64 25687 29519 + 5 6146149 6149951 +
64 124693 126684 + 5 1033970 1035964 +
65 14674 19169 + 1 3730203 3734711 -
65 20527 26873 + 1 3708796 3714423 -
65 28191 43903 + 1 3664328 3679921 -
65 44275 46259 + 1 3638432 3640464 -
65 47122 135975 + 1 3511443 3595691 -
65 139761 167959 + 1 3463322 3510477 +
65 168597 396636 + 1 3244738 3461992 -
65 6033 8832 + 7 2427090 2429871 -
66 1227 24890 + 3 5147580 5170254 -
66 25518 27094 + 3 5130183 5131745 +
66 31986 42793 + 3 5133737 5143348 -
66 45607 47003 + 3 5144914 5146424 +
66 50836 55029 + 3 5123694 5127892 +
66 55957 75515 + 3 5106957 5123235 -
66 90541 96694 + 3 5099237 5106129 +
66 104169 111191 + 3 5090739 5094211 -
66 117032 139043 + 3 5035714 5061748 +
66 163079 191875 + 3 5020085 5024782 +
66 202027 213433 + 3 5002221 5013712 -
66 215522 217680 + 5 6417496 6419594 -
67 1702 76402 + 1 2914699 2985223 +
67 77492 99314 + 1 2986285 3000080 -
67 99565 101358 + 1 3001033 3002833 -
67 101911 333767 + 1 3003217 3209123 +
67 334059 348923 + 1 3209545 3224945 -
67 349452 366757 + 1 3225330 3243483 +
68 41683 43384 + 1 203769 206366 +
68 67680 76401 + 1 135256 143383 +
68 118812 174523 + 1 158190 187930 -
68 212725 227124 + 1 144782 157967 -
68 43576 44665 + 2 3500720 3501811 +
68 187609 194054 + 5 4238707 4245230 -
68 59283 61412 + 3 1271168 1273294 +
68 194655 198336 + 3 359494 363129 -
69 1814 210865 + 7 3201405 3404428 +
69 237194 305840 + 7 3441133 3510487 +
69 214999 223038 + 2 4353625 4358559 -
70 982 277420 + 2 2607768 2848508 +
70 281570 289213 + 2 2855562 2862965 +
70 290420 305469 + 2 2881751 2897359 -
71 42350 203910 + 1 7978013 8116529 +
71 24569 28440 + 7 2464364 2469179 +
71 32746 34123 + 7 2080042 2081421 +
72 2298 11111 + 2 4028525 4037294 -
72 31864 54840 + 2 3713783 3731555 -
72 110212 124423 + 2 3595581 3601617 -
72 137857 143365 + 2 3588438 3594135 +
72 175688 179706 + 2 3583002 3586827 -
72 193159 205744 + 2 4074449 4085056 -
72 16375 18126 + 6 1086305 1087918 -
72 98901 103387 + 6 1813114 1817591 +
72 13258 15357 + 5 2416563 2418726 +
72 28122 30875 + 5 2419770 2422750 +
73 722 3422 + 3 1151376 1154146 +
73 33394 98280 + 3 1179960 1246343 +
73 99318 101367 + 3 1247028 1249082 -
73 102380 104060 + 3 1250391 1252140 +
73 104496 138803 + 3 1274334 1310344 +
73 142946 144135 + 3 446533 447722 -
73 165349 183783 + 3 1317408 1336757 +
73 7347 10573 + 2 573055 576320 -
74 7311 35168 + 6 3672158 3700164 -
74 54729 76491 + 6 3653892 3663868 +
74 91968 132622 + 6 3593794 3629330 +
74 135313 186539 + 6 3556921 3593137 -
75 931 45608 + 3 1568682 1611574 +
75 46206 57008 + 3 1613871 1625027 -
75 58773 82604 + 3 1626282 1649377 +
75 160494 275078 + 3 1649665 1813152 +
75 277367 316071 + 3 1817206 1856275 +
75 316441 325490 + 3 1856730 1866450 -
75 326185 405073 + 3 1866881 1946797 +
75 405365 407664 + 3 3915439 3917738 -
75 91377 93812 + 5 5710127 5712530 -
75 100680 105467 + 4 1924308 1928979 -
75 125630 128365 + 6 2943374 2945894 +
76 1556 196239 + 2 1366431 1530189 -
77 776 223887 + 5 2779393 2927513 +
77 226096 228698 + 5 5891894 5894469 -
77 229515 234212 + 5 2927744 2932360 +
78 14816 204560 + 1 4627099 4811802 +
79 81950 84986 + 2 921155 924007 -
79 85880 192738 + 2 953118 1065684 +
79 31999 36489 + 1 3898311 3902810 -
79 50099 51987 + 1 5757147 5758885 -
80 15586 19952 + 7 186659 190494 +
80 23455 41924 + 4 2051277 2069822 -
80 42634 125973 + 4 1934667 2017847 -
80 127244 131455 + 4 1876037 1880136 -
80 132496 134577 + 4 1932396 1934370 +
80 139791 144585 + 4 1852195 1856705 -
80 147189 163188 + 4 1859461 1875533 -
80 163966 341728 + 4 1745676 1850862 -
81 88785 94105 + 2 2115326 2125080 -
81 307534 309258 + 6 3238926 3240620 -
81 969 71651 + 1 4811942 4878184 +
81 72787 87626 + 1 4883831 4898634 +
81 95989 306248 + 1 4898671 5091916 +
81 311169 331718 + 1 5093206 5114407 +
82 37293 143689 + 2 4396639 4470525 -
82 145157 154011 + 2 4387855 4396319 +
82 155230 181491 + 2 4360103 4385654 -
82 182840 203799 + 2 4324091 4344518 -
82 222946 224928 + 2 4319772 4321856 -
82 233783 275778 + 2 4279506 4310084 +
82 277570 340550 + 2 4213803 4275277 -
82 343137 351355 + 2 4181582 4189346 +
82 352347 356865 + 2 4170021 4174165 +
82 361651 378299 + 2 4193725 4212438 -
82 214128 216363 + 10 71873 74092 +
83 4109 24257 + 6 138586 156626 -
83 25930 42556 + 6 77512 94018 +
83 45327 49217 + 6 100093 103915 -
83 50091 67904 + 6 120903 137564 +
83 68903 72324 + 6 60954 64301 +
83 74233 174675 + 6 1408 56124 -
84 165560 166753 + 3 816398 817567 +
84 72614 74617 + 4 1003036 1005049 +
84 100317 108026 + 4 923724 934518 +
84 157457 158465 + 7 2295953 2296958 -
84 20081 21261 + 6 3075147 3076203 -
84 87242 90505 + 6 2888819 2892137 -
85 3539 5261 + 10 30168 31824 -
85 23009 301708 + 1 7734961 7976398 -
85 303655 305145 + 1 5531543 5532601 +
85 308240 361928 + 1 7682533 7733014 -
86 58530 59854 + 4 5869646 5870949 +
86 66260 170217 + 4 5806759 5847139 -
87 22822 49450 + 2 925752 952086 +
87 51118 87260 + 2 883755 919384 -
87 112216 267891 + 2 755946 868020 -
88 8757 19814 + 2 3411830 3423034 +
88 29034 34951 + 2 875518 879245 +
88 49855 94627 + 2 3423898 3470948 +
88 106933 113787 + 2 3477290 3484418 -
88 124069 128916 + 2 3488278 3493161 +
88 129291 134766 + 2 3502880 3508412 +
88 44433 46628 + 5 5667084 5669273 -
88 116048 121506 + 5 1520818 1525448 +
89 883 167065 + 3 968434 1151353 -
90 25416 69446 + 1 9435299 9480368 +
90 71177 125271 + 1 9515317 9566742 +
90 126411 135348 + 1 9630432 9638869 +
90 136240 163293 + 1 9607542 9630246 -
91 38725 41978 + 4 999197 1000340 -
91 70336 73680 + 5 994439 996940 +
91 125833 127153 + 6 2843447 2844774 -
92 96656 99974 + 3 768502 771727 -
92 101563 105285 + 7 2197265 2200905 +
92 1532 44880 + 4 3264546 3306699 +
92 46809 90975 + 4 3314442 3358836 +
92 115546 159280 + 4 3360124 3394048 +
93 15561 22066 + 2 3864392 3870599 +
93 31913 46757 + 2 3937428 3949619 -
93 56142 71152 + 2 3873026 3886465 -
93 72030 151718 + 2 3950500 4027113 +
93 152675 206403 + 2 3738870 3776689 +
94 1025 6143 + 2 3924230 3929624 -
94 119253 123325 + 7 2420168 2424249 -
94 97305 99952 + 4 908861 911516 +
95 9715 91481 + 6 4128937 4157409 +
96 12723 13829 + 7 1226829 1227931 -
96 28111 57094 + 7 193146 220623 -
96 57167 89561 + 7 159918 185578 -
96 92694 106054 + 7 114797 125782 +
96 113040 120863 + 7 127182 135063 -
97 37612 43453 + 4 4976410 4986520 +
97 7147 34753 + 3 2746176 2775692 -
97 44348 140046 + 3 2652013 2745794 -
98 13534 15835 + 7 3412248 3414462 +
98 39986 140054 + 4 2589516 2707055 -
99 3215 15945 + 1 9594498 9607135 -
99 16731 18109 + 1 9591579 9592964 +
99 18975 42190 + 1 9567877 9591414 -
99 43752 137448 + 1 9640056 9704857 +
100 8599 26037 + 7 1345393 1361988 -
100 30385 34445 + 7 1314467 1318372 -
100 39237 126433 + 7 1228678 1314113 -
100 36352 38451 + 6 1819882 1821988 -
101 70022 74477 + 5 923834 928295 -
101 3961 7622 + 3 791628 795131 +
101 25589 28071 + 3 690906 693258 -
101 186636 193719 + 3 940898 949163 -
101 170345 174170 + 6 2878066 2880678 -
102 7330 14282 + 2 4066207 4072848 -
102 74637 85345 + 2 4086047 4097536 +
102 88013 119064 + 2 4123323 4165802 +
102 126025 129154 + 2 4190164 4193423 +
104 62620 83957 + 4 5937730 5950702 -
104 87432 131382 + 4 5891173 5913723 -
105 3933 98239 + 5 397510 472664 +
105 112329 134167 + 5 748295 771252 -
106 127731 128774 + 4 3053754 3054797 +
106 4644 125637 + 1 17934 132163 +
107 13618 38349 + 1 6994650 7022199 +
107 78549 88997 + 1 9760664 9770592 +
107 3044 4451 + 6 3792903 3794279 -
107 89334 94239 + 6 3407574 3412425 -
108 16891 111762 + 5 1616240 1679277 +
108 112993 128062 + 5 1681376 1707571 -
108 129824 170434 + 5 1708454 1737758 +
109 1817 36823 + 3 100325 150381 +
109 88396 91697 + 3 4277350 4280607 +
109 93437 94558 + 3 154555 155586 +
109 74484 77347 + 5 1201873 1204673 -
109 51294 53367 + 6 2994875 2999293 +
110 130704 134964 + 3 322586 326804 -
110 28366 99900 + 6 2700206 2769572 -
110 100217 112335 + 6 2664421 2676669 -
110 142915 155251 + 6 2651855 2663897 -
110 155450 240347 + 6 2560001 2644345 -
110 17241 19901 + 1 3850434 3853163 -
110 13964 16381 + 2 1223608 1226003 +
111 127094 128408 + 6 2973631 2974948 -
111 3416 25340 + 5 798064 818065 +
111 26852 31562 + 5 1022827 1027558 +
111 37534 70679 + 5 818523 850883 +
111 71414 108173 + 5 855868 891315 +
111 155574 160038 + 3 916742 921215 +
113 109938 114015 + 3 306017 310085 +
113 78021 81334 + 1 8895900 8898958 -
114 72619 74194 + 4 3311347 3312909 -
114 17270 20383 + 6 456343 458532 +
114 53785 70996 + 6 473100 487065 +
114 36034 41168 + 11 20086 25099 +
115 3559 35423 + 5 2681058 2711492 +
115 35752 37748 + 5 2713164 2714307 -
115 41194 56776 + 5 2716833 2733008 +
115 58741 111324 + 5 1741183 1798499 -
116 2467 16596 + 2 2864774 2878975 -
116 17793 30077 + 2 2898434 2928774 +
116 52237 63211 + 2 1672369 1683622 -
116 65655 90939 + 2 1645354 1670836 +
116 93775 108992 + 2 1622148 1638019 +
117 88381 90633 + 3 1814733 1816927 -
117 12283 21154 + 6 4056021 4061506 +
117 22105 27915 + 6 4063880 4072286 -
117 29068 88030 + 6 4072808 4118362 +
117 92843 107402 + 6 4119372 4128547 +
118 83048 85357 + 4 5921002 5923319 +
118 147853 149687 + 4 941874 943742 -
118 115222 130587 + 3 749441 760414 +
118 8758 11927 + 5 1210093 1213184 +
118 60679 62292 + 7 2449442 2451415 -
118 78185 82479 + 2 1131381 1135857 +
119 1998 56793 + 5 6032183 6058851 +
120 33383 34524 + 4 1054950 1056106 +
121 89025 90162 + 4 2390187 2391316 +
121 76677 81510 + 1 3610122 3615979 -
121 1385 21652 + 5 3006063 3026485 -
121 26334 30249 + 5 2981336 2984989 -
121 40567 64863 + 5 2986546 3004863 +
121 67892 71601 + 5 2976472 2980178 +
121 102950 110656 + 5 2966497 2974325 -
121 123011 157897 + 5 2933706 2966302 -
121 118276 121072 + 7 1059244 1062029 -
122 39873 74739 + 4 32305 58177 -
123 65130 67830 + 7 2297265 2300047 -
123 22653 30871 + 3 725688 734640 +
123 77507 84262 + 4 990150 996554 -
124 61496 62919 + 1 4069714 4071086 -
124 10788 31312 + 6 3926628 3946839 +
124 33212 35287 + 6 3896334 3898542 -
124 40660 44848 + 6 3892061 3895871 +
124 45068 55204 + 6 3870395 3876586 +
124 78189 86446 + 6 3883649 3891828 +
124 96151 99209 + 6 3865206 3867965 -
125 23587 43086 + 3 9267 28969 +
125 77020 78939 + 2 3658160 3660105 +
126 2295 50820 + 2 198978 248180 -
126 73556 98863 + 2 172645 197821 -
126 57184 60073 + 3 4079806 4082749 +
127 45389 49854 + 7 2241347 2246002 -
127 54438 57141 + 6 3054348 3056977 +
128 4567 67113 + 3 460986 522667 -
129 3910 5446 + 5 1155311 1156853 +
129 20494 89106 + 5 628937 687585 +
130 25621 26779 + 5 1136012 1137142 -
130 7883 9767 + 1 3717556 3721703 -
130 19203 22718 + 2 1168552 1172070 -
130 83568 88030 + 2 1311671 1316141 -
131 20828 117549 + 4 2467446 2565915 +
132 1485 36069 + 5 3026550 3062685 +
132 49973 93238 + 5 3064634 3092126 +
132 45607 49479 + 3 4852799 4856604 +
133 2293 58197 + 2 1532160 1591090 +
133 58840 83379 + 2 1591656 1615790 -
133 86655 88391 + 2 1617472 1619221 +
134 3295 61786 + 4 2936213 2990310 +
137 8486 86379 + 6 3967779 4027669 -
138 8476 85478 + 1 7024391 7080703 +
139 75076 80652 + 1 3956967 3962500 +
139 53826 56540 + 3 743296 746062 +
140 50175 53233 + 1 3914877 3917943 -
140 78141 86995 + 1 3773020 3781743 +
140 70326 72364 + 2 1272231 1274205 +
140 108882 111366 + 6 4174545 4177059 -
141 1631 17242 + 2 57229 72262 -
141 38419 40679 + 2 1247040 1249300 +
141 60198 106786 + 2 34628 50220 -
141 121595 153822 + 2 9719 33021 +
142 49946 51547 + 4 1466149 1467750 +
142 2711 7137 + 5 1529259 1533776 -
142 12156 44362 + 5 1539295 1572491 +
143 3640 8662 + 7 2309556 2314589 +
143 53501 58510 + 7 2220806 2225750 +
143 66895 68510 + 7 2355906 2357142 -
144 6171 29325 + 1 393644 415836 -
144 30819 44419 + 1 378277 393151 +
144 63892 72403 + 1 365034 369182 +
144 73048 78154 + 1 356458 361615 -
145 4309 69418 + 7 652628 721124 -
146 2393 57511 + 4 65007 98117 +
146 85736 88021 + 4 98738 101053 -
146 89354 106457 + 4 104305 113047 +
146 107606 130255 + 4 141968 162809 +
147 10484 11583 + 7 2161732 2162829 -
148 75434 78502 + 6 387302 390302 +
148 24526 28475 + 7 2430205 2435732 -
148 52101 57057 + 5 5984276 5989037 +
148 150076 153594 + 2 1138632 1142153 -
148 145847 148170 + 11 15700 18018 +
149 16259 21503 + 5 1055618 1059389 -
150 28762 31680 + 4 5035312 5038230 -
150 12155 13304 + 3 29430 30514 -
150 14284 28650 + 3 32936 45404 +
151 3282 30358 + 5 1574407 1599348 +
151 34992 43041 + 5 1607294 1615579 -
152 2049 8594 + 3 5196211 5202663 -
152 8729 10416 + 3 5194300 5195755 +
152 11070 58802 + 3 5172567 5193936 -
154 27200 51368 + 5 4421142 4441199 +
154 52677 57211 + 5 4473223 4477777 +
155 2967 27730 + 5 719969 745627 -
155 55184 57291 + 4 4658011 4660136 +
156 25118 27250 + 7 2439266 2441273 -
156 10266 13291 + 5 6414332 6417325 +
156 15663 17253 + 5 6420594 6421960 +
156 52788 53875 + 1 6406921 6408002 -
157 9835 13861 + 6 2820824 2824859 +
157 74580 77406 + 2 120716 123544 +
159 11892 32770 + 6 3898642 3918610 -
159 33391 43775 + 6 3948224 3956755 -
159 45947 51670 + 6 3957503 3963616 +
160 3423 51138 + 1 8853845 8893570 -
161 1723 23485 + 1 4604887 4626324 +
163 25032 28770 + 4 5082141 5085985 +
163 38202 43570 + 4 5012259 5016135 -
164 25996 27532 + 6 3036426 3037960 -
165 5931 34004 + 7 722312 749957 +
166 14424 20091 + 1 8254216 8259782 -
166 27893 44778 + 1 6981329 6990581 +
167 10663 15129 + 5 1004646 1009121 +
167 23922 39885 + 6 4035488 4053817 +
167 19728 22014 + 2 398240 400525 -
169 23647 24823 + 7 2142637 2143746 -
170 30066 33498 + 1 6449891 6453287 -
171 13519 33703 + 1 5115047 5134993 +
172 154 1570 + 1 5135176 5136347 +
172 3711 17366 + 7 1367363 1377018 -
172 31630 37031 + 7 1362114 1367102 -
172 17682 19314 + 6 1758680 1760183 -
172 23769 31152 + 6 3011946 3016445 +
173 6491 32773 + 3 46519 85209 -
174 12847 19021 + 5 701772 707971 +
174 21701 26831 + 5 696049 700820 +
174 27566 32175 + 5 690282 694288 -
176 4471 24850 + 4 1505193 1524735 -
178 2238 4365 + 4 3020450 3022518 +
178 6096 22551 + 4 2996946 3015864 -
179 1782 25378 + 1 417055 442174 -
180 2046 29196 + 4 2567083 2587861 +
182 32027 37446 + 4 1046822 1053077 -
183 14944 17494 + 2 1195434 1197094 +
185 15143 18864 + 3 2189010 2192737 +
186 18669 20366 + 1 4071248 4072942 +
187 17168 21182 + 5 1175667 1179690 -
193 4375 10754 + 5 4056596 4062892 -
195 4833 11346 + 2 131120 137429 -
196 3717 15515 + 5 712494 717510 +
197 9751 26150 + 2 1077991 1093852 -
199 7565 13077 + 3 846094 851107 -
202 7002 10778 + 4 60020 63800 -
203 9088 13693 + 7 2367155 2369791 -
204 6462 7874 + 4 1024243 1025622 +
206 3451 9800 + 9 5982 12301 +
208 2600 9228 + 8 66462 73063 -
209 3606 5775 + 5 1194701 1196879 +
210 2917 7342 + 6 2999960 3004394 +
211 3011 9639 + 8 84119 90720 -
219 2310 7254 + 8 180062 184810 +
228 56 1938 + 6 375742 377740 +
236 3918 5081 + 4 3262631 3263757 +
240 263 3767 + 6 374130 375736 -
