1 60872 66451 + 5 1148126 1153757 -
1 71017 72231 + 5 1082730 1083972 -
1 102496 189901 + 5 797858 891310 -
1 192029 271490 + 5 482988 579592 +
1 278988 355210 + 5 615953 694427 +
1 357102 382309 + 5 696018 721883 -
1 383512 390501 + 5 723620 731626 +
1 391635 437610 + 5 2928226 2974090 -
1 442068 728358 + 5 2625919 2923325 -
1 728575 1171079 + 5 2135236 2593866 -
1 1181170 1593082 + 5 1708755 2135062 -
1 1594905 1607842 + 5 1681379 1705674 +
1 1620507 1655673 + 5 1638567 1675006 -
1 1710444 1752356 + 5 1525654 1571332 +
1 1758132 1775086 + 5 1574733 1591911 -
1 1777145 1903401 + 5 1383165 1519338 -
1 1903776 1940606 + 5 3146774 3182955 +
1 1950208 2367538 + 5 3183449 3610846 +
1 2374491 2857563 + 5 3611409 4159664 +
1 2858190 3147037 + 5 4171306 4506467 +
1 3147379 3418287 + 5 4520055 4782743 +
1 3419084 3475353 + 5 4800234 4856591 +
1 3476327 3898019 + 5 4859086 5297942 -
1 3899288 3964154 + 5 5298222 5365265 +
1 3978644 4059147 + 5 5420858 5496594 -
1 4059594 4098757 + 5 5366226 5406512 -
1 4099190 4255765 + 5 5497633 5655782 +
1 4256245 4500059 + 5 5697503 5980164 +
1 4500709 4561955 + 5 6021969 6088731 +
1 4562965 4570294 + 5 6090295 6096950 -
1 4571002 4625358 + 5 6100432 6178069 -
1 4626208 4642792 + 5 6195006 6212868 +
1 4646975 4660456 + 5 6222751 6239989 -
1 4668153 4833879 + 5 6242832 6411610 +
1 1172896 1175670 + 2 1095221 1097990 +
1 1942222 1949192 + 2 1244894 1251875 +
1 12954 15943 + 6 3023336 3026417 -
1 45698 46726 + 3 721202 722244 -
1 27556 29557 + 7 1336629 1338646 -
1 1656873 1665542 + 7 893853 909291 -
1 2371759 2374481 + 7 610324 613007 -
1 8381 11720 + 1 3759321 3762746 +
1 46812 47828 + 1 3738868 3739880 +
1 86992 90266 + 1 3966517 3969854 -
1 94342 96374 + 1 3624970 3628919 -
2 3252344 3254988 + 4 4273137 4275814 -
2 798 103905 + 1 91297 187938 -
2 105929 123020 + 1 45568 62873 +
2 124801 127328 + 1 189436 191767 -
2 130184 160920 + 1 1515 44555 +
2 161957 377259 + 1 193414 466958 +
2 378755 389928 + 1 467493 478200 -
2 390591 399196 + 1 479869 488713 -
2 402026 496432 + 1 491920 589822 +
2 500470 551316 + 1 594107 643399 -
2 553527 593497 + 1 644292 668285 +
2 596366 768378 + 1 698418 872310 +
2 768673 1050334 + 1 925085 1219286 +
2 1050458 2079147 + 1 1229630 2273219 +
2 2079295 3136726 + 1 2342658 3414259 +
2 3148805 3246801 + 1 3414755 3531429 +
2 3141301 3144595 + 5 6013047 6016336 -
3 14619 174558 + 4 4459453 4622166 -
3 175305 290588 + 4 4329445 4448350 -
3 293693 295512 + 4 4325379 4327137 +
3 295812 316143 + 4 4301778 4324217 -
3 316624 323971 + 4 4243663 4250053 -
3 325369 348961 + 4 4204556 4230440 -
3 355091 489782 + 4 4063833 4202142 -
3 490065 1274103 + 4 3204179 4031388 -
3 1281861 1413150 + 4 3039948 3203479 -
3 1438453 1728414 + 4 2737695 3039537 -
3 1734549 2039112 + 4 2379699 2717690 -
3 2039578 2322467 + 4 2051482 2336427 -
3 2323463 2407229 + 4 1934565 2017822 -
3 2410121 2764096 + 4 1499942 1878725 -
3 2764899 2781140 + 4 1393000 1417503 +
3 2782155 2800972 + 4 1424239 1442768 +
3 2801487 2812876 + 4 1484575 1497729 +
3 2814609 3027684 + 4 1173802 1392656 -
3 3028129 3053648 + 4 1098876 1125385 -
3 3064627 3071896 + 4 2351496 2358848 -
3 3073793 3077688 + 4 1088094 1091521 -
3 6120 8578 + 6 1173920 1176466 -
3 353468 354870 + 6 3536894 3537911 +
3 1435092 1437803 + 1 9733649 9736334 -
3 3055891 3058043 + 1 3949796 3952024 +
3 1413837 1417521 + 3 783910 787639 +
3 1422032 1428001 + 3 2825352 2831367 +
3 1274655 1281709 + 7 2240118 2248700 -
4 1798305 1799905 + 3 446353 447952 -
4 1108 9131 + 1 9759101 9767081 -
4 9940 60948 + 1 9650241 9706575 -
4 61520 206221 + 1 9463950 9647964 +
4 209180 210808 + 1 9461624 9463247 +
4 211144 245408 + 1 9426404 9461108 -
4 247829 277632 + 1 9392628 9424322 +
4 278551 288496 + 1 9379734 9391964 -
4 289526 309446 + 1 9356263 9378388 +
4 310426 351051 + 1 9265486 9354922 -
4 352037 400928 + 1 9180428 9224637 -
4 402401 411213 + 1 9154365 9163356 +
4 412425 416327 + 1 9176015 9180134 +
4 417468 454746 + 1 9226558 9264830 +
4 456509 491530 + 1 9114450 9151208 -
4 492343 555213 + 1 8939688 9010219 +
4 557578 574315 + 1 9013851 9030628 -
4 575616 657586 + 1 9031637 9114046 +
4 660534 1087816 + 1 8477647 8935631 -
4 1088259 1185789 + 1 8132922 8226994 +
4 1186696 1198598 + 1 8267177 8279145 +
4 1198721 1363241 + 1 8293213 8450520 +
4 1365865 1797186 + 1 5869576 6377460 +
4 1808621 1812313 + 1 6378755 6382399 +
4 1815676 1871043 + 1 6458946 6520953 +
4 1871824 3046722 + 1 6529158 7750805 +
5 2462203 2464117 + 6 2313632 2315566 -
5 342079 344514 + 5 592222 594671 +
5 18819 75514 + 3 4724188 4808495 -
5 77044 86470 + 3 4663852 4673298 +
5 99070 104539 + 3 4677369 4683095 -
5 106362 140555 + 3 4687974 4723091 +
5 143983 177063 + 3 4622435 4660828 -
5 179331 204200 + 3 4597488 4621834 +
5 205874 339480 + 3 4435480 4575114 -
5 350483 1518316 + 3 3210187 4435199 -
5 1519074 1538367 + 3 3189286 3209567 +
5 1539314 1878762 + 3 2833523 3188610 -
5 1878994 2262346 + 3 2444833 2821364 -
5 2262908 2442200 + 3 2236999 2423543 -
5 2442501 2451537 + 3 2175947 2185150 -
5 2473453 2815815 + 3 1817307 2162288 -
5 2817403 2879999 + 3 1749754 1813354 -
5 2929270 2954306 + 3 1622657 1651508 -
5 87930 90908 + 1 3789665 3791270 -
5 345155 347262 + 1 6448835 6450909 -
6 1435 3805 + 4 44852 47152 +
6 374747 382010 + 1 6434006 6441350 +
6 2294779 2300872 + 1 1221152 1227186 +
6 4046 81747 + 6 60720 156815 +
6 82443 151462 + 6 160021 230361 -
6 153261 190172 + 6 231614 278961 +
6 197744 256255 + 6 279559 350332 +
6 258308 263985 + 6 407225 413221 +
6 265590 272961 + 6 398538 405897 -
6 276514 279352 + 6 355555 359633 -
6 281027 333291 + 6 415655 487074 +
6 335316 373283 + 6 489590 531117 -
6 388895 450565 + 6 534276 599172 +
6 455930 505389 + 6 607541 657556 -
6 513095 881544 + 6 663990 1038268 +
6 881812 910803 + 6 1040489 1069673 -
6 913591 994479 + 6 1089288 1172033 +
6 994972 1114113 + 6 1193436 1317811 +
6 1114464 1121234 + 6 1321472 1328373 -
6 1125468 1555201 + 6 1340047 1795051 +
6 1555204 1611291 + 6 1823773 1887853 +
6 1611993 1677291 + 6 1910926 1977142 +
6 1678183 1687839 + 6 1977712 1987330 -
6 1688620 1805500 + 6 1989093 2101563 +
6 1810351 1811734 + 6 2103765 2105157 -
6 1812193 2008579 + 6 2107696 2312943 +
6 2011178 2291235 + 6 2316349 2585969 +
6 195742 197148 + 7 2292474 2293880 -
7 2019326 2022204 + 6 1895445 1898325 -
7 14256 400605 + 1 7751077 8132432 +
7 401100 403391 + 1 8475437 8477230 -
7 403414 407223 + 1 8471026 8475046 +
7 407701 427685 + 1 8450647 8470885 -
7 428680 508186 + 1 5773140 5867718 -
7 508584 702471 + 1 5545294 5734593 -
7 702518 733702 + 1 5499332 5530031 -
7 734613 1113726 + 1 5082970 5481054 -
7 1122447 1522888 + 1 4669973 5078144 -
7 1533174 1840334 + 1 4334061 4669011 -
7 1840685 1919497 + 1 4235853 4314055 -
7 1934705 2013758 + 1 4130320 4235561 -
7 1925928 1932040 + 3 320771 326804 -
7 12100 13857 + 2 140234 142005 +
7 1933307 1934566 + 5 4169524 4170779 +
7 1119813 1120890 + 8 169881 171676 -
7 1523393 1527376 + 11 9536 13500 -
8 760 136689 + 7 1207 135302 +
8 138420 139983 + 7 153806 155326 +
8 144152 217270 + 7 159683 240478 -
8 220868 222545 + 7 243123 244876 +
8 233535 258358 + 7 257830 305612 -
8 259303 299528 + 7 1346498 1390374 -
8 301389 373625 + 7 1226947 1318452 +
8 375442 378197 + 7 1222461 1225582 -
8 379369 399530 + 7 1093826 1115277 +
8 402308 462607 + 7 1150055 1221801 +
8 463149 475129 + 7 1079828 1091763 -
8 476503 480631 + 7 1594785 1598756 +
8 481487 500883 + 7 987676 1007147 +
8 501699 513734 + 7 1028264 1039393 +
8 514634 698946 + 7 1391144 1591386 -
8 701183 706359 + 7 306563 311912 -
8 706839 710646 + 7 314307 318112 +
8 713154 744545 + 7 352988 385074 -
8 746992 751209 + 7 321707 325843 -
8 753652 754902 + 7 386579 388165 +
8 756039 764077 + 7 425247 432562 -
8 764127 770060 + 7 2135493 2141493 +
8 774891 802685 + 7 394437 422908 -
8 803500 808922 + 7 433270 438188 +
8 811350 821785 + 7 440353 450755 -
8 827252 831174 + 7 453137 457182 -
8 831994 952751 + 7 460306 610323 +
8 953019 1198265 + 7 624106 889647 +
8 1202299 1278131 + 7 913637 986559 +
8 1279367 1417915 + 7 1600271 1740763 +
8 1426763 1746491 + 7 1741627 2075981 +
8 1759493 1765853 + 7 2105345 2111354 +
8 1419601 1424932 + 1 6522786 6528096 +
8 1748710 1754454 + 1 5736657 5742109 +
8 1754953 1756995 + 1 5756957 5759029 +
9 982794 983833 + 3 1814732 1815778 +
9 267655 271845 + 2 1266675 1270878 -
9 1515158 1518504 + 1 3898343 3901692 +
9 2115 21939 + 7 4200511 4232552 -
9 23098 89821 + 7 4127028 4196160 +
9 96756 197279 + 7 4021930 4126363 -
9 203565 234690 + 7 3982772 4013710 +
9 235742 237744 + 7 4018837 4020919 -
9 238530 260692 + 7 3955272 3980849 -
9 274956 394262 + 7 3833144 3955267 -
9 395123 398109 + 7 3828687 3831870 +
9 402811 464249 + 7 3761631 3824272 -
9 464893 466062 + 7 3662729 3664123 -
9 466967 496173 + 7 3730399 3760505 +
9 497588 534415 + 7 3665170 3729500 +
9 535001 669976 + 7 3524172 3660264 -
9 671626 693466 + 7 3499325 3521628 +
9 695714 749262 + 7 3440395 3497332 -
9 749903 780005 + 7 3375092 3405735 -
9 780569 982548 + 7 3162612 3367771 -
9 992770 1342517 + 7 2811429 3162241 -
9 1342828 1504571 + 7 2638376 2796998 -
9 263095 264794 + 10 50632 52298 -
10 1349311 1355980 + 7 139879 146446 +
10 4513 60142 + 2 4213803 4295073 -
10 62088 94249 + 2 4177028 4212540 +
10 97175 129407 + 2 4123368 4171547 -
10 146769 157107 + 2 4086050 4097167 -
10 161022 180720 + 2 4065424 4085056 +
10 181190 184031 + 2 4048234 4051093 +
10 185090 194919 + 2 4053679 4064511 -
10 197090 201944 + 2 4037750 4043254 -
10 202524 284130 + 2 3777596 3871262 +
10 285271 296857 + 2 3937372 3949617 -
10 301255 311920 + 2 3872999 3885967 -
10 313074 394141 + 2 3950900 4036673 +
10 395251 434160 + 2 3738178 3777395 -
10 435600 450683 + 2 3723558 3736275 +
10 451530 457116 + 2 3712660 3718165 -
10 457214 672922 + 2 3387674 3602050 -
10 673164 717052 + 2 3321351 3366330 -
10 717310 1093770 + 2 2921211 3302676 -
10 1093804 1346728 + 2 2644320 2902710 -
10 135430 142511 + 6 2686055 2693191 -
11 5538 6938 + 2 2642744 2644160 -
11 23991 598863 + 2 2002276 2640492 -
11 599319 1082872 + 2 1464570 1989233 -
11 1100298 1169244 + 2 1374483 1454186 -
11 10032 21216 + 4 1468425 1475760 +
11 1092732 1100278 + 4 838908 842384 +
12 3055 15102 + 4 5939001 5946968 -
12 16323 603118 + 4 5250262 5913730 -
12 606158 613444 + 4 5196358 5203891 -
12 613838 639062 + 4 5169125 5195319 +
12 640431 773336 + 4 4995718 5167649 -
12 775933 801283 + 4 4959781 4994385 +
12 802898 853320 + 4 4904696 4956957 -
12 855858 880391 + 4 4878152 4903274 +
12 881408 883111 + 4 4874325 4876011 -
12 884005 900127 + 4 4852370 4868255 +
12 902328 1091803 + 4 4622476 4850178 -
12 1091962 1097260 + 5 5406922 5420414 +
13 206 31020 + 6 4132580 4160728 -
13 47338 260182 + 6 3897286 4131999 -
13 263093 266962 + 6 3892052 3895847 +
13 275507 290017 + 6 3875306 3891596 +
13 294830 328284 + 6 3832978 3867528 +
13 335431 354911 + 6 3807250 3824427 +
13 359178 369741 + 6 3777555 3803320 -
13 371588 376927 + 6 3771141 3776491 +
13 382984 400673 + 6 3745767 3770850 -
13 404667 425245 + 6 3722076 3745648 +
13 426296 489469 + 6 3646538 3711741 -
13 492161 521931 + 6 3599924 3630153 +
13 522489 584041 + 6 3538156 3597364 -
13 585033 699626 + 6 3370489 3505873 -
13 700350 744366 + 6 3322965 3369420 +
13 745186 747892 + 6 3319632 3322364 -
13 749280 773819 + 6 3205880 3231328 +
13 785865 862289 + 6 3236456 3318356 +
13 863050 974030 + 6 3098751 3205216 -
13 779149 784318 + 1 5483499 5490199 -
13 976193 981355 + 1 3767099 3772275 -
13 39202 41389 + 4 4047205 4049380 +
14 275133 287990 + 7 2381080 2387224 +
14 930032 931196 + 7 1141511 1142897 +
14 48094 79858 + 5 19175 51468 +
14 88898 166469 + 5 52215 130333 +
14 167960 198091 + 5 132593 163727 -
14 202495 212966 + 5 166660 176632 +
14 213503 216672 + 5 196822 200302 +
14 237311 274622 + 5 202086 238020 +
14 291060 295522 + 5 238289 242796 +
14 296315 449595 + 5 246917 416181 -
14 451039 469809 + 5 418979 437335 -
14 472267 474434 + 5 243560 245636 +
14 475824 497697 + 5 748779 770773 +
14 498084 527075 + 5 453099 482041 -
14 549535 562353 + 5 438643 451556 -
14 570534 573427 + 5 951656 954562 -
14 577953 593021 + 5 732124 745896 +
14 595134 609659 + 5 2976949 2989443 -
14 610576 767828 + 5 2990545 3146220 +
14 768708 926629 + 5 1218600 1382775 -
14 319 43046 + 8 53984 99340 +
14 80401 88655 + 2 874286 882905 +
14 220872 224043 + 3 2188996 2192168 +
14 533464 539659 + 3 1047530 1053707 -
14 226448 232308 + 6 4200624 4206465 -
15 796306 799268 + 5 1093832 1096880 -
15 314694 320442 + 2 2248 8000 +
15 803675 812558 + 7 4246589 4254766 +
15 819151 824575 + 7 2078415 2092704 +
15 479 35478 + 4 1449 36732 +
15 35503 75048 + 4 47190 84662 +
15 79164 93369 + 4 85811 102751 -
15 93693 99424 + 4 103798 109834 +
15 105694 157723 + 4 141908 197792 +
15 163485 224536 + 4 257418 322663 +
15 230602 275859 + 4 211175 250734 +
15 276834 285265 + 4 201500 209713 -
15 286187 306051 + 4 329812 350464 +
15 323953 338701 + 4 360947 394737 +
15 339910 350378 + 4 396974 408252 -
15 359616 615732 + 4 415570 695935 +
15 617273 644437 + 4 698688 720760 -
15 653902 660191 + 4 738173 743942 +
15 662889 676527 + 4 745182 759147 -
15 678680 743330 + 4 762430 829193 +
15 744208 776327 + 4 842744 873824 +
16 8931 61586 + 2 883007 937419 -
16 61982 114553 + 2 815768 873944 -
16 117098 182909 + 2 755367 813086 +
16 184106 386188 + 2 531862 752557 -
16 399331 574416 + 2 337641 530903 -
16 579263 587676 + 2 315632 324067 +
16 591733 601881 + 2 324742 334838 +
16 605928 685576 + 2 231224 313739 -
16 386310 398674 + 1 8279192 8293173 -
16 588858 591400 + 7 1341640 1344192 +
17 37446 144850 + 3 575858 682890 -
17 147857 155966 + 3 559438 572859 +
17 157934 184049 + 3 533821 556443 -
17 185980 188904 + 3 529255 532216 +
17 189359 225392 + 3 487046 527715 -
17 226596 246020 + 3 454903 474080 -
17 258393 314005 + 3 330193 422874 -
17 315417 317073 + 3 296717 299816 -
17 317738 321960 + 3 283037 287395 +
17 329780 336500 + 3 275867 282826 -
17 338957 378090 + 3 228101 270910 +
17 381868 433299 + 3 169804 227596 -
17 434816 438212 + 3 160028 163416 +
17 438606 441241 + 3 164408 166582 -
17 441801 487374 + 3 96415 158322 -
17 25955 29570 + 5 1108264 1111990 -
17 16543 18356 + 4 1131874 1133670 +
17 31876 36641 + 1 3701323 3706160 +
18 172 16879 + 3 5256039 5273305 +
18 18729 49381 + 3 5215957 5248558 -
18 52254 88080 + 3 5089819 5129253 +
18 89408 128330 + 3 5130139 5146466 -
18 130370 165066 + 3 5147608 5183070 -
18 165547 186427 + 3 5184810 5207160 +
18 204317 219050 + 3 5039430 5059279 -
18 225530 243505 + 3 5019418 5038680 -
18 244445 269669 + 3 4980079 5013727 +
18 272848 276304 + 3 4975719 4979102 -
18 278310 281536 + 3 4971826 4975251 +
18 282641 289691 + 3 4961799 4969207 -
18 290680 362326 + 3 4889011 4960743 +
18 364818 373051 + 3 4880534 4887720 +
18 376196 383468 + 3 4869061 4876490 -
18 390024 391667 + 3 4825316 4826981 -
18 220586 224492 + 5 1038388 1042315 +
18 190507 197844 + 6 4189299 4197003 -
18 396459 399846 + 4 5923648 5927050 +
18 403402 409567 + 4 4231765 4238013 +
19 5212 86708 + 3 1233500 1338959 +
19 88048 279039 + 3 1348100 1546729 +
19 280510 285713 + 3 1548568 1553837 -
19 291431 356538 + 3 1554914 1621314 +
19 362389 367223 + 6 1178161 1181433 -
20 11213 84514 + 3 967751 1041576 +
20 85267 254236 + 3 1063468 1233276 +
20 257749 266497 + 4 5980070 5986011 -
21 24192 27196 + 6 2943377 2945988 +
21 794 1992 + 4 1022199 1023391 -
21 9554 11634 + 7 3371052 3373099 -
21 28670 30670 + 7 2147576 2149699 +
21 11766 13282 + 3 1057265 1058778 +
21 39427 180887 + 2 937733 1092732 -
22 4881 7605 + 1 3631585 3634289 +
22 8754 69276 + 2 172334 230713 -
22 70501 103332 + 2 75654 108531 +
22 104826 119689 + 2 149928 166743 +
22 119822 146374 + 2 34587 69265 -
22 151319 172098 + 2 8919 32654 +
23 163791 171583 + 7 613570 620827 +
23 546 113830 + 2 4359860 4470533 -
23 114430 161916 + 2 4298525 4344587 -
24 16126 31983 + 1 3664479 3679800 -
24 51395 53758 + 1 3638064 3640409 -
24 59700 72326 + 1 3586589 3595366 -
24 85919 91329 + 1 3580507 3585902 -
24 104411 132294 + 1 3537727 3578632 -
24 139241 140451 + 2 1295382 1296593 -
24 35202 42091 + 6 4174544 4181353 +
24 77822 79952 + 4 1151481 1153634 +
24 94488 101254 + 4 2368533 2375367 -
25 53256 55060 + 1 3739974 3742079 +
25 677 2326 + 2 1340613 1342245 +
25 94767 97302 + 2 1160256 1163278 +
25 8226 45777 + 7 2483306 2502073 +
25 59539 78683 + 7 2506995 2524059 +
25 79704 85588 + 7 2534396 2540841 +
25 105440 111003 + 7 2542071 2547695 +
26 5628 10693 + 1 889378 894427 +
26 32846 44887 + 6 2664410 2676205 +
26 64795 70836 + 6 2702752 2708903 +
26 85785 96325 + 6 2709028 2720714 +
26 27199 28533 + 4 2377201 2378525 +
26 76614 83747 + 5 1155113 1162132 -
26 103768 108998 + 2 1302235 1307442 -
27 58493 64637 + 7 2114905 2121041 -
27 50287 57310 + 1 5742506 5756721 -
27 31009 37754 + 4 4263393 4270108 +
27 37965 43641 + 10 118170 123892 +
27 83871 87920 + 10 60961 65007 -
28 85052 86529 + 6 2933808 2935286 +
28 18004 20220 + 1 3827602 3829807 +
28 61509 78833 + 1 3987081 4004203 +
28 47133 54417 + 5 4160757 4168067 -
28 87128 90220 + 7 2267366 2270485 -
28 29982 31376 + 2 1122519 1125922 +
29 16986 19929 + 7 2377780 2379162 -
29 49964 51376 + 5 908873 910281 -
29 36640 38144 + 1 3730625 3732128 +
29 69436 71388 + 1 3732673 3734625 +
30 16224 18327 + 2 1208131 1210161 -
30 18362 19499 + 7 2283986 2285197 -
30 50872 53406 + 7 2184530 2186400 -
30 1307 8189 + 1 3694514 3701318 +
30 37915 44943 + 4 5915972 5922999 +
30 47075 48364 + 4 1418970 1420262 +
30 19657 24189 + 3 835987 840606 -
31 6717 55848 + 3 33441 95997 -
31 57127 59745 + 3 29242 31780 +
31 60998 76415 + 3 13291 29017 -
32 23732 26048 + 3 872006 874312 -
32 45379 48451 + 6 2904322 2906698 -
32 8330 17031 + 4 980207 988858 -
32 19181 22038 + 7 2370123 2372265 -
33 16211 17887 + 6 2767839 2769512 +
34 5955 8098 + 2 1312338 1314479 -
34 20874 37189 + 6 2731083 2746890 -
34 37993 43572 + 6 2721186 2726962 -
34 53097 58682 + 1 6394914 6400422 +
34 50664 52992 + 4 2362509 2364813 +
35 53237 60247 + 4 36850 43583 +
35 955 53087 + 6 7182 60404 +
36 8544 13392 + 1 3531922 3536773 +
36 24352 30548 + 10 32920 39131 +
36 56408 57425 + 4 1465033 1466059 -
36 47304 49767 + 13 7340 9804 -
37 52048 55892 + 4 4057518 4061431 -
37 13622 48552 + 7 2604380 2638160 +
37 56412 57818 + 2 1136207 1137615 +
38 41229 49543 + 10 11679 19995 -
38 871 8158 + 7 1010607 1022709 -
38 22590 36871 + 7 2588387 2602668 -
38 50297 55501 + 2 4353604 4358757 -
39 2117 6678 + 2 3915707 3920368 -
39 12619 41997 + 1 4098755 4116749 +
39 47455 50171 + 5 4513068 4515831 -
39 50397 53205 + 5 4794814 4797588 +
40 12275 14299 + 5 4510535 4512561 +
40 16117 18609 + 5 4790461 4792950 -
40 30816 35247 + 1 3852018 3856263 +
41 5396 19604 + 7 2569344 2585511 +
41 43187 51625 + 7 2548265 2555570 -
42 16870 21230 + 1 3933417 3935589 -
42 48513 50025 + 4 5963439 5964990 -
43 38023 41938 + 2 2906233 2908610 +
43 18555 37305 + 6 2626411 2652637 +
44 24845 30372 + 1 8254650 8260231 +
44 39611 41199 + 6 3010979 3012579 +
44 10905 19239 + 7 2125468 2132114 +
44 34092 36121 + 7 2132850 2134879 +
45 3159 4975 + 4 5973479 5975297 -
45 34645 38947 + 1 9167441 9171756 -
47 11807 23515 + 1 4117484 4129425 +
47 7853 9614 + 7 2150426 2152187 -
48 4692 6468 + 1 3819624 3822013 +
48 7526 9395 + 1 4092408 4094364 +
48 20314 26451 + 5 5691293 5696603 +
48 37267 38675 + 4 5209770 5211178 +
48 31049 34320 + 3 1341108 1344426 -
49 27352 29988 + 6 2830192 2832846 -
49 5031 7775 + 3 743282 745530 +
50 3435 5798 + 1 3686230 3688711 -
50 7302 21946 + 6 2588101 2602029 +
51 14571 18516 + 4 1913991 1917957 -
51 30878 32470 + 4 5998135 5999727 +
51 8295 14179 + 6 1813744 1819702 +
51 25691 28750 + 6 2611366 2614309 -
52 4922 7752 + 4 5988216 5991078 -
52 1813 3541 + 3 912578 915408 +
52 17581 21061 + 6 2603582 2607016 +
53 27660 29366 + 7 2797329 2799074 +
53 12446 13768 + 1 6426538 6427919 -
53 9622 12102 + 6 2727801 2730271 -
55 6320 7651 + 4 892072 893405 -
55 21017 28519 + 4 2719440 2726971 -
55 7655 11020 + 2 3366994 3370390 +
56 12603 16693 + 7 2565228 2569135 +
57 1442 4571 + 2 2910202 2913335 +
57 13438 20325 + 10 93856 100675 -
58 2434 9603 + 4 2019635 2026686 -
58 17373 20026 + 4 911696 914377 +
58 878 1946 + 5 988257 989275 -
58 9653 13709 + 3 2424294 2429804 -
59 7156 10431 + 6 2652873 2656134 -
60 593 4734 + 3 4835836 4839996 -
60 7686 20197 + 2 1366431 1372335 -
60 21162 22515 + 2 3372790 3374141 -
62 20624 23308 + 4 1082413 1085118 -
62 23336 25135 + 7 2476994 2478797 -
62 8001 19940 + 6 3076598 3092648 +
63 12105 13842 + 6 2586260 2587976 -
63 17963 22271 + 6 2951535 2953292 +
64 11254 18344 + 1 3608024 3616200 +
64 5032 8433 + 4 133401 136799 +
64 19087 20744 + 4 1478063 1479696 +
64 9646 10677 + 6 4207379 4208569 +
65 17542 19611 + 7 2333594 2335733 -
65 21887 22932 + 7 3373449 3374549 +
66 18586 23850 + 1 4060528 4091141 +
66 9946 15050 + 7 2556396 2561531 -
67 5368 6480 + 2 1257029 1258254 +
67 19489 20573 + 2 1186106 1187180 +
67 3467 4908 + 4 4456843 4458283 -
67 11247 14155 + 4 896143 899161 -
68 9736 12944 + 1 4316196 4319369 -
68 5614 9490 + 4 1884701 1888583 +
69 9003 10045 + 6 2771920 2774794 +
69 16846 18048 + 3 867788 868939 +
69 2514 4024 + 7 2323540 2325086 -
70 10690 16311 + 5 5661243 5666611 -
70 16802 20772 + 5 991231 1000770 -
71 2939 5931 + 3 889831 894141 -
72 713 8847 + 5 2594933 2603127 +
73 9096 11303 + 6 2615964 2618170 -
75 13916 15231 + 1 5543285 5544561 -
75 10842 12059 + 3 965885 967083 +
76 8540 14120 + 6 2756627 2760962 +
77 6902 13639 + 6 2657221 2663968 +
77 14461 17340 + 1 2297789 2300642 +
78 809 8014 + 2 3310416 3316957 +
78 9186 13519 + 4 885838 891893 +
79 10589 12682 + 7 2562206 2564303 +
80 1194 5830 + 4 2730783 2735419 +
80 8559 10664 + 5 1202524 1204685 -
81 6467 11279 + 6 2695012 2699829 +
82 12183 14329 + 2 3625453 3627608 +
83 11744 16889 + 1 3708685 3713231 +
85 12669 15204 + 3 899888 902717 -
85 5425 9245 + 1 4329678 4333562 -
86 5199 8391 + 2 111654 114836 -
86 874 5176 + 6 2801406 2806499 -
86 9850 11607 + 7 1325134 1326910 +
86 12671 16183 + 3 747013 750525 -
87 14734 16695 + 7 2427383 2429333 -
87 3608 7764 + 5 184053 186777 -
89 8036 10717 + 6 2747484 2750144 -
89 1812 5094 + 1 67153 70458 +
90 7106 14929 + 13 1718 6059 -
91 1620 3562 + 6 366589 368520 +
92 2730 4014 + 2 1106672 1107957 +
95 9681 11989 + 7 340306 342647 -
96 1202 7936 + 7 2152645 2159414 +
98 9245 12556 + 3 1731104 1734515 -
99 8515 9879 + 1 3835734 3837110 +
100 1822 4362 + 1 3661226 3663714 +
100 5117 6996 + 3 2433032 2434944 -
100 7374 12806 + 3 480060 485484 -
101 5438 11474 + 4 1138976 1145081 -
102 5118 6726 + 6 2607398 2609007 -
105 4025 10062 + 4 5240746 5246635 +
106 8113 9409 + 4 5986198 5987595 -
107 1818 4730 + 1 6403686 6406594 -
108 5238 11370 + 2 1992067 1998201 +
112 5603 9666 + 2 1223805 1229444 -
114 2852 6642 + 7 2529283 2533088 -
116 2987 5872 + 11 14651 17533 -
118 5746 7435 + 1 6421877 6423561 -
119 1494 7033 + 7 2415980 2421780 -
120 7021 9212 + 7 1022980 1025181 -
122 1717 3056 + 3 1707317 1708655 -
123 3323 6692 + 4 5959373 5962726 +
130 1643 2942 + 1 6406693 6408005 +
130 3855 5371 + 1 3806398 3807944 -
134 1522 8138 + 1 673323 679895 -
139 1393 5153 + 4 4448884 4452809 -
141 3767 5590 + 7 3436875 3438677 +
142 1949 3803 + 5 934958 937332 -
145 3654 5779 + 5 6005332 6007481 +
147 81 1377 + 6 2927 4137 -
147 2655 6351 + 4 1457494 1461273 -
159 20 1184 + 7 2142594 2143745 -
165 1642 4478 + 5 2924304 2927115 +
168 2403 3675 + 6 2994202 2997819 -
169 374 1671 + 2 3656013 3657311 +
169 1978 4864 + 4 1078841 1081741 +
