1 192 224639 + 3 3279563 3500518 +
2 18622 163557 + 5 639918 771253 -
2 167694 181845 + 5 623075 637557 +
2 186259 191205 + 5 614816 618550 -
2 191577 210697 + 5 561082 579821 -
3 790 39281 + 7 586994 639791 -
3 40941 80462 + 7 223150 256212 +
3 84472 109438 + 7 257826 305586 -
3 111918 117441 + 7 306422 311848 -
3 137391 201084 + 7 1428152 1502682 -
4 9077 89395 + 1 8030043 8104647 -
4 89623 113071 + 1 8006827 8029547 +
4 113762 145588 + 1 7976196 8006773 -
4 146377 181438 + 1 7939864 7975670 +
4 181845 197758 + 1 7928220 7939334 -
5 920 24908 + 2 3842014 3868176 +
5 39612 76422 + 2 3872732 3949632 -
5 77523 85960 + 2 3950900 3958257 +
5 108438 152006 + 2 3979052 4026815 -
5 153451 162381 + 2 4028400 4037294 +
5 163019 191926 + 2 3752108 3777275 -
6 4090 51518 + 1 1365327 1413616 +
6 53032 71044 + 1 1416300 1435447 -
6 74857 134694 + 1 1438263 1498947 +
6 142752 169131 + 1 1503699 1530534 -
6 171063 186300 + 1 1532384 1548132 +
7 8775 144958 + 2 172342 313362 +
7 160669 177532 + 2 315581 332587 -
8 1233 180070 + 4 3183184 3363724 +
9 2004 182319 + 4 2578690 2793737 -
10 2047 43085 + 3 2570617 2599709 +
10 43980 46491 + 3 2600374 2602384 -
10 47851 172811 + 3 2604038 2730166 +
11 780 98323 + 6 2124481 2222762 -
11 98971 101156 + 6 2121679 2123922 +
11 102450 115135 + 6 2107696 2121287 -
11 115756 118862 + 6 2103769 2107011 +
11 119455 172918 + 6 2050027 2103255 -
12 122 38905 + 1 5944460 6004037 -
12 39000 91834 + 1 5869076 5919953 -
12 93726 169273 + 1 8384775 8450516 -
13 1917 162280 + 5 3043583 3206979 +
14 8060 38287 + 7 321726 377155 -
14 43783 53178 + 7 386519 391433 +
14 55014 101329 + 7 394438 432334 -
14 101740 107516 + 7 433270 438762 +
14 109555 119644 + 7 440348 450630 -
14 124432 127638 + 7 454879 458454 -
14 131547 159461 + 7 461298 486635 +
15 742 122634 + 1 644292 788332 -
15 123361 156288 + 1 594512 628522 +
16 24747 45962 + 6 457179 473786 +
16 58182 89314 + 6 489299 524936 +
16 98813 104288 + 6 481141 486683 -
16 105501 122921 + 6 535574 553594 +
16 123709 139508 + 6 553959 574442 -
16 139847 152230 + 6 575135 588310 +
17 2841 12836 + 4 3513394 3523422 -
17 17771 19937 + 4 5791659 5793836 +
17 20518 178521 + 4 5479278 5643852 -
17 180553 195499 + 4 5459701 5475440 +
18 1181 151495 + 5 2089629 2243084 -
19 1890 92346 + 6 1705923 1837278 +
19 94406 99425 + 6 1837842 1842846 -
19 100258 150738 + 6 1852965 1927859 +
20 385 144915 + 1 8536708 8678426 -
21 546 26732 + 1 5369442 5394877 +
21 26872 148743 + 1 5402249 5552734 +
22 6010 64875 + 1 5773048 5835116 -
22 65145 148450 + 1 5653977 5734595 -
23 1144 3930 + 2 1833744 1836480 -
23 8446 13990 + 7 1207 6848 +
23 16734 18183 + 7 7273 8729 -
23 18444 121443 + 7 9511 107844 +
23 124947 139532 + 7 205761 220713 -
24 11285 138825 + 4 1586462 1701320 -
25 2617 8739 + 5 123974 130329 +
25 10054 13241 + 5 160407 163613 -
25 20382 44187 + 5 132357 158642 +
25 55542 136383 + 5 166487 270483 +
26 548 67558 + 7 824650 890451 +
26 68203 106794 + 2 616285 651661 -
26 109596 123544 + 2 597514 613491 +
26 127370 134863 + 2 585194 592356 -
27 6588 135633 + 1 6964055 7081596 +
28 1142 55053 + 6 3579650 3629589 +
28 62611 78906 + 6 3653892 3663848 -
28 100024 125981 + 6 3675040 3700187 +
28 82728 84749 + 4 3929659 3931677 +
29 12391 121111 + 3 1179907 1311707 +
30 292 129005 + 2 2248362 2375826 +
31 303 122425 + 5 1893805 2019885 -
31 122995 128707 + 5 1880429 1886396 +
32 24105 127519 + 1 8806069 8903494 -
33 322 118244 + 4 2132410 2250260 +
34 342 120952 + 6 852684 970696 -
35 1617 119926 + 1 2246935 2442130 +
36 1493 78712 + 2 2784655 2862965 +
36 79965 111453 + 2 2864774 2897359 -
36 114959 118593 + 2 2901090 2923015 +
37 6412 10644 + 6 4035399 4039733 +
37 13614 14933 + 6 4070945 4072213 +
37 15514 20963 + 6 4057552 4062882 -
37 26060 73178 + 6 3102774 3150548 +
37 74714 118099 + 6 3152717 3195650 -
38 2362 87890 + 1 3057394 3141931 +
38 89176 107895 + 1 3142742 3161426 -
38 108952 116780 + 1 3166660 3174577 -
39 397 116360 + 1 4817469 4939999 +
40 392 17219 + 5 5301966 5319844 -
40 18500 53740 + 5 5264986 5300745 +
40 57381 83233 + 5 5238618 5261211 -
40 85284 151102 + 5 5165698 5227553 +
40 151805 175639 + 5 5141825 5165212 -
40 176509 178602 + 5 5124679 5126982 +
41 765 118873 + 1 1993433 2108448 -
42 4331 44805 + 1 144775 180569 -
42 45909 58639 + 1 130416 143383 +
42 65059 107329 + 1 93723 128079 -
43 4329 42043 + 5 2936049 2973900 +
43 43871 50254 + 5 2976472 2980715 -
43 53175 80580 + 5 2981336 3004974 -
43 85200 108806 + 5 3006063 3029465 +
44 4016 109803 + 1 8223684 8383892 -
45 488 109931 + 1 6602306 6711891 -
46 521 97280 + 4 3028369 3149855 -
47 863 107265 + 1 5048147 5160263 -
48 837 27391 + 6 275819 302416 -
48 28092 43640 + 6 252585 268686 -
48 44534 52623 + 6 243651 251985 +
48 56403 71125 + 6 227399 241196 -
48 79293 97889 + 6 398590 413302 -
48 99420 107926 + 4 5144778 5148193 -
49 2994 60056 + 5 1618119 1675532 -
49 69798 82257 + 5 1602810 1615611 +
49 82511 107638 + 5 1576639 1600597 -
50 494 32507 + 4 5666107 5696612 +
50 33684 45450 + 4 5794103 5805501 -
50 48198 91305 + 4 5805765 5847138 +
51 516 1757 + 5 1226161 1227565 +
51 3212 104812 + 7 953007 1106414 -
52 643 20947 + 2 529957 549354 -
52 24397 60227 + 2 488655 526582 +
52 67347 105256 + 2 445988 484405 +
53 4600 104178 + 1 4944626 5046990 -
54 14169 18096 + 3 4724151 4727516 -
54 20478 82448 + 3 4663809 4723674 +
54 90347 98723 + 3 4650494 4657935 -
55 605 41853 + 1 5616565 5653944 -
55 42410 64950 + 1 5593073 5615512 +
55 65683 104651 + 1 5553552 5592954 -
56 657 99323 + 2 979510 1093852 +
57 711 104169 + 2 1433850 1550692 -
58 687 11424 + 7 2775233 2786112 -
58 13591 29774 + 7 2755983 2773191 +
58 31516 136909 + 7 2653373 2754835 -
59 784 102970 + 3 3078615 3173407 -
60 592 101986 + 3 1976776 2078837 +
61 740 102473 + 2 2444199 2543464 -
62 772 55752 + 5 2408152 2469804 -
62 56622 70463 + 5 2391526 2405719 +
62 72320 88950 + 5 2375657 2391117 -
62 89581 100369 + 5 2362225 2373568 +
63 857 100084 + 2 2076979 2237571 +
64 3865 53377 + 7 3008735 3052343 +
64 54594 82820 + 7 3053602 3083142 -
64 84538 96510 + 7 3083918 3096069 -
65 642 52872 + 2 3098994 3153176 -
65 54133 67257 + 2 3084977 3098136 +
65 68829 70374 + 2 3081155 3082631 -
65 71298 81936 + 2 3069179 3079814 +
65 85303 95143 + 2 3056380 3066093 -
66 761 30978 + 1 9118202 9151306 +
66 31968 40380 + 1 9256554 9264763 +
66 41194 50484 + 1 9246405 9255879 -
66 53130 61423 + 1 9234190 9242612 +
66 62946 68536 + 1 9226472 9232097 -
66 70093 88330 + 1 9154371 9182369 -
66 90020 96513 + 1 9184699 9191036 +
67 1286 97403 + 3 2963112 3054511 -
68 672 8245 + 5 5925397 5936699 +
68 9201 13008 + 5 5938881 5942805 -
68 18205 42041 + 5 5948391 5970043 +
68 42729 44928 + 5 5978154 5980341 -
68 46265 96029 + 5 6022831 6046345 +
69 2718 17531 + 6 3979986 3994307 -
69 18773 28760 + 6 3947113 3956762 -
69 29595 51081 + 6 3957357 3977167 +
69 52870 93796 + 6 3900246 3942514 +
70 832 30804 + 7 781950 819549 -
70 31370 45123 + 7 771676 781519 +
70 52126 55111 + 7 764065 767038 +
70 55930 95841 + 7 722364 762605 -
71 817 94234 + 1 1550042 1638291 -
72 2353 4777 + 6 1243606 1245946 +
72 6749 90402 + 6 1132974 1237443 -
73 722 93323 + 5 3854387 3971865 -
74 1340 92161 + 2 2598385 2688007 +
75 1032 91625 + 7 3385214 3505987 -
76 1723 65944 + 5 5379638 5457034 +
76 67428 75950 + 5 5457875 5466582 -
76 77180 91076 + 5 5467288 5481019 -
77 1006 90579 + 1 1066040 1155182 +
78 2153 90592 + 5 798064 891315 +
79 782 89969 + 7 1962793 2051191 -
80 792 85203 + 2 768801 850192 -
81 832 17815 + 1 423137 442181 +
81 19301 29740 + 1 408986 419439 +
81 30522 35712 + 1 402178 407407 -
81 41800 68776 + 1 492168 518762 +
81 69921 88688 + 1 519650 541366 -
82 1212 38596 + 7 3870391 3907371 -
82 42174 74398 + 7 3839693 3867702 +
82 75061 88798 + 7 3827896 3838068 -
83 901 47922 + 5 3385337 3432502 +
83 47934 88859 + 5 3447644 3485617 +
84 1115 66756 + 4 4156870 4230123 +
84 66984 69503 + 4 1267375 1270282 -
84 71590 75806 + 4 4241694 4244649 +
85 2268 88797 + 1 7777770 7860441 +
86 3189 87503 + 4 4418626 4514142 +
87 2442 58350 + 1 4271211 4364574 +
87 59676 61082 + 1 4365088 4366499 -
87 61393 94232 + 1 4367353 4401626 +
88 943 87095 + 5 3278853 3356980 +
89 889 47891 + 5 6294852 6340796 +
89 48542 52734 + 5 6342417 6345966 -
89 55741 105086 + 5 6346491 6393943 +
90 5033 42204 + 2 4222585 4275277 +
90 42816 83427 + 2 4279508 4310687 -
91 8641 61526 + 2 36645 72289 -
91 62385 64140 + 2 33876 35448 +
91 78677 84511 + 2 8935 17810 +
92 969 84508 + 4 5306360 5419707 -
93 2327 18244 + 6 3197741 3212161 -
93 22411 46634 + 6 3213449 3236576 +
93 49755 84687 + 6 3243029 3279772 +
94 932 84023 + 4 2490798 2577598 +
95 2165 32017 + 2 4446148 4470525 -
95 39793 49981 + 2 4434500 4444837 +
95 51482 82862 + 2 4324106 4369846 +
96 2091 73264 + 1 9568200 9639736 +
96 73750 84325 + 1 9556870 9567256 -
97 3314 82386 + 6 3330849 3424228 -
98 2028 82467 + 5 4320782 4400080 +
99 1231 33743 + 5 1228385 1260955 -
99 34858 40314 + 5 1218622 1223691 -
99 42892 79342 + 5 481978 527014 -
100 1126 32884 + 5 2700952 2732758 +
100 35067 80396 + 5 1741183 1798511 -
101 1099 81592 + 7 3233436 3316527 +
102 1051 80995 + 1 2174932 2246327 +
103 4276 36347 + 1 9379732 9414023 -
103 37658 57361 + 1 9356263 9378447 +
103 58922 80933 + 1 9283659 9354914 -
103 1022 2967 + 6 2645471 2647410 -
104 1032 80190 + 1 4675058 4753734 -
105 15 1031 + 1 4674032 4675056 -
105 1042 41288 + 2 1550743 1590883 +
105 42286 66633 + 2 1591656 1615627 -
105 68482 71974 + 2 1616705 1619212 +
105 72992 80405 + 2 1636168 1644046 -
106 1153 15466 + 3 1437858 1453504 -
106 16531 23332 + 3 1462704 1469687 -
106 24058 78734 + 3 1470482 1525249 +
107 2830 77888 + 5 4609912 4686125 +
108 3422 79852 + 5 4859698 4934563 +
109 4234 79285 + 3 5002224 5096398 +
110 1092 76438 + 1 2859920 2934624 +
111 2523 24412 + 5 1497737 1519152 +
111 26716 77627 + 5 1526016 1575349 +
112 5617 52271 + 7 4126998 4172961 -
112 55291 78852 + 7 4200613 4235931 +
113 3141 49121 + 3 149240 173890 +
113 51447 71675 + 3 174521 197203 -
114 1132 74146 + 6 2232475 2305563 -
115 1145 78116 + 1 4522671 4612838 +
116 1213 75949 + 4 1825130 1957378 -
117 1162 75420 + 2 3216678 3294782 +
118 18724 37812 + 3 4864983 4878277 +
118 40209 45224 + 3 4920444 4925154 -
118 48942 51049 + 3 4913600 4915748 +
118 57007 77814 + 3 4889005 4909864 +
119 1328 75326 + 2 2708039 2782890 +
120 6226 74247 + 1 816114 932713 +
121 7593 75880 + 1 6891045 6955220 -
122 1213 73431 + 2 3393890 3468727 +
123 1380 72880 + 3 2891386 2962377 -
124 84 1188 + 3 2880032 2881147 -
124 1596 61837 + 5 2521897 2584018 -
124 62694 73346 + 5 2509064 2519738 +
125 1242 73903 + 1 7186225 7252719 -
126 3385 13159 + 3 1846456 1856275 +
126 13535 22582 + 3 1856730 1866450 -
126 23802 72900 + 3 1866969 1917719 +
127 1262 72847 + 1 2556429 2629721 +
128 1375 72405 + 7 1364872 1426806 +
129 187 1271 + 7 1426984 1428032 +
129 2759 43340 + 7 1259915 1318372 +
129 51014 72892 + 7 1345386 1364398 +
129 44464 45568 + 3 4998755 4999864 -
130 1292 71104 + 5 3540527 3608269 +
131 3889 66010 + 4 258680 319356 -
132 6991 70357 + 2 4371197 4433798 -
133 1410 70224 + 1 1786369 1852553 -
134 47 1192 + 1 1785107 1786248 -
134 11548 26997 + 3 4961771 4982405 -
134 27370 56098 + 3 4931344 4960795 +
134 62667 69352 + 3 4880688 4887821 +
135 4011 70583 + 4 3667233 3733485 +
136 1575 7880 + 2 2923549 2929156 +
136 16926 28450 + 2 1672369 1684269 -
136 30778 56507 + 2 1645354 1670818 +
136 59814 69139 + 2 1622062 1631551 +
137 2312 70689 + 5 4706183 4773451 +
138 3921 5070 + 3 1623860 1625028 +
138 5624 69548 + 3 1548555 1611575 -
139 1382 17339 + 6 779027 795282 -
139 18074 42081 + 6 817291 840272 +
139 43557 49824 + 6 810643 816931 +
139 50332 69184 + 6 759928 778255 -
140 29 1311 + 6 758629 759891 -
140 5354 88015 + 6 2661331 2769572 -
141 1449 69112 + 3 3575937 3645501 -
142 5457 60234 + 7 2855885 2903721 +
142 62393 69160 + 7 3626520 3633699 +
143 168 1411 + 7 3633718 3634924 +
143 1483 20577 + 5 5591489 5610817 +
143 21012 24963 + 5 5612621 5616546 -
143 25576 45369 + 5 5617064 5636286 +
143 45883 58133 + 5 5636819 5650165 -
143 59007 67041 + 5 5650527 5699840 +
143 67422 68954 + 5 5713633 5715167 +
144 1444 11834 + 2 1806979 1817153 +
144 12764 27656 + 2 1818329 1833233 -
144 29094 42596 + 2 1837216 1851249 +
144 43458 51734 + 2 1855099 1859805 -
144 52013 68744 + 2 1860458 1878424 +
145 4329 67053 + 6 1408243 1468957 -
146 1452 21678 + 4 5645150 5666070 -
146 26578 68171 + 4 5697689 5735630 +
146 22943 26019 + 3 3724476 3727552 -
147 1479 59347 + 4 4851997 4908110 -
147 60189 113709 + 4 1292898 1347571 +
148 23 1214 + 4 1348070 1349285 +
148 1472 67419 + 4 1436721 1538089 +
149 45 1471 + 4 1538346 1539727 +
149 1514 4716 + 5 5816990 5820212 +
149 7658 66695 + 5 5747654 5803044 -
150 266 1481 + 5 5744962 5746285 -
150 2082 67561 + 1 7453655 7519078 +
151 1533 68399 + 1 2109305 2174893 -
152 1862 23925 + 2 4065789 4085056 +
152 38993 42337 + 2 3583181 3586492 +
152 44742 49710 + 2 3588588 3593843 -
152 51371 66324 + 2 3595581 3719620 +
153 158 1511 + 2 3720734 3722106 +
153 4806 66446 + 1 7863588 7926533 -
154 242 1464 + 1 7861306 7862528 -
154 7777 71620 + 4 4720252 4783611 -
155 3693 67279 + 6 1512914 1572373 +
156 327 1341 + 6 1572382 1573396 +
156 9505 65281 + 1 6069911 6127428 +
157 1943 66410 + 7 3506607 3571886 +
158 1572 66110 + 6 1575071 1630590 -
159 306 1510 + 6 1573538 1574761 -
159 3881 65601 + 1 1923352 1985808 +
160 199 1491 + 1 1986415 1987745 +
160 1592 65738 + 6 972890 1033516 -
161 1936 65718 + 5 4935517 4998049 +
162 120 1362 + 5 4998170 4999457 +
162 16236 55383 + 6 2316349 2352614 -
162 59565 65709 + 6 2307045 2313072 -
163 2009 65523 + 1 8721102 8775263 +
164 2270 65707 + 1 7385708 7452656 +
165 1799 64294 + 3 1681014 1790407 +
166 2692 14221 + 1 1169800 1181600 +
166 15022 21827 + 1 1186660 1193591 +
166 24099 29529 + 1 1193825 1199401 -
166 30131 64567 + 1 1201660 1245366 +
167 79 1541 + 1 1245441 1247215 +
167 7795 15808 + 3 520133 527717 +
167 18232 27502 + 3 470277 492826 +
167 30166 69316 + 3 418480 467460 -
168 1802 8919 + 3 1613871 1621313 -
168 10433 62134 + 3 1625931 1677923 +
169 8736 62606 + 4 498360 552645 +
170 2223 63956 + 7 2483306 2569132 +
171 7515 65920 + 3 625644 682946 -
172 478 1632 + 3 623678 625549 -
172 1872 60993 + 3 1028095 1107700 -
173 1795 4346 + 1 420011 422613 -
173 7704 15692 + 1 444114 451849 +
173 17655 29652 + 1 464611 478197 +
173 32833 37485 + 1 393862 398637 +
173 41888 54838 + 1 378726 393149 -
174 4296 62097 + 2 349509 417935 +
175 1857 62627 + 1 4612901 4672219 +
176 27 1505 + 1 4672275 4673762 +
176 1806 17367 + 5 4017259 4033105 +
176 17926 62384 + 5 4065603 4110599 +
177 6747 60942 + 4 3620205 3667059 -
178 34 1564 + 4 3617390 3618851 -
178 20050 58200 + 1 42336 92753 -
179 3521 61725 + 7 3328068 3382823 +
180 133 1212 + 7 3382844 3383856 +
180 26932 59896 + 2 4086047 4151916 +
181 14409 28267 + 3 4469707 4484663 -
181 29035 43220 + 3 4453274 4467282 +
181 46269 60605 + 3 4436383 4452088 -
182 444 1801 + 3 4433395 4434807 -
182 7172 56584 + 2 2001910 2052664 -
183 2763 6901 + 2 3822822 3826394 +
183 11619 61985 + 1 4431004 4482259 -
184 1832 61104 + 2 3160514 3216581 -
185 42 1831 + 2 3157923 3160260 -
185 12324 32200 + 7 4106384 4126456 +
185 39688 60930 + 7 4174760 4196135 -
186 2678 3727 + 1 3969000 3970037 +
186 4011 5194 + 2 1257481 1258775 -
186 10038 67833 + 4 1088082 1194190 +
186 71998 77363 + 4 1260078 1265578 -
186 79128 81194 + 4 1256480 1258627 +
186 82237 103198 + 4 1235102 1255692 -
187 1969 60446 + 3 3647242 3706491 -
188 4077 5469 + 3 2284887 2286289 +
188 6499 7503 + 3 2286689 2287766 -
188 8193 59908 + 3 2296909 2346276 +
189 358 1858 + 3 2346540 2348025 +
189 6655 59565 + 1 4202328 4254979 +
190 425 1616 + 1 4255626 4256873 +
190 2469 59118 + 2 2945843 3001090 +
191 11389 59913 + 1 9640679 9687287 -
192 5616 53085 + 6 1267073 1314806 +
192 57234 58732 + 6 1327290 1328779 -
193 1922 25549 + 5 1266965 1284937 -
193 26181 27809 + 5 1346446 1348090 +
193 28063 37996 + 5 1348419 1358467 -
193 38320 57708 + 5 1358650 1378315 +
194 3330 59129 + 3 4061914 4140822 -
195 4846 58668 + 4 2795924 2849603 +
196 98 1940 + 4 2849670 2851173 +
196 8025 59699 + 1 9467053 9553611 -
197 558 1718 + 1 9465154 9466232 -
197 2079 59230 + 3 4002940 4059623 +
198 5299 57314 + 3 3818928 3868876 +
199 317 1971 + 3 3869884 3871614 +
199 2971 55676 + 5 2785496 2837809 -
200 4269 50193 + 1 316131 361925 +
200 50523 54406 + 1 365036 369182 -
201 2186 39979 + 6 1989168 2027045 -
201 41197 49845 + 6 1977845 1986516 +
201 51114 57824 + 6 1970226 1977163 -
202 2738 57784 + 5 4187406 4257683 +
203 222 2004 + 5 4257691 4259481 +
203 2042 57324 + 5 1419000 1480144 +
204 26 1576 + 5 1480161 1481675 +
204 2180 40244 + 1 9031780 9071333 -
204 43507 57263 + 1 9013617 9027998 +
205 68 1636 + 1 9028018 9029583 +
205 3125 7552 + 1 8471026 8475422 +
205 7724 27804 + 1 8450746 8470885 -
205 29542 54293 + 1 5837233 5868358 -
206 2053 5706 + 1 3162795 3166458 -
206 5869 40086 + 1 3175018 3209029 +
206 40609 55230 + 1 3209543 3224805 -
206 55740 57011 + 1 3225331 3226612 +
207 2064 14600 + 1 988206 1000279 +
207 15408 16453 + 1 1000873 1002420 -
207 17140 56773 + 1 1002867 1043622 +
208 66 1923 + 1 1043705 1045569 +
208 2076 38941 + 1 8132926 8165326 -
208 39388 56297 + 1 8477671 8494287 +
209 2082 22055 + 4 5044457 5066077 -
209 27188 48195 + 4 4995932 5016144 -
210 16789 35247 + 3 5229523 5246372 +
210 37430 50222 + 3 5248266 5260461 -
210 50952 58800 + 3 5261518 5268325 +
210 6779 9330 + 7 2416109 2418721 +
211 2436 43927 + 7 3100379 3143218 -
211 45547 54483 + 7 3172067 3181343 +
212 265 2028 + 7 3183462 3185276 +
212 2179 24801 + 2 1694441 1719376 +
212 26605 54490 + 2 1734673 1763135 +
213 3833 55931 + 4 3875273 3928489 -
214 2144 3181 + 5 1799130 1800167 -
214 3718 52784 + 5 2735040 2783363 +
215 3937 55825 + 4 1714376 1766329 +
216 52 1974 + 4 1766337 1768272 +
216 2272 55768 + 1 7722900 7777172 +
217 14708 59746 + 4 3368703 3413309 +
218 5404 55554 + 6 1408 46803 -
219 2936 4648 + 5 892341 894326 -
219 5799 68923 + 1 7081685 7135408 +
220 66 2181 + 1 7135650 7137801 +
220 3404 51129 + 5 6133015 6193708 +
221 4926 55256 + 3 3225936 3276810 +
222 559 2201 + 3 3277380 3279541 +
222 2411 55215 + 5 3802775 3853178 -
223 330 2210 + 5 3800442 3802357 -
223 15249 55012 + 3 4761811 4799425 -
224 5341 56330 + 5 1285450 1346197 -
225 2250 54648 + 1 5216274 5271091 +
226 2351 56450 + 4 2969836 3009352 +
227 2977 54361 + 3 3951014 4002146 -
228 2 2259 + 3 3948644 3951013 -
228 5095 53774 + 3 4485822 4535454 +
229 4689 53828 + 5 3613106 3664991 -
230 291 2281 + 5 3610475 3612900 -
230 2292 51241 + 1 6130826 6179701 +
231 7171 8220 + 4 584521 585534 -
231 23821 46126 + 4 556025 580091 +
232 3199 44906 + 6 3426949 3466874 +
233 2334 23218 + 4 4814379 4834850 -
233 26372 30789 + 4 4807755 4812413 +
233 32501 54067 + 4 4785347 4806893 -
234 5858 14068 + 6 3702000 3712108 +
234 16270 22361 + 6 3737568 3743767 -
234 24036 46152 + 3 239565 262334 +
235 3711 54605 + 4 4665238 4716955 -
236 2352 29915 + 4 421634 466567 +
236 47516 48558 + 4 399791 400808 +
238 5936 51952 + 4 595222 640797 +
239 2728 32102 + 3 384205 409536 -
239 37400 53363 + 3 331862 345510 -
240 2760 53320 + 3 3175179 3219785 -
241 591 2332 + 3 3173557 3175168 -
241 4560 31327 + 7 2105609 2134864 -
241 32323 52651 + 7 2053587 2075730 -
242 132 2401 + 7 2051221 2053404 -
242 5306 16222 + 6 626699 637985 -
242 17069 20013 + 6 638547 641565 +
242 23031 36281 + 6 644242 657510 -
242 43489 51529 + 6 591260 599175 -
243 3907 11755 + 6 1044062 1051876 -
243 20835 47603 + 6 1089349 1113871 +
243 48409 52267 + 6 1356051 1359607 -
244 220 2421 + 6 1353311 1355614 -
244 9764 27383 + 6 3809637 3826944 +
244 39177 51976 + 6 3774938 3799823 -
245 676 2372 + 6 3772528 3774085 -
245 2501 51590 + 3 4310708 4358136 -
246 414 2441 + 3 4307406 4309653 -
246 3200 22554 + 2 952823 972319 -
246 22880 53066 + 2 920233 951479 +
247 2484 51744 + 7 1509656 1560037 +
248 69 2439 + 7 1560265 1563012 +
248 2474 55808 + 5 2877342 2921784 -
249 111 2471 + 5 2874559 2876854 -
249 4072 38972 + 4 154625 186182 +
249 40810 50423 + 4 187425 196950 -
250 614 2036 + 4 324479 327497 -
250 2620 51553 + 1 1638400 1688858 +
251 3773 52048 + 3 3760519 3808317 -
252 2629 53070 + 4 4528487 4579362 -
253 13378 48075 + 4 5752063 5785639 -
254 2872 50231 + 7 492011 564846 -
255 24368 51000 + 7 1226804 1250622 +
255 3088 5685 + 2 144867 147381 +
256 2587 4176 + 2 3830058 3831808 -
256 7039 51174 + 2 1882954 1924677 +
257 3630 51243 + 1 1735477 1782730 +
258 928 2467 + 1 1783343 1784916 +
258 4438 15245 + 7 114790 125782 +
258 19782 51828 + 7 158079 196958 +
259 2709 50740 + 4 3542082 3591013 -
260 136 2581 + 4 3539550 3541960 -
260 2660 50488 + 3 4358264 4407333 +
261 419 2484 + 3 4407602 4409724 +
261 2602 50725 + 5 2650285 2698182 +
262 438 2601 + 5 2698184 2700457 +
262 2697 49195 + 3 2166683 2263442 +
263 909 2468 + 3 2264803 2266892 +
263 2628 49292 + 5 4474361 4532017 +
264 3252 43629 + 5 6229864 6269192 -
265 11190 16568 + 3 1431572 1437419 +
265 17413 28794 + 3 1416039 1427060 +
265 32895 50026 + 3 1397574 1415209 -
266 607 2635 + 3 1395319 1397421 -
266 2779 6160 + 4 4660752 4664106 -
266 6716 49674 + 4 4582067 4625285 -
267 2737 54099 + 1 3265037 3316233 +
268 5629 49630 + 5 4400701 4441020 +
269 1171 2671 + 5 4472777 4474277 +
269 2791 49532 + 7 640599 687535 +
270 2711 49112 + 4 4020039 4100593 +
271 131 2400 + 4 4101350 4103652 +
271 4292 8727 + 2 4169952 4174188 -
271 10238 17671 + 2 4181710 4188726 -
271 19970 25393 + 2 4213406 4218305 +
271 32762 34687 + 2 4219324 4220928 -
272 5779 14304 + 1 9414533 9424319 +
272 15067 24516 + 1 9425214 9434186 -
272 28816 48919 + 1 9435436 9455990 +
273 71 2711 + 1 9456509 9459291 +
273 2796 49557 + 3 2422190 2490334 -
274 393 2721 + 3 2419781 2422133 -
274 2732 48913 + 5 1803213 1848479 -
275 202 2537 + 5 1800357 1802782 -
275 8697 10114 + 7 4101344 4102779 -
275 10548 12307 + 7 4102843 4104599 +
275 15103 23901 + 7 3653466 3662084 +
275 24382 48744 + 7 3704373 3729208 -
276 2753 48538 + 2 2551564 2598196 +
276 220 2601 + 7 3676785 3703898 -
277 3811 48065 + 3 550883 597168 -
278 4461 24432 + 6 3538239 3556904 -
278 31492 48779 + 6 3480275 3500575 -
279 2 1614 + 6 3476041 3480145 -
279 3791 48791 + 7 1630298 1675811 +
280 10 2781 + 7 1675923 1678480 +
280 3073 49269 + 2 1929199 1976300 -
281 4261 5674 + 3 94316 95852 -
281 7219 8738 + 3 97593 99120 +
281 9425 46659 + 3 33438 85039 -
281 47779 49013 + 3 29244 30415 +
282 5751 48696 + 5 19175 60011 -
283 3117 5176 + 7 4019328 4021219 +
283 14637 49132 + 1 4483319 4517233 +
284 2832 48553 + 1 7140727 7185873 -
285 242 2829 + 1 7137825 7140465 -
285 2842 28088 + 6 3305193 3329362 -
285 34057 45060 + 6 3288772 3300438 +
286 79 1195 + 6 3285271 3286388 -
286 2944 30413 + 7 3600809 3623194 +
286 34854 48534 + 7 3637953 3650071 -
287 378 2851 + 7 3634931 3637793 -
287 4094 18506 + 3 2081814 2096512 -
287 19250 47917 + 3 2096845 2125178 +
288 1491 2861 + 3 2126873 2128548 +
288 2903 47501 + 5 5319870 5363956 +
289 6492 12090 + 6 218865 224690 -
289 15492 23489 + 6 339712 348039 -
289 30280 34251 + 6 331820 335889 +
289 35623 47283 + 6 306210 330627 -
290 431 2881 + 6 302626 305170 -
290 2892 40513 + 4 2889124 2924564 +
291 2955 47784 + 7 1866278 1909912 +
292 3626 48284 + 4 3432401 3476367 -
293 4189 51291 + 4 648532 681990 -
294 2932 19002 + 6 1114271 1131272 -
294 20638 46746 + 6 1361358 1386936 +
295 3019 10407 + 1 8951928 8959383 +
295 10983 48573 + 1 8913441 8949289 -
296 3180 47213 + 7 2569315 2614663 +
297 4863 18385 + 4 1278074 1292184 -
297 19306 47559 + 4 1202307 1230940 +
298 4687 46570 + 5 5545031 5588127 +
299 214 2971 + 5 5588558 5591485 +
299 7115 21787 + 1 8960768 8975773 -
299 22742 47093 + 1 8976452 9009842 +
300 2992 28944 + 1 2481085 2504944 -
300 30848 46346 + 1 2443447 2458116 +
301 505 2991 + 1 2459107 2461604 +
301 3344 11886 + 7 3747811 3756903 -
301 12144 19185 + 7 3740870 3747542 +
301 19908 30327 + 7 3730592 3740309 -
301 38986 47203 + 7 3663173 3669569 +
302 5563 46167 + 4 4373788 4417265 -
303 669 2307 + 4 4371429 4373056 -
303 5332 24512 + 4 65007 84529 +
303 25858 29371 + 4 98771 102223 +
303 30795 42521 + 4 85940 97842 -
303 43134 45300 + 4 103895 106103 +
304 3105 45758 + 6 2460564 2500403 +
305 386 3014 + 6 2501183 2503596 +
305 3720 46141 + 4 2088186 2130341 -
306 13755 28217 + 7 3806837 3822250 +
306 33664 44958 + 7 3794637 3805911 -
307 3062 44254 + 3 4141823 4183583 -
308 3808 27286 + 6 183745 202797 +
308 29696 45629 + 6 142469 156594 -
309 718 2546 + 6 140301 142099 -
309 11520 38068 + 4 5250287 5274984 +
309 40432 49632 + 4 5282627 5292073 +
310 13 2966 + 4 5292145 5295078 +
310 3316 16115 + 1 2701159 2714219 +
310 16502 20082 + 1 2714327 2717924 -
310 20178 44310 + 1 2718306 2743080 +
311 7798 43987 + 3 4544010 4578043 -
312 3203 43912 + 4 2929053 2969748 -
313 521 2689 + 4 2925895 2928109 -
313 13995 44798 + 2 3488278 3529169 +
315 6159 45332 + 1 946130 985545 +
316 924 2469 + 1 986077 987610 +
316 3153 45702 + 1 6810752 6854402 -
317 942 3151 + 1 6808880 6810686 -
317 3217 45045 + 5 3971911 4014277 +
318 3235 44572 + 5 4534925 4576738 +
319 471 2836 + 5 4577306 4579692 +
319 3774 40695 + 4 5891870 5945178 -
319 41937 43203 + 3 4987288 4988555 -
320 8130 46812 + 7 3976053 4010965 -
321 3264 44324 + 3 3874839 3915715 -
322 3955 46871 + 7 2905540 2959108 +
323 114 3009 + 7 2959218 2962079 +
323 3363 44249 + 1 1691402 1732022 +
324 62 1837 + 1 1732047 1733486 +
324 14071 54300 + 4 5104752 5142132 -
325 283 2600 + 4 5101968 5104366 -
325 3242 45036 + 2 549608 582682 +
326 3252 44564 + 1 542759 583506 +
327 1389 3111 + 1 584487 586073 +
327 18385 58216 + 5 5498940 5540109 -
328 17658 38871 + 1 9693216 9766944 +
329 3282 43176 + 4 2400827 2440866 -
330 124 3241 + 4 2396990 2400215 -
330 14184 43810 + 4 5162900 5193848 -
331 35 3291 + 4 5159558 5162898 -
331 5523 25063 + 2 3553641 3575043 -
331 36808 39847 + 2 3548778 3551910 +
332 4868 32905 + 5 353141 374545 -
332 33030 37368 + 5 348252 352740 +
333 1061 3130 + 5 340421 342789 -
333 3421 30254 + 3 533923 546604 -
333 35275 37511 + 3 529942 532209 +
333 40792 42886 + 3 494433 496778 +
334 552 3229 + 3 497472 500484 +
334 5961 42908 + 6 2580848 2618312 -
335 12734 31324 + 7 1600285 1611773 -
336 180 2055 + 7 1594438 1596240 -
336 3415 42640 + 1 7677607 7719434 +
337 633 3287 + 1 7720146 7722746 +
337 5899 42654 + 7 2789461 2841562 -
338 1089 2935 + 7 2786576 2788457 -
338 3554 42671 + 6 2518299 2555174 +
339 4156 40880 + 5 5006829 5043857 +
340 11284 35829 + 7 1201803 1225592 +
341 1571 3391 + 7 583133 584820 -
341 5412 47002 + 2 1366431 1404888 -
342 3695 23585 + 7 3944228 3960833 +
342 24581 32907 + 7 3962673 3971961 -
343 3422 41346 + 7 1743317 1783238 +
344 167 3421 + 7 1783598 1787019 +
344 4505 7172 + 6 3715437 3718190 +
344 8221 16802 + 6 3718955 3727025 -
344 22746 30730 + 6 3727799 3735155 +
344 42874 48190 + 3 275930 281412 +
345 1136 3138 + 3 294184 295383 -
345 3442 41023 + 5 3244580 3274985 +
346 3466 40479 + 3 2840458 2876320 +
347 647 3109 + 3 2877279 2879738 +
347 4561 40327 + 1 1285912 1322384 -
348 454 1620 + 1 1283843 1284939 -
348 3472 12261 + 1 3452922 3461988 +
348 12934 40985 + 1 3463322 3510476 -
349 3658 41720 + 4 3783963 3823383 +
350 1080 2610 + 4 3823455 3825060 +
350 11338 13918 + 6 4063880 4066562 -
350 14983 40325 + 6 4072773 4096908 +
351 539 3491 + 6 4097473 4100462 +
351 12197 40630 + 1 3566024 3595157 +
352 3759 39131 + 1 6537573 6573302 +
353 258 3511 + 1 6574779 6577856 +
353 3812 39669 + 4 767090 802633 -
354 5244 19230 + 1 2986285 3000080 -
354 19503 21261 + 1 3001040 3002811 -
354 22267 26223 + 1 3003227 3007324 -
354 26801 44363 + 1 3008466 3026918 +
355 4175 40092 + 6 1476912 1511888 -
356 52 2626 + 6 1474354 1476876 -
356 5375 38233 + 4 2315348 2395070 -
357 605 3233 + 4 2309884 2313092 -
357 3680 40009 + 4 1539733 1572705 +
358 613 3554 + 4 1573251 1576153 +
358 3919 40445 + 1 6030990 6066640 +
359 6290 40404 + 1 4137135 4201344 -
360 688 3581 + 1 4134088 4137018 -
360 6420 38823 + 3 1333273 1376116 +
361 24218 39739 + 6 610043 625863 -
362 61 1488 + 6 608552 609963 -
362 3803 39826 + 5 4259764 4295323 +
363 401 1741 + 5 4295732 4297098 +
363 3632 40090 + 1 2940463 2973907 -
364 591 3621 + 1 2937419 2940401 -
364 4564 7096 + 3 268554 271618 +
364 14906 26322 + 3 219451 229137 -
364 30915 37279 + 3 201659 207908 +
365 4935 33911 + 3 4597542 4628476 -
365 34916 39174 + 3 4536846 4538478 +
366 3827 40275 + 5 4138465 4186744 -
367 3662 9834 + 3 4296113 4302515 -
367 10757 14516 + 3 4291296 4295116 +
367 14840 39115 + 3 4239811 4290991 -
368 3908 38787 + 1 6221084 6264950 +
369 4081 39037 + 1 1856181 1889818 -
370 5084 11326 + 3 2535706 2540981 -
370 11830 38711 + 3 2541585 2568779 +
371 3892 38852 + 1 2633996 2668549 -
372 232 2511 + 1 2631955 2633941 -
372 3779 15507 + 6 2356625 2368498 -
372 18792 38437 + 6 2375102 2395594 +
373 3837 37832 + 5 3713608 3745966 +
374 468 3299 + 5 3746814 3749564 +
374 13073 55213 + 1 218039 255005 -
375 7316 37547 + 1 7560064 7591309 +
376 1265 3741 + 1 7593099 7595376 +
376 3832 37451 + 7 2616715 2649601 +
377 48 2220 + 7 2649986 2652137 +
377 4042 38076 + 5 3207330 3241449 +
378 6915 39104 + 7 1789262 1823642 -
379 3782 40255 + 1 3987706 4107385 -
380 1901 3445 + 1 3972720 3974267 -
380 3799 37591 + 3 4183634 4218584 +
381 6717 15481 + 3 5130098 5137189 -
381 16927 38728 + 3 5161128 5183260 -
382 7 3506 + 3 5157412 5160855 -
382 3841 37083 + 5 2287357 2320933 +
384 24968 32360 + 5 418775 426283 +
384 7230 17886 + 2 3777615 3788395 -
384 18698 19866 + 2 4037878 4039074 +
385 844 3551 + 5 431164 433628 +
385 5028 12205 + 6 47483 54663 -
385 14868 29953 + 6 60954 76452 -
385 30945 36725 + 6 131854 137582 -
386 7930 34963 + 5 2585083 2644661 +
387 387 3796 + 5 2646707 2650160 +
387 6453 37938 + 1 6349287 6382632 -
388 11148 21093 + 2 4053837 4064511 +
388 27599 30990 + 2 4047787 4051691 -
388 33833 34984 + 2 4045050 4046209 +
389 7490 34888 + 1 7294397 7321500 +
390 4173 6771 + 4 4304281 4307193 -
390 7153 35963 + 4 3842545 3869250 +
391 181 3878 + 4 3869352 3873287 +
391 9225 35648 + 1 6858471 6884576 -
392 138 3901 + 1 6854430 6858260 -
392 3937 35640 + 3 2759948 2794650 -
393 6190 26395 + 2 4190164 4212828 -
394 7512 8664 + 6 4048103 4049264 -
394 12317 33875 + 6 4125489 4146267 -
395 1249 3914 + 6 4120162 4122423 -
395 4303 35987 + 1 8190385 8220079 +
396 4092 24484 + 3 1133056 1154157 +
397 22 1459 + 3 1167289 1168729 -
397 5599 34674 + 1 3664451 3734283 -
398 46 2601 + 1 3638139 3641443 -
398 4042 34754 + 3 2374477 2405272 +
399 36 3609 + 3 2405493 2409084 +
399 5696 28714 + 1 6459690 6485394 +
399 30974 33418 + 1 6269990 6271859 -
400 1092 2443 + 1 6266754 6268105 -
400 4090 34988 + 2 2398454 2429486 -
401 4132 34623 + 1 7520358 7551577 +
402 4018 36432 + 1 1247351 1276812 +
403 7425 25791 + 4 4944660 4963395 -
404 4252 34238 + 4 1792007 1823129 +
405 7128 24296 + 7 933985 944864 +
406 791 3846 + 7 949618 952305 +
406 5785 8438 + 2 695259 698043 +
406 11268 33993 + 2 654003 678566 +
407 4 2207 + 2 678789 681057 +
407 4066 34197 + 7 3907577 3940098 +
408 239 4023 + 7 3940285 3943900 +
408 4300 8999 + 4 228411 233534 -
408 26227 33955 + 4 243716 250714 +
409 5334 34435 + 1 7256615 7276025 -
410 4092 34796 + 5 5048566 5080094 +
411 25100 34937 + 5 2041763 2051340 +
412 4113 33574 + 5 1382539 1413190 +
413 4122 33977 + 4 3946666 3977058 +
414 8882 19837 + 4 3501930 3512507 +
414 26649 28735 + 4 5787169 5789142 -
414 30090 32004 + 4 4928136 4930138 +
414 32706 35017 + 4 4935118 4937426 -
415 1245 4029 + 4 4932403 4935070 -
415 7404 14290 + 3 5098505 5106051 -
415 23957 33628 + 3 5109786 5116552 -
416 607 2831 + 3 5106900 5109064 -
416 7495 71135 + 5 4777748 4856335 -
417 24 4136 + 5 4773603 4777704 -
417 4955 33866 + 7 1565836 1592937 -
418 5614 33309 + 1 297042 314281 -
419 208 2801 + 1 295206 296915 -
419 4204 31036 + 2 850258 873923 +
419 32425 33753 + 2 883877 885204 +
419 36406 57299 + 2 887147 907503 -
419 58190 66770 + 2 908284 917225 +
420 1161 3427 + 2 917276 919532 +
420 5857 30146 + 7 4043361 4065998 -
421 809 4187 + 7 4074741 4077861 +
421 11902 29261 + 6 415074 428142 +
422 4337 32354 + 4 802818 829684 +
422 32777 40028 + 4 842736 849851 +
423 15 2604 + 4 849886 852392 +
423 21148 35238 + 6 3996593 4010763 -
424 4232 30985 + 6 682531 710455 +
425 4604 5864 + 7 2429332 2430507 +
425 11196 24935 + 3 3729812 3742391 -
425 28997 32504 + 3 3718301 3721871 -
426 1308 2719 + 1 1183543 1184972 -
426 22787 32606 + 3 3560189 3570370 +
427 204 4251 + 3 3570408 3574493 +
427 4624 32381 + 6 2408008 2436254 -
428 85 3483 + 6 2404487 2407887 -
428 4446 32367 + 1 3515796 3544763 -
429 49 4270 + 1 3511009 3515663 -
429 4289 32136 + 1 6183622 6196572 -
430 4338 15581 + 6 3872653 3884611 -
430 16009 17093 + 6 3870725 3872006 +
430 17712 21655 + 6 3892061 3895871 -
430 26767 29168 + 6 3896259 3898688 +
431 5662 49931 + 4 332184 396223 -
432 8259 16040 + 7 4066753 4072403 +
433 5383 31681 + 7 1910284 1935729 +
433 2801 4224 + 3 4855611 4856963 -
434 6583 31732 + 1 2776184 2801047 -
435 207 4111 + 1 2771862 2776147 -
435 4914 31503 + 6 1660954 1685284 -
436 6305 12217 + 7 4036119 4041606 +
436 17918 25612 + 7 4025361 4031852 -
437 7085 25094 + 4 701428 717575 +
437 45780 55169 + 4 687441 695901 -
438 573 2671 + 4 684778 686840 -
438 4372 30719 + 4 2857593 2884117 +
439 4567 31205 + 1 3371646 3398359 +
440 238 4379 + 1 3398430 3402501 +
440 4392 32874 + 1 7627154 7655271 -
441 11364 31103 + 3 5195462 5219321 -
442 6679 17958 + 3 5137820 5146454 +
442 21819 25689 + 3 5124001 5127894 +
442 27419 29045 + 3 5121061 5122924 -
443 7657 30374 + 4 3162691 3182838 -
444 893 2659 + 4 3159251 3161026 -
444 4468 31355 + 2 3788999 3815699 -
446 65 4378 + 7 3205264 3209425 -
446 4452 30970 + 3 1817788 1842957 +
447 4633 30527 + 5 2058709 2085563 -
448 4854 31383 + 1 8779626 8805772 -
449 1172 3659 + 1 8777795 8779625 -
449 6005 30183 + 5 5847130 5867634 -
450 754 4481 + 5 5842376 5846323 -
450 4624 30180 + 3 2494778 2520761 -
451 4584 29002 + 1 1323191 1357552 +
452 89 4098 + 1 1358588 1362812 +
452 7787 22811 + 5 5822332 5838955 -
452 23767 29354 + 5 5805711 5811799 +
453 238 4445 + 5 5812819 5816836 +
453 4624 30064 + 2 724512 748922 +
454 4532 28302 + 1 7345522 7369755 +
455 614 4486 + 1 7370768 7374614 +
455 4648 30618 + 1 5340722 5367072 -
456 1823 4541 + 1 5314784 5317570 -
456 5168 30462 + 1 3406283 3428799 -
457 854 4301 + 1 3402780 3406252 -
457 4565 29443 + 4 2284511 2309277 -
458 2306 4072 + 4 2280384 2282143 -
458 6984 14933 + 5 5110379 5118011 +
458 15979 20962 + 5 5118820 5123794 -
458 21377 29510 + 5 5132669 5141048 -
459 371 3685 + 5 5128769 5132257 -
459 20058 29440 + 1 634018 643386 -
459 17769 19677 + 2 3827103 3829024 -
460 50 4534 + 1 628704 633879 -
460 5438 28889 + 5 4588320 4609649 +
461 6270 7809 + 7 1189149 1190700 -
461 18960 36783 + 3 10113 28872 -
462 4714 29016 + 1 3345886 3371379 -
463 4622 27896 + 3 1003558 1026842 +
464 5044 28917 + 4 1959680 1983922 -
465 1021 2211 + 4 1957462 1958549 -
465 5904 9375 + 6 1239545 1242964 -
465 10688 28448 + 6 1247774 1265045 +
466 18863 29847 + 2 756716 766807 -
467 4808 12190 + 6 2652458 2659849 -
467 12725 28407 + 6 2628768 2644365 -
468 402 4407 + 6 2624348 2628130 -
468 6409 32242 + 1 3038 20262 +
469 1227 4671 + 1 34169 37242 +
469 7083 27610 + 5 6047414 6065508 +
470 5304 28551 + 7 3144128 3167594 +
471 5388 23321 + 4 3477550 3494082 +
472 4712 27578 + 5 2843379 2861323 -
473 164 4027 + 5 2838244 2842133 -
473 9639 28350 + 5 101138 120101 -
474 110 4626 + 5 96259 101059 -
474 10536 18172 + 3 109858 117913 -
474 18988 21771 + 3 104246 106780 +
475 46 1898 + 3 100325 102190 -
475 4775 28543 + 5 5716579 5740800 +
476 930 4646 + 5 5741378 5744916 +
476 4859 28101 + 4 1354791 1377663 -
477 270 3180 + 4 1351276 1354375 -
477 5857 14531 + 4 4147037 4155893 +
477 17762 25833 + 4 4135482 4143092 -
478 4881 30291 + 1 7598213 7624326 -
479 5057 31049 + 1 2506585 2533112 -
480 7376 9781 + 4 698368 700365 -
480 12265 13314 + 4 722814 723864 +
480 15507 17553 + 4 725433 727509 -
480 20909 23991 + 4 728193 731301 -
480 30122 40936 + 4 737164 743901 +
480 45429 57093 + 4 745186 757332 -
481 495 1625 + 4 763611 764749 +
481 6537 27490 + 5 5869364 5884111 +
482 220 4801 + 5 5884356 5889078 +
482 6737 27626 + 1 2673031 2693968 -
483 7913 19852 + 2 79796 91919 +
484 7890 25311 + 6 77511 94892 +
485 154 2932 + 6 100811 103600 -
485 4932 27407 + 4 3981036 4003723 +
486 114 3872 + 4 4003775 4007734 +
486 4943 26842 + 1 6004101 6025933 +
487 97 4851 + 1 6026180 6030661 +
488 24 3401 + 4 5278643 5281939 +
488 5046 17409 + 1 6273412 6285830 -
488 18899 26492 + 1 6486367 6494036 +
489 145 2749 + 1 6494526 6497118 +
489 4882 26937 + 2 1778493 1801879 +
490 243 4881 + 2 1802173 1806957 +
490 4902 24386 + 5 1860489 1879988 +
490 25383 26890 + 5 1891284 1892766 -
491 104 4816 + 5 1886404 1891152 -
491 18643 20193 + 4 4990550 4992010 +
492 5192 23854 + 6 733145 751566 +
493 21 4911 + 6 753436 758600 +
493 11239 27169 + 5 398400 412272 +
494 504 3682 + 5 412296 415537 +
494 4932 18539 + 6 795289 808929 +
494 21158 27281 + 6 841823 848077 +
495 6839 16332 + 4 4977200 4986520 -
495 20067 26900 + 3 2746240 2753430 +
496 250 2882 + 3 2753440 2756059 +
496 24598 32820 + 6 162042 169843 +
497 358 4173 + 6 169937 174046 +
497 6467 26792 + 1 3031024 3051483 +
498 5113 12763 + 5 3751591 3759308 -
498 14080 26543 + 5 3774958 3787557 +
499 144 4971 + 5 3787588 3792493 +
499 7792 20585 + 2 2052993 2065869 +
499 21023 27332 + 2 2067885 2074448 -
500 3927 4981 + 2 2075906 2076955 +
500 6574 15912 + 6 3857158 3867504 +
500 18649 25989 + 6 3846172 3853793 -
501 638 4504 + 6 3841060 3845171 +
501 5502 26406 + 3 602280 622889 -
502 5067 8801 + 4 1398359 1402125 -
502 10722 25968 + 4 1412801 1428120 +
503 773 4984 + 4 1429245 1433179 +
503 29205 41992 + 5 6399768 6410727 -
504 114 4965 + 5 6394891 6399755 -
504 5914 26094 + 5 2249506 2269311 -
505 3 4385 + 5 2244463 2249354 -
505 6714 27122 + 7 1614551 1625672 +
506 692 3021 + 7 1626392 1628782 +
506 7596 18743 + 3 4630646 4640368 +
507 6184 25750 + 1 8170395 8189645 -
508 5253 6615 + 4 1402370 1403802 +
508 11031 25444 + 4 1383306 1396106 -
509 159 5071 + 4 1377725 1382851 -
509 7749 25869 + 2 3034868 3051739 +
510 288 4180 + 2 3051806 3055536 +
510 12609 37536 + 3 2796129 2821362 -
511 8291 25655 + 5 67839 85705 -
512 446 2419 + 5 65567 67552 -
512 8935 26929 + 3 2143396 2162287 -
513 1628 4950 + 3 2140175 2143376 -
513 5327 25648 + 6 2558292 2578597 +
514 848 2149 + 6 2579203 2580535 +
514 5846 21855 + 7 2963034 2976505 +
514 23654 26162 + 7 2987960 2990473 -
515 903 4704 + 7 2984453 2987959 -
516 5615 24907 + 3 1531673 1547406 -
517 100 5151 + 3 1526914 1531343 -
517 5425 25134 + 1 4762215 4782171 +
518 754 5161 + 1 4782890 4787305 +
518 6651 25161 + 2 3723626 3746465 +
519 860 5171 + 2 3747123 3752025 +
519 5281 24325 + 1 6790791 6808860 -
520 421 5181 + 1 6786600 6790592 -
520 5192 24957 + 1 9076874 9094923 -
521 136 5179 + 1 9071538 9076858 -
521 5222 24717 + 1 4107422 4126670 +
522 61 2622 + 1 4126723 4129354 +
522 5380 25588 + 6 3558847 3575764 -
523 95 1667 + 6 3556921 3558827 -
523 5222 24038 + 4 4908156 4927644 +
524 1091 4522 + 4 4938279 4942083 -
524 5278 24735 + 1 9202430 9222193 -
525 7057 24143 + 4 2251641 2268807 +
526 348 5209 + 4 2269376 2274767 +
526 5271 28653 + 4 4104979 4128955 -
527 5295 20409 + 4 4310495 4323553 +
528 5430 23805 + 6 1928250 1946556 +
529 361 5138 + 6 1947240 1951886 +
529 5948 24405 + 7 1705919 1724481 +
530 594 4729 + 7 1724984 1729077 +
530 7936 9688 + 5 6195582 6197351 +
530 14174 15428 + 3 4991733 4993059 +
531 551 3623 + 5 6198702 6201748 +
531 5429 24169 + 6 2436483 2455249 +
532 502 5301 + 6 2455712 2460539 +
532 5944 9177 + 5 2504256 2508646 -
532 9859 18223 + 5 2494982 2503503 +
532 19680 37469 + 5 2476507 2494044 -
533 22 5311 + 5 2469966 2475589 -
533 6198 15242 + 4 478098 487512 -
533 15648 22466 + 4 488104 493937 +
534 14174 23253 + 1 453951 461709 -
535 592 3767 + 3 4823710 4825806 +
535 10297 26494 + 5 1708454 1720920 +
536 5499 6920 + 1 5943325 5944413 +
536 7539 23928 + 2 3009982 3026437 -
537 194 4267 + 2 3005862 3009858 -
537 12340 40136 + 7 4083854 4099971 -
538 139 5208 + 7 4078049 4083344 -
538 5448 23049 + 1 5160372 5178344 +
539 43 1885 + 1 5178721 5180543 +
539 5635 23147 + 5 3689749 3707820 +
540 457 5381 + 5 3708615 3713604 +
540 5518 23924 + 1 3434245 3452889 -
541 5518 24797 + 1 4798055 4817388 -
542 6037 20056 + 4 4835576 4849745 +
542 21866 22973 + 4 3610812 3611884 +
543 234 5127 + 4 3612516 3617015 +
544 7732 40367 + 5 305432 335177 +
545 259 5361 + 5 335306 340234 +
545 7245 22518 + 6 4149133 4162731 -
546 7483 14760 + 5 551416 558443 -
547 10749 22267 + 5 384951 395063 +
548 2298 5460 + 5 378055 381399 -
548 6639 20531 + 1 3245059 3257613 +
549 1004 5471 + 1 3260458 3264961 +
549 5482 22034 + 1 3324255 3341101 -
550 433 5316 + 1 3318843 3323562 -
550 5619 22528 + 4 3734740 3778585 +
551 5502 18415 + 6 1340358 1353286 -
552 1610 5501 + 6 1321464 1325328 +
552 6087 22199 + 1 789283 807930 +
553 69 5296 + 1 808151 813231 +
553 9811 22275 + 1 2801622 2814052 -
554 5680 22867 + 1 7655404 7672648 +
555 1029 5531 + 1 7673059 7677591 +
555 5698 21868 + 1 6196713 6215576 +
556 134 5541 + 1 6215783 6220844 +
557 10394 20383 + 2 424762 434315 +
558 390 1816 + 2 422199 423667 -
558 5784 18056 + 5 533155 545855 +
558 20254 21846 + 5 547785 549430 -
559 5744 21517 + 1 5185186 5200100 +
560 266 5581 + 1 5200566 5206321 +
560 5765 21485 + 3 1928249 1943856 +
561 165 3025 + 3 1944286 1946797 +
561 15307 21151 + 5 3374056 3379958 +
562 7697 10680 + 5 1676229 1679277 +
562 13901 19987 + 5 1687802 1705404 -
563 584 4171 + 5 1682484 1686087 -
563 5622 20956 + 5 5083571 5099201 +
564 1201 5331 + 5 5100865 5104918 +
564 12837 23772 + 4 212511 223682 +
564 27585 29776 + 4 240289 242490 -
565 2741 5567 + 4 233859 236684 -
565 5767 21223 + 1 8508518 8524092 -
566 551 5573 + 1 8502946 8508059 -
566 10257 19792 + 2 708567 717848 -
567 96 4237 + 2 718509 722770 +
567 5662 21173 + 7 1945624 1961391 -
568 685 5661 + 7 1940035 1945091 -
568 7399 17815 + 4 2004194 2013777 -
568 19823 21491 + 4 2014846 2016511 +
569 487 1738 + 4 2016567 2017847 +
569 2277 5670 + 4 2051075 2054511 +
569 5683 20817 + 1 8684308 8699462 -
571 9245 20760 + 6 1391548 1403526 -
572 428 3644 + 6 1388119 1391076 -
572 8557 9928 + 5 5712030 5713421 +
572 10278 20516 + 1 3227561 3237809 +
573 48 5191 + 1 3238069 3243443 +
573 12192 20732 + 7 2992841 3001406 +
574 3725 5298 + 7 3005901 3007503 +
574 7689 20606 + 6 1056234 1068960 +
575 1095 5609 + 6 1033614 1038271 -
575 6008 20330 + 3 3925525 3939941 +
576 408 5741 + 3 3940356 3945727 +
576 7212 20169 + 4 3597073 3609353 -
577 5762 23565 + 3 4409788 4427595 +
578 7525 20945 + 5 440661 454630 -
579 485 5464 + 5 434280 439058 -
579 9999 33109 + 4 852878 871242 +
580 10439 19247 + 7 3765257 3774019 -
582 625 3605 + 4 4246603 4249632 +
582 4708 5797 + 4 4301833 4302895 +
582 5813 19740 + 7 3185351 3198952 +
583 138 5720 + 7 3199611 3205049 +
583 5959 20002 + 1 8706101 8720715 -
584 70 5820 + 1 8699503 8705985 -
584 9932 19021 + 5 277388 283903 -
585 539 2698 + 5 273399 275531 -
585 5842 20092 + 4 2070861 2085459 -
586 1035 5833 + 4 2064994 2069822 -
586 5852 20162 + 1 1051408 1064171 -
587 13304 20031 + 4 4325876 4329843 +
588 5921 15149 + 3 5147602 5156980 -
589 764 5015 + 3 5187261 5190986 +
589 5882 18696 + 5 4112354 4125380 +
590 107 5881 + 5 4126262 4131997 +
590 5968 19851 + 1 5287597 5301464 +
591 340 5891 + 1 5301513 5307037 +
591 6030 18992 + 3 506587 516850 -
592 4455 5856 + 3 500693 502135 -
592 9944 20462 + 7 569657 579884 +
593 6107 19432 + 1 6333575 6346675 -
594 3 4898 + 1 6296121 6333514 -
594 16851 18717 + 3 758544 760414 +
595 6352 19734 + 3 973344 985392 -
596 324 5355 + 3 968624 973342 -
596 10084 17032 + 4 56980 63800 -
597 158 5918 + 4 48568 54521 +
597 6094 14093 + 2 1763202 1769050 +
598 769 5961 + 2 1773302 1778492 +
598 12903 18078 + 3 4747641 4752544 +
599 712 4004 + 3 4755443 4758769 +
600 1033 5060 + 4 2455444 2458713 +
600 6693 18748 + 1 6501570 6517135 -
601 202 5487 + 1 6497264 6501172 -
601 10585 19378 + 4 3525301 3533959 +
602 6012 18342 + 1 2832457 2845211 -
603 2055 5709 + 1 2828286 2832005 -
603 6024 11999 + 2 3815775 3821848 +
603 13862 15702 + 2 3834494 3836376 +
604 2149 4520 + 2 3837643 3840042 +
604 8585 19231 + 3 3742553 3753324 +
605 442 5973 + 3 3753510 3758487 +
605 6130 18684 + 2 2382527 2394620 -
606 192 6041 + 2 2376088 2382005 -
606 7069 15002 + 6 601045 606902 -
607 3301 5700 + 7 4016007 4018172 +
607 6062 19069 + 4 4357214 4370479 -
608 296 6061 + 4 4351460 4357073 -
608 6198 18976 + 7 709963 721042 -
609 243 2659 + 7 707260 709868 -
609 6136 18570 + 6 1951921 1963831 +
610 53 3725 + 6 1964092 1967816 +
610 6094 17545 + 1 9270061 9283098 -
611 3782 5721 + 1 9222591 9224532 -
611 6294 10191 + 5 6123417 6127295 -
612 2218 5934 + 5 6113542 6117251 -
612 6270 19892 + 7 1851971 1866138 -
614 6228 16463 + 4 5066155 5076886 +
615 1462 4798 + 4 5080320 5083407 +
617 933 3708 + 1 256864 259450 -
617 6162 18332 + 5 2330091 2342484 -
618 11 6108 + 5 2323944 2330074 -
619 224 3615 + 4 3933103 3936497 -
619 6373 19981 + 5 3759484 3773196 +
620 6353 18510 + 1 6767952 6780415 +
621 6674 17336 + 2 1413528 1424482 +
622 563 6173 + 2 1425829 1431491 +
622 11264 18261 + 7 1730664 1737656 +
624 4903 5924 + 2 1721669 1722677 +
624 6895 18161 + 3 4226971 4238764 -
625 239 5621 + 3 4221669 4226845 -
626 6359 17083 + 4 5431820 5442254 +
627 346 6177 + 4 5443280 5449216 +
627 11078 14685 + 6 4051728 4055179 +
628 9378 11786 + 3 297630 299819 -
628 14501 16290 + 3 283041 284846 +
629 376 3020 + 3 285798 288433 +
629 6446 11642 + 1 193078 195981 +
630 6413 17662 + 1 7277275 7286582 +
631 8254 17825 + 4 3414205 3423882 +
632 387 6301 + 4 3423960 3429900 +
632 6612 17356 + 3 985884 996833 +
633 6326 32205 + 3 3507456 3536372 -
634 302 6048 + 3 3500961 3507032 -
634 17707 21978 + 3 2740632 2744889 -
635 103 5946 + 3 2734662 2740593 -
635 6430 17826 + 4 142141 153609 +
636 6513 17189 + 1 6584423 6595374 -
637 232 6238 + 1 6577947 6584108 -
637 6363 13621 + 3 2349923 2357352 -
637 14249 17373 + 3 2364753 2368132 +
638 217 6359 + 3 2368147 2374366 +
638 6372 14347 + 6 714399 722523 +
638 14573 17131 + 6 729729 732432 -
639 233 3722 + 6 726029 729661 -
639 6614 16819 + 5 4306155 4316324 +
640 6 3529 + 5 4316470 4320035 +
640 6392 18031 + 2 3352286 3364138 -
641 6402 14087 + 7 3783894 3792033 -
642 857 5590 + 7 3775761 3780385 +
642 6638 8118 + 4 5018736 5020216 -
642 8505 16917 + 5 4690789 4699321 -
643 258 5755 + 5 4688572 4690749 -
643 7204 16618 + 1 6718537 6728000 -
644 7734 16441 + 6 1686074 1693110 +
645 1052 5852 + 6 1694367 1698591 +
645 6445 16327 + 1 1890216 1900108 +
646 93 6204 + 1 1900496 1906120 +
646 6526 16505 + 6 1646596 1656692 -
647 8291 16505 + 5 2928281 2935011 -
648 6599 16421 + 5 3357646 3367614 +
649 274 4614 + 5 3367789 3372126 +
649 6602 16315 + 6 2033350 2042502 +
650 93 3644 + 6 2042588 2045924 +
650 6558 13872 + 2 97090 104317 -
651 7667 16326 + 1 8108127 8115664 +
652 250 6019 + 1 8115787 8121262 +
653 6909 12903 + 4 5085899 5091025 +
655 6667 15494 + 7 3573796 3583217 +
656 121 6540 + 7 3584002 3591267 +
657 86 6534 + 3 1798321 1805174 -
657 6563 17657 + 3 1107783 1119019 +
659 9949 15167 + 6 3097152 3101422 -
660 17 6275 + 6 3089907 3096543 -
660 6648 8432 + 5 6293191 6294835 -
660 10261 14596 + 5 6276498 6280457 +
662 63 5878 + 3 3064314 3069839 +
662 8708 16776 + 4 3832838 3840354 -
663 261 6512 + 4 3826113 3832270 -
663 6691 10995 + 7 1693489 1697283 +
664 6773 17869 + 1 9094984 9107068 +
665 318 6582 + 1 9107114 9113478 +
665 6737 15591 + 6 1630605 1639561 +
666 6968 15526 + 1 4419859 4429099 -
667 69 6651 + 1 4414016 4419792 -
667 6662 14774 + 2 3296048 3322116 +
668 1335 6661 + 2 3324491 3330251 +
669 353 1546 + 7 915941 917144 -
670 2783 6653 + 4 838390 842247 -
670 7132 14791 + 6 2503950 2511300 +
671 10 6691 + 6 2511636 2518274 +
671 6756 15121 + 7 1678536 1686694 +
672 1317 6430 + 7 1688266 1693250 +
672 6771 17251 + 2 3334942 3345852 -
673 2207 6614 + 2 3330261 3334836 -
673 7006 15211 + 2 2689231 2697637 +
674 6801 14536 + 1 1157361 1165077 +
675 62 3955 + 1 1165609 1169449 +
677 8237 9392 + 2 109061 110220 -
677 12266 14670 + 7 127006 129399 +
678 1779 5525 + 7 131383 135190 +
679 7010 14698 + 3 2273952 2282105 -
680 87 6766 + 3 2267037 2273875 -
680 6792 9522 + 4 4343678 4346291 -
681 550 4761 + 4 4334153 4338305 -
681 10025 15226 + 6 3758750 3763812 -
682 1472 6613 + 6 3752253 3757761 -
682 8423 15031 + 7 1160851 1171497 +
683 1248 6754 + 7 1172691 1177157 +
684 43 6522 + 1 2853491 2859623 +
684 7308 15113 + 4 1774356 1781103 -
685 559 4609 + 4 1770198 1774265 -
685 6865 15545 + 2 2429614 2438335 +
686 7053 14710 + 3 3810212 3817856 +
687 6862 12608 + 2 4314859 4320496 +
688 7334 14438 + 3 1957851 1965231 -
689 430 6505 + 3 1951206 1957330 -
690 2921 4856 + 2 4177775 4179641 -
690 8558 11363 + 5 1483566 1485939 +
691 171 6891 + 5 1489191 1496305 +
692 2 6901 + 4 4013537 4020011 +
692 11902 14078 + 6 3838124 3840316 +
693 880 5168 + 6 3832987 3837182 -
693 7928 10512 + 7 1184592 1187430 -
693 11256 12547 + 7 1183065 1184326 +
694 2790 5704 + 7 1178546 1181430 -
695 1397 5716 + 1 262295 265294 -
695 8847 22975 + 4 2466859 2481476 -
696 69 6510 + 4 2460241 2466814 -
696 8165 16187 + 2 25390 33022 -
697 987 6237 + 2 18838 23724 -
697 8020 13067 + 1 8127378 8132558 -
698 550 5471 + 1 8122159 8126345 -
698 7726 14346 + 2 683514 693840 +
699 6990 12706 + 1 2461613 2467286 +
700 824 3240 + 1 2469204 2471631 +
700 3605 5658 + 1 2472095 2473734 -
700 7110 14832 + 5 5482048 5489871 +
701 242 4374 + 5 5489877 5493474 +
701 7021 16168 + 5 6096480 6113321 -
702 88 6951 + 5 6091618 6096439 -
703 3130 6986 + 2 154393 158624 +
704 9726 15281 + 5 3036167 3041967 -
705 137 5170 + 5 3030931 3036159 -
705 7751 13437 + 4 5202407 5207816 -
706 861 5695 + 4 5196320 5201202 -
706 7206 13557 + 1 2765260 2771599 -
707 149 7045 + 1 2758293 2765193 -
707 8798 13469 + 1 1913737 1918997 -
708 72 7016 + 1 1906399 1913692 -
708 7218 13971 + 1 6744729 6751619 -
709 653 7071 + 1 6737764 6744674 -
710 1045 3213 + 4 34505 36732 +
710 4903 6957 + 4 54604 56642 -
711 432 6740 + 5 1853601 1859961 +
711 7436 13483 + 1 6286187 6292435 +
712 2442 4646 + 6 3238057 3240194 +
712 8770 12772 + 3 1328813 1332870 -
713 3621 7111 + 3 1324418 1328011 -
714 8332 13178 + 6 120901 125629 +
715 10853 16300 + 7 1253161 1259144 +
716 10617 12573 + 5 1053807 1055737 -
717 8846 12576 + 4 587739 590589 +
718 195 4093 + 4 590880 594502 +
718 7340 12423 + 2 1688901 1694398 -
719 3247 6783 + 2 2933645 2937142 +
720 7261 12526 + 1 4408623 4414002 -
721 202 7179 + 1 4401894 4408424 -
721 7773 12753 + 5 3677494 3682532 +
722 268 7027 + 5 3682590 3689497 +
722 7357 12560 + 3 1792836 1798267 -
723 24601 27042 + 5 6417496 6419592 -
723 587 1913 + 3 1791042 1792485 -
725 93 7143 + 4 3149989 3157243 -
726 465 6284 + 3 212041 217668 +
728 894 4442 + 1 6956037 6959665 +
729 787 3556 + 1 6757018 6759761 +
730 523 4250 + 5 60514 64111 -
731 39 7232 + 5 2342731 2349995 -
731 7456 8546 + 4 904620 905620 +
732 14407 17832 + 1 6454298 6458718 -
733 8135 12192 + 4 1985875 1989686 +
734 117 4878 + 4 1990352 1995222 +
735 28 5207 + 4 831092 836335 -
736 1248 4289 + 2 875476 877710 -
736 7417 11629 + 5 5366845 5371370 +
737 150 6318 + 5 5371432 5377746 +
737 8505 11462 + 6 4107229 4110307 -
738 21 7261 + 6 4100484 4107197 -
738 7972 11500 + 1 7330998 7334677 -
739 301 5944 + 1 7324703 7330703 -
739 7779 10071 + 3 1948134 1950435 -
740 96 7266 + 3 3918098 3925321 +
742 814 2902 + 7 2079333 2081421 +
743 9247 11191 + 7 1156862 1158855 -
744 483 3747 + 7 1154097 1156108 -
746 4007 6819 + 4 107102 110013 -
747 901 7261 + 4 5425163 5431603 +
749 31 6999 + 3 1380805 1391420 -
749 7585 11306 + 1 2754466 2758221 -
750 80 7481 + 1 2746901 2754417 -
750 7778 11648 + 3 2135864 2139816 -
751 428 7491 + 3 2128564 2135825 -
752 8125 10751 + 1 7335638 7338536 +
753 8569 14321 + 6 3747924 3750248 -
754 127 1809 + 6 3745827 3747537 -
755 107 7172 + 7 1108112 1115311 +
755 7630 8972 + 3 3722702 3724043 +
757 10 7551 + 1 4258861 4266363 -
757 8078 10473 + 3 1966099 1968571 +
758 241 7115 + 3 1969235 1976312 +
758 7576 12217 + 3 3706603 3711344 +
759 1478 4767 + 3 3711469 3714393 +
760 7848 9638 + 3 324824 326569 +
761 463 7591 + 1 5280170 5287456 +
761 7705 10585 + 1 5213690 5216159 -
762 600 7588 + 1 5206359 5212676 -
765 8135 10171 + 7 1830056 1832107 +
766 2688 4850 + 7 4237958 4240132 -
767 8758 12722 + 4 1782017 1785986 +
767 238 7651 + 5 5917728 5925375 +
768 2152 7584 + 4 1785989 1791395 +
769 86 4336 + 6 177580 181863 +
769 9822 11505 + 5 4297866 4299619 +
770 2990 7681 + 5 4300885 4305942 +
773 1328 7125 + 3 5222025 5226618 -
778 139 7456 + 1 935483 942029 +
778 8191 14404 + 6 2397647 2403947 -
780 6114 7781 + 3 119086 120785 +
781 100 7791 + 3 1919115 1926680 -
781 7901 10519 + 1 6534290 6537073 -
782 611 7783 + 1 6520032 6534279 -
784 2555 7821 + 3 2413856 2419720 +
784 8105 9987 + 4 1584005 1585843 -
785 257 7644 + 4 1576395 1583957 -
786 108 1361 + 6 3890551 3891809 +
788 416 2799 + 2 3542652 3545108 +
789 7882 9869 + 1 6735814 6737718 -
790 435 7609 + 1 6728700 6735712 -
791 2930 7744 + 1 2694076 2698753 +
792 14 7900 + 7 3592642 3600733 +
792 7996 9434 + 4 5296267 5297706 +
793 50 5300 + 4 5297710 5303239 +
793 8132 9514 + 6 3076602 3081348 +
794 188 7296 + 6 3081388 3088875 +
795 485 7889 + 2 2238585 2246416 -
796 3633 7926 + 7 690161 694505 -
798 948 2160 + 6 348788 349934 -
798 2979 5812 + 6 212583 215289 -
799 409 7898 + 1 4755309 4761798 +
799 7982 9659 + 1 2818938 2820621 +
800 513 7668 + 1 2820637 2827588 +
804 1860 5752 + 6 4112951 4116992 -
805 659 6552 + 2 160266 166168 +
805 8042 14363 + 4 5736832 5743245 +
807 8142 9402 + 5 6090295 6091579 -
810 421 4704 + 3 1318182 1323041 -
811 350 7957 + 5 454795 461742 -
812 30 8101 + 3 1123702 1132147 -
814 1296 6617 + 1 6760130 6765847 +
815 1583 7912 + 5 2354845 2361409 -
817 2097 6226 + 5 288000 292456 +
818 331 8161 + 1 7375594 7383597 +
819 3127 5651 + 6 2313171 2315733 +
821 325 8191 + 5 4580001 4587530 -
821 8303 11382 + 7 3756906 3759900 +
823 92 5736 + 5 4132409 4137893 +
826 467 8241 + 3 2526118 2533944 -
828 245 7429 + 7 1839391 1846738 -
829 4900 7852 + 7 2845084 2848062 +
832 634 7201 + 8 92967 99676 -
833 102 8311 + 2 3364234 3393885 +
834 5379 7138 + 6 269873 271637 +
837 1591 4453 + 3 5269818 5273290 -
838 272 5989 + 4 1995471 2001719 -
839 717 4962 + 5 6269904 6274271 +
841 4638 7251 + 4 4971528 4974247 -
845 5228 7028 + 7 2454242 2456060 -
848 3277 7745 + 3 128092 132650 -
849 2658 6046 + 7 1197838 1201147 +
849 6257 7876 + 7 1195105 1196739 -
850 756 8282 + 5 2275378 2287151 +
851 7147 8481 + 6 3771131 3772471 +
852 1371 8369 + 4 5155210 5159480 +
854 2712 4938 + 5 6225115 6227325 -
856 3227 8541 + 5 3668016 3671273 +
857 913 3563 + 5 594800 597363 +
858 2539 8324 + 5 5000546 5005940 +
860 1957 5541 + 7 1701376 1703608 -
863 1138 7462 + 1 4787312 4793294 +
864 24 1154 + 1 4793314 4794345 +
865 2015 6148 + 7 2848964 2852937 +
866 59 1253 + 7 2854335 2855529 -
867 1563 8264 + 6 1699321 1704374 +
876 1988 8331 + 4 4516358 4521754 +
878 3348 6971 + 2 1408728 1412370 -
879 1958 7810 + 1 2474637 2480634 +
880 2013 3489 + 3 3716388 3718102 -
883 3536 6848 + 5 6201969 6205650 -
885 3492 6835 + 4 5097632 5099079 +
886 726 2091 + 4 5099908 5101358 +
886 2685 5341 + 1 5399453 5402121 +
886 5536 7141 + 7 1159117 1160605 -
889 169 2156 + 3 4302524 4304287 -
890 4018 6534 + 7 3323919 3326513 -
891 3292 8324 + 2 337714 342141 -
892 270 7465 + 5 295534 303731 +
895 2455 6221 + 5 1378715 1382523 -
896 2435 6634 + 3 2357403 2361840 +
897 348 2057 + 3 2362129 2363835 +
898 1243 2356 + 3 3076315 3077436 +
900 4782 6838 + 7 1149849 1151933 -
901 3970 8757 + 1 8906081 8911011 +
905 115 2685 + 6 2225729 2228328 +
907 3527 6681 + 6 3280746 3283880 +
908 4680 7788 + 2 441014 443671 -
909 1521 5613 + 2 3031862 3034045 +
911 2925 6417 + 1 6595489 6599104 +
912 332 2943 + 1 6599146 6602281 +
913 1540 2875 + 4 2794335 2795688 -
914 572 2306 + 5 1726406 1728167 +
914 4308 6099 + 1 6885081 6886866 +
915 423 3006 + 1 6887297 6889969 +
916 5894 7551 + 3 2731198 2732838 +
917 1694 2832 + 3 2733054 2734239 +
917 3056 6082 + 6 2030099 2033269 -
921 133 3185 + 1 5274790 5277841 -
921 3489 7062 + 6 1469402 1473006 -
923 3310 5995 + 2 1979906 1982601 -
925 3416 5663 + 5 3796278 3798602 -
926 405 3161 + 5 3792722 3795536 -
927 257 1654 + 1 9462422 9463808 +
929 3077 6101 + 5 2271265 2274124 +
934 1199 3142 + 5 3674868 3676886 +
935 1405 3529 + 7 487264 489607 -
940 4638 7841 + 2 3027294 3029989 +
941 124 1247 + 2 3030451 3031558 +
944 3824 5620 + 4 4526073 4528047 -
945 255 3859 + 4 4522185 4525870 -
946 345 1546 + 2 3483157 3484382 +
952 4406 6559 + 1 1988068 1990243 +
953 1491 4085 + 1 1990574 1993068 +
954 4456 5992 + 3 361441 362956 +
957 562 2740 + 2 3477866 3479891 -
958 72 2960 + 3 123101 126179 -
959 1757 3443 + 2 346532 349032 +
962 245 3831 + 2 74148 77130 -
963 31 4323 + 7 819553 823913 -
967 913 2830 + 5 5106530 5108491 +
969 1235 4492 + 3 3219991 3222975 -
970 145 4459 + 2 2544325 2548131 +
971 293 2964 + 1 2974587 2977293 -
971 4114 6599 + 1 4941353 4943834 +
974 2236 3814 + 1 8501313 8502937 +
975 60 3182 + 7 1190729 1193885 -
976 4844 8427 + 7 3317467 3321178 +
977 210 1275 + 7 3321196 3322230 +
980 752 2394 + 5 271672 273300 +
982 3216 4729 + 1 5749622 5751159 +
984 3369 4788 + 5 3432520 3433971 +
987 85 4047 + 4 2060558 2064588 -
992 474 4981 + 3 2521288 2526085 +
993 137 4808 + 4 2274889 2279736 -
1003 626 4715 + 4 2054636 2058773 +
1008 704 5278 + 1 9193071 9197472 -
1012 1155 4432 + 6 3884783 3888015 +
1016 1245 4442 + 4 4348178 4351408 -
1017 49 1075 + 4 4346716 4348136 -
1018 2518 3751 + 1 5309023 5310261 -
1019 2625 3926 + 7 2977761 2979114 -
1025 1484 3755 + 1 9115805 9118157 -
1026 2541 4424 + 7 2342254 2344118 -
1031 2175 4504 + 2 2705392 2707755 -
1032 281 1426 + 2 2704250 2705371 -
1032 2180 3619 + 4 2025071 2026535 +
1039 3509 5467 + 2 2938348 2940312 +
1040 871 1900 + 5 1521272 1522290 +
1051 893 2360 + 4 5083596 5085041 +
1053 2414 3679 + 5 1106315 1107598 +
1066 1135 3141 + 5 15603 17547 -
1067 27 2323 + 6 3576656 3579284 -
1069 390 3009 + 6 2621112 2623897 +
1074 520 3630 + 5 2085705 2089054 -
1084 1179 3576 + 4 4285705 4288084 +
1093 404 3349 + 2 2548541 2551518 -
1098 3937 6060 + 7 927700 929803 +
1102 2763 3901 + 2 1634187 1635381 +
1103 3223 4805 + 7 2253436 2255045 -
1111 858 3225 + 1 4519451 4521878 +
1123 111 3102 + 5 4699777 4702152 -
1128 1376 4064 + 5 4060213 4062892 -
1144 405 2280 + 7 2981455 2983456 +
1151 1708 3001 + 5 5896403 5897734 +
1165 332 2038 + 4 3010580 3012284 -
1175 1568 2904 + 1 5367089 5368436 +
1218 498 1944 + 5 559812 561044 -
1223 1864 4023 + 6 3513512 3515748 +
1235 1501 3192 + 2 1279247 1284261 +
1237 289 1423 + 4 4331408 4332566 -
1296 1040 2063 + 4 4658247 4659282 -
1314 111 1560 + 7 581355 582830 -
1347 1513 2550 + 3 2348027 2349083 -
1349 884 2181 + 1 5273403 5274697 +
