1 52398 254063 + 1 1824400 2053213 +
1 274765 289051 + 1 2076459 2094266 -
1 340101 359071 + 1 2119994 2161518 -
2 20417 201788 + 5 548133 877980 +
3 40349 162407 + 5 6128668 6409423 -
4 163380 638996 + 4 33868 1319910 +
5 96612 123571 + 2 3964261 4211304 -
5 248528 277958 + 2 4279954 4335809 -
6 617282 814588 + 6 3587563 3690424 -
6 44320 87381 + 7 3638961 3799859 -
6 206744 259404 + 7 3875210 3930470 +
6 295171 324289 + 7 355977 396844 +
7 126785 234828 + 5 63798 170905 -
9 46448 139275 + 7 2940233 3481205 +
9 731773 734240 + 4 5277771 5280211 -
11 113442 117736 + 2 3822830 3826394 -
15 303556 326337 + 7 598554 1799135 +
15 510607 513064 + 7 184696 194347 +
16 245300 257366 + 7 3489911 3531127 -
17 121890 127942 + 1 3171037 3174544 -
17 146979 212856 + 1 3183042 3272370 +
17 250109 334591 + 1 3300226 3400202 -
17 377806 482328 + 1 3456457 3676179 +
18 83436 88923 + 7 18511 23427 -
18 310965 316560 + 6 3958295 3966658 -
19 49888 64712 + 7 61103 73144 -
19 105265 183624 + 7 1954456 2031562 -
20 61110 514510 + 4 4272157 4702680 +
20 588948 600790 + 1 2457427 2471196 -
20 845412 874528 + 1 9655 47639 +
20 725982 793859 + 5 200061 363167 -
21 25698 304221 + 3 61269 506924 +
21 310452 319386 + 3 515580 524064 -
21 395661 408820 + 3 610465 626554 -
22 502279 505443 + 7 234164 237381 +
23 789160 950824 + 2 2378043 2473206 +
23 975660 2336793 + 6 102308 3213754 -
24 200238 263146 + 1 2225215 2271468 -
24 298343 299775 + 1 2407280 2408649 -
24 317260 324572 + 1 2429911 2438237 +
24 522744 523898 + 4 5300512 5301691 +
24 989263 1059690 + 4 5651163 5799282 -
24 1084168 1136419 + 4 5841484 5913043 +
24 646721 737254 + 3 5129126 5147442 -
25 193600 195996 + 2 3860344 3862997 +
25 113573 114691 + 6 3733041 3734249 -
25 156164 158416 + 5 540478 542688 +
26 862133 942486 + 1 3066026 3140515 -
26 1674686 1984547 + 1 583588 1713521 +
26 2162712 2187476 + 1 1753408 1777782 -
26 422292 467746 + 3 3336818 3368717 +
27 109413 134864 + 3 4447316 4490803 -
27 145800 157318 + 3 3174573 3202099 +
27 185516 186955 + 3 4614236 4615757 +
27 205212 211653 + 3 4544755 4551474 -
27 1633935 1807411 + 3 3865530 4386700 +
27 2325621 3423837 + 3 986236 2649691 -
28 56027 88689 + 1 2766350 2791646 -
28 189506 345926 + 1 409912 435134 +
28 503360 506104 + 1 6087795 6090647 +
28 508642 519063 + 1 6039751 6054727 +
28 554030 1304986 + 1 4042429 5993293 -
28 385620 387518 + 5 5972926 5977489 +
29 1003775 1067081 + 4 5117893 5166304 -
29 1272690 2916894 + 4 1546469 4094511 -
29 105761 152168 + 2 641816 824719 +
29 169321 402986 + 2 81967 551825 +
29 477779 788468 + 2 857672 1748213 +
29 810445 814499 + 2 3013203 3018728 -
29 928430 948545 + 3 2703028 2745774 +
30 144684 4600648 + 5 1376641 5885715 +
31 104499 333855 + 1 6359768 6466790 +
31 902654 914440 + 1 2865078 2877938 +
31 1966806 2883984 + 1 7122068 9626432 +
31 3056769 3068596 + 1 2645314 2656004 +
31 3094089 3097871 + 1 382946 388479 +
31 530803 532652 + 7 2040421 2065731 -
31 832022 851571 + 2 2780419 2783602 +
32 21566 314667 + 7 2487798 2816818 +
