1 378 10788 + 5 4520257 4530586 -
1 11983 46576 + 5 4473223 4506553 -
1 47836 284704 + 5 4249563 4441205 -
1 298849 375417 + 5 4171602 4235055 -
1 376399 467354 + 5 4065603 4159501 -
1 467920 473328 + 5 4027678 4033105 -
1 550803 646377 + 5 3932239 4026775 -
1 646750 706428 + 5 3845298 3906997 -
1 719753 843411 + 5 3774958 3841613 -
1 844723 867341 + 5 3751593 3774180 +
1 870478 1172632 + 5 3447670 3750042 -
1 1172767 1479904 + 5 3215691 3432402 -
1 1514366 1701491 + 5 3026436 3215374 -
1 1732751 1754336 + 5 3006063 3024510 -
1 1758904 1770777 + 5 2980783 2989662 +
1 1805673 1808116 + 5 4466725 4468720 +
1 1811145 1819453 + 5 2993970 2999167 +
1 1821095 1825645 + 5 3000336 3004863 -
1 1847472 1854202 + 5 2976472 2980724 +
1 1855988 1972292 + 5 2871081 2973940 -
1 1975666 2053695 + 5 2795387 2868424 +
1 2109673 2174290 + 5 2735040 2792429 -
1 2175002 2266567 + 5 1799450 1879988 +
1 2267539 2279623 + 5 1880429 1892757 -
1 2280507 2393149 + 5 1893781 2007312 +
1 2465707 2527242 + 5 2007629 2068605 +
1 2541862 2543296 + 5 1203236 1204673 -
1 2628441 2765178 + 5 2070370 2192804 +
1 2775058 2779519 + 5 967685 972158 +
1 2822754 2983466 + 5 2193413 2333085 +
1 3028764 3056164 + 5 2333685 2361409 +
1 3057955 3070374 + 5 2362225 2375071 -
1 3071055 3089654 + 5 2375702 2391095 +
1 3091816 3105307 + 5 2391546 2405521 -
1 3105994 3113572 + 5 2408026 2415926 +
1 3115821 3150955 + 5 2423082 2458269 +
1 3163527 3200668 + 5 2458924 2494165 +
1 3201872 3210215 + 5 2494982 2503503 -
1 3210743 3214075 + 5 2504138 2508644 +
1 3214408 3226458 + 5 2509067 2521274 -
1 3227212 3299538 + 5 2521897 2593893 +
1 3299681 3424263 + 5 2625883 2733354 +
1 3425886 3467171 + 5 1768874 1798499 -
1 3469941 3509281 + 5 1712875 1751786 -
1 3521085 3535633 + 5 1682484 1707978 +
1 3539603 3615036 + 5 1617892 1676341 -
1 3615374 3616854 + 5 1616240 1617732 +
1 3618403 3636600 + 5 1600948 1615430 +
1 3648366 3720497 + 5 1539419 1599078 -
1 3721989 3732641 + 5 1525656 1536436 +
1 3736475 3809321 + 5 1463675 1519152 -
1 3811380 3825387 + 5 1448093 1461807 +
1 3826978 3886192 + 5 1381622 1446737 -
1 3922583 3934769 + 5 1371603 1381522 -
1 3935219 3945825 + 5 1359093 1369763 +
1 3947839 3972635 + 5 1334579 1358786 -
1 3990822 4176335 + 5 1218622 1333753 -
1 4204304 4206367 + 5 911135 917142 +
1 711464 715181 + 1 6254531 6258146 -
1 1727099 1729738 + 1 8255152 8257746 -
1 1701750 1703439 + 3 474634 476333 +
1 2058328 2059756 + 3 180976 182427 +
1 2071004 2072336 + 3 2220041 2221130 +
1 3019840 3021923 + 3 849015 851110 +
1 4213258 4217375 + 3 757955 760424 +
1 715240 719068 + 4 1448666 1452426 +
1 3013733 3015033 + 4 4053697 4054982 -
1 4293954 4323187 + 4 5044457 5076459 -
1 539614 541582 + 2 3625235 3627158 -
1 1483020 1484912 + 2 1247740 1249629 +
1 2430011 2434377 + 2 1318266 1322707 -
1 3114328 3115515 + 2 3471825 3473020 +
1 4244012 4248923 + 2 111907 116461 +
1 2077334 2081403 + 7 2420168 2424249 +
1 3888831 3892523 + 7 1337608 1341259 -
1 3979223 3982244 + 7 2427383 2430333 +
1 475261 478617 + 6 1844018 1846126 -
1 499467 504863 + 6 2799171 2816433 -
1 3152978 3162899 + 6 4067828 4070108 -
1 1833948 1836849 + 10 56333 59198 +
2 247 172227 + 6 2375102 2529673 -
2 203938 222698 + 6 2355776 2374411 +
2 232409 363650 + 6 2232475 2351951 -
2 405478 531573 + 6 2117491 2229305 -
2 544077 552285 + 6 2107696 2116796 -
2 552900 555894 + 6 2103782 2106961 +
2 557975 728012 + 6 1989183 2101931 -
2 729595 738293 + 6 1978011 1986796 +
2 739332 840493 + 6 1852965 1977141 -
2 841340 846331 + 6 1837851 1842846 +
2 848266 861437 + 6 1823773 1837284 -
2 861693 903466 + 6 1741677 1794849 -
2 922392 1003210 + 6 1672696 1741098 -
2 1027338 1116068 + 6 1595552 1672193 -
2 1165149 1179492 + 6 1585184 1593498 -
2 1211588 1578705 + 6 1247178 1580601 -
2 1579133 1585907 + 6 1239280 1245942 +
2 1587797 1632527 + 6 1193446 1237470 -
2 1632994 1715260 + 6 1096157 1172042 -
2 1719081 1733988 + 6 1027785 1038267 +
2 1734429 1759673 + 6 1044062 1069677 -
2 1766659 1772439 + 6 1089248 1094986 +
2 1774018 1792675 + 6 1006899 1026058 +
2 1794476 1803537 + 6 995557 1004853 -
2 1830826 1943578 + 6 892434 991367 -
2 1953270 2029626 + 6 817389 891980 -
2 2031509 2068687 + 6 779031 816931 +
2 2069198 2175602 + 6 678769 778255 -
2 2176298 2191282 + 6 663943 678129 +
2 2195604 2253296 + 6 600680 657685 +
2 2259398 2322092 + 6 534273 599177 -
2 2325792 2331713 + 6 481142 487080 +
2 2332687 2373566 + 6 506290 532133 -
2 2374677 2386167 + 6 489590 501429 -
2 2398862 2427495 + 6 455801 476444 -
2 2494423 2496313 + 6 4012981 4016029 -
2 2554247 2558208 + 6 423785 427751 -
2 2562506 2571454 + 6 415622 422231 +
2 2606932 2618398 + 6 398590 410000 -
2 2624769 2626716 + 6 411604 413567 +
2 2634375 2637321 + 6 227812 230113 +
2 2639141 2649817 + 6 230681 240815 -
2 2650303 2654287 + 6 331820 335889 +
2 2655325 2675269 + 6 297555 330326 +
2 2689994 2691756 + 6 3489304 3490992 +
2 2703204 2712002 + 6 258467 267659 +
2 2737812 2762610 + 6 275820 296583 +
2 2763849 2777360 + 6 243837 257297 +
2 2782368 2797720 + 6 337655 349934 +
2 2799211 2800440 + 6 225271 226427 +
2 2800740 2892210 + 6 157813 224690 -
2 2901884 2917980 + 6 142469 156626 +
2 2919117 2940102 + 6 121168 142038 -
2 2941647 2945128 + 6 100532 103915 +
2 2987842 3005474 + 6 77530 95160 -
2 3005987 3011515 + 6 59332 64328 +
2 3013304 3022499 + 6 47326 56124 -
2 3068509 3083544 + 6 64609 75924 -
2 3083912 3134473 + 6 1409 46804 -
2 905567 913829 + 7 1011074 1017693 +
2 2729814 2732669 + 7 2156458 2159291 +
2 1124974 1130654 + 1 279903 285472 -
2 1946484 1950527 + 1 3868806 3870969 +
2 2957662 2960966 + 1 3478748 3482034 +
2 532287 536983 + 2 4154087 4158800 -
2 1195885 1200884 + 2 3915324 3920357 +
2 2969072 2970308 + 2 3897410 3898658 +
2 199377 201476 + 4 1469921 1472020 -
2 2572594 2574019 + 4 4988526 4989931 +
2 368087 371207 + 3 137725 140625 -
2 375009 380366 + 5 10205 15450 +
2 1806713 1809126 + 5 4517928 4519750 -
2 188413 190957 + 11 25384 27838 +
2 1004057 1007403 + 10 105633 108911 +
3 4399 6356 + 1 6323715 6325685 -
3 1252118 1256186 + 1 65707 69790 -
3 1321682 1332151 + 1 3656257 3662885 -
3 1352668 1357119 + 1 3898347 3902810 -
3 1386551 1392584 + 1 3696194 3701321 +
3 1516992 1518644 + 1 3913078 3914883 -
3 2535522 2539501 + 1 9481673 9484651 +
3 2906148 2907240 + 1 9790908 9791967 +
3 3317890 3321411 + 1 8995420 8998947 +
3 26458 28567 + 3 359525 361631 +
3 2140781 2144513 + 3 2230693 2233985 +
3 2187544 2193061 + 3 2188127 2194047 -
3 2441735 2446333 + 3 4078659 4083375 +
3 2475300 2479104 + 3 2827675 2831368 -
3 2947577 2950355 + 3 946383 949160 -
3 650610 659008 + 2 3924230 3929905 -
3 1398266 1399460 + 2 1161932 1163132 -
3 1900739 1904682 + 2 4353616 4357638 +
3 2911452 2913314 + 2 1131673 1133531 -
3 610498 619252 + 4 5029482 5038227 -
3 627836 628853 + 4 3053781 3054798 -
3 689975 692511 + 4 1465228 1467754 -
3 804379 805852 + 4 3061030 3062421 +
3 1423166 1427479 + 4 878675 883113 +
3 2090505 2097046 + 4 1893310 1899848 -
3 2934214 2938789 + 4 951161 956130 -
3 31571 150636 + 7 3172067 3287006 -
3 152252 177946 + 7 3100346 3127509 +
3 201960 242579 + 7 3129461 3170589 +
3 250400 263240 + 7 3083861 3096215 +
3 264980 294853 + 7 3053656 3083149 +
3 296157 431739 + 7 2931969 3052342 -
3 432268 446892 + 7 2905290 2920061 -
3 448612 455605 + 7 4036119 4042136 +
3 458298 527537 + 7 3975258 4033946 -
3 539777 548472 + 7 3962683 3971957 +
3 550448 585852 + 7 3929714 3960868 -
3 588606 593442 + 7 3632987 3638301 -
3 629188 634644 + 7 3626668 3632516 -
3 636850 649465 + 7 2891136 2903827 -
3 698745 769203 + 7 2855940 2888659 -
3 770820 771996 + 7 2854335 2855529 +
3 773053 777399 + 7 2848964 2853139 -
3 782840 788224 + 7 2842676 2848062 +
3 789185 795283 + 7 2835409 2841518 -
3 826272 847924 + 7 2811326 2833498 -
3 848124 853560 + 7 2791318 2796997 -
3 861809 862911 + 7 2789462 2790705 +
3 863956 876803 + 7 2775206 2788445 +
3 878284 894233 + 7 2755991 2773205 +
3 896168 1017612 + 7 2646702 2755066 -
3 1026501 1180169 + 7 2483306 2645833 -
3 1215801 1218695 + 7 2253476 2256262 -
3 1244077 1247295 + 7 2448241 2451762 -
3 1263737 1266951 + 7 2091589 2092600 -
3 1581699 1609240 + 7 2105612 2134894 -
3 1610364 1840875 + 7 1851971 2075730 -
3 1952662 1966630 + 7 1836981 1850954 -
3 1968921 2071087 + 7 1730797 1822573 -
3 2122795 2127262 + 7 2454236 2458715 -
3 2150868 2186630 + 7 1698933 1729077 -
3 2197034 2212515 + 7 1682599 1697283 -
3 2213576 2237105 + 7 586994 610319 +
3 2237700 2375085 + 7 624665 762606 +
3 2376677 2379304 + 7 764530 767155 -
3 2392772 2400939 + 7 773091 781516 -
3 2401972 2403429 + 7 769612 771044 +
3 2407241 2435346 + 7 781950 810586 +
3 2490259 2535521 + 7 818684 851481 +
3 2582032 2583885 + 7 3678053 3679752 -
3 2594668 2636601 + 7 859678 890490 +
3 2636615 2676986 + 7 911076 942025 +
3 2683879 2684972 + 7 943433 944529 -
3 2695860 2773894 + 7 949212 1007147 +
3 2774851 2786090 + 7 1028240 1039623 +
3 2786495 2822721 + 7 1079194 1116254 +
3 2824192 2856253 + 7 1149849 1181305 +
3 2861279 2862570 + 7 1183065 1184326 -
3 2863309 2888892 + 7 1184592 1209862 +
3 2920951 2933989 + 7 1211583 1223408 +
3 2955407 2957826 + 7 1144327 1146731 -
3 2971645 3041818 + 7 1224130 1267713 +
3 3042436 3130683 + 7 1285621 1318404 +
3 3133920 3314006 + 7 1345232 1505124 +
3 1316776 1318387 + 5 1128870 1130425 -
3 1360520 1363085 + 5 1076010 1077077 +
3 1415517 1419289 + 5 1192752 1195252 -
3 1433592 1436930 + 5 1210093 1213362 -
3 2894935 2896486 + 5 1187574 1189116 +
3 197601 200375 + 6 502036 504833 -
3 1020786 1025555 + 6 2688144 2692907 +
3 1378506 1381425 + 6 3073021 3075615 +
3 1481694 1484099 + 6 2818141 2820286 +
3 1537961 1542422 + 6 3011946 3016419 +
3 1554632 1560299 + 6 2830266 2833996 -
4 798457 801201 + 1 6388483 6391260 +
4 900240 931697 + 1 3774708 3783246 -
4 1049771 1051165 + 1 3826219 3827607 -
4 1346 288208 + 4 1605680 1875468 -
4 289888 322930 + 4 1570530 1600451 +
4 332269 350406 + 4 1554621 1567636 -
4 352186 384794 + 4 1525873 1553091 +
4 386326 444585 + 4 1489307 1525118 -
4 448508 462170 + 4 1435150 1442504 -
4 463651 475781 + 4 1421979 1433708 +
4 480160 484563 + 4 1412800 1417040 -
4 486405 491844 + 4 1398355 1403802 +
4 496959 505091 + 4 1389879 1396106 -
4 507376 553695 + 4 1367884 1387832 +
4 554762 641334 + 4 1278038 1366859 -
4 642370 695719 + 4 1202437 1255525 +
4 697487 699009 + 4 1256512 1258093 -
4 700461 706283 + 4 1259855 1265814 +
4 709570 729587 + 4 1173836 1193619 -
4 730587 773986 + 4 1088082 1125375 -
4 818580 821478 + 4 1158910 1162013 -
4 899066 900123 + 4 1030102 1031109 +
4 1260658 1295662 + 4 842731 871242 -
4 1296541 1382134 + 4 762184 829228 -
4 1383658 1395640 + 4 745559 758117 +
4 1399965 1428164 + 4 723329 743835 -
4 1432094 1437800 + 4 698397 703504 +
4 1440512 1485258 + 4 685037 695904 +
4 1488135 1525865 + 4 704560 720674 -
4 1526385 1578414 + 4 647911 682250 -
4 1582308 1587306 + 4 366261 370701 -
4 1656877 1698256 + 4 607725 640797 -
4 1717391 1832905 + 4 497126 597714 -
4 1861354 1874367 + 4 4265057 4275965 +
4 1888280 1889552 + 4 488081 489290 -
4 1889976 1898447 + 4 478128 487493 +
4 1954710 1958169 + 4 459432 462968 -
4 1991031 2096985 + 4 375352 436002 -
4 2103868 2132442 + 4 341097 363373 -
4 2155723 2157566 + 4 5933900 5936830 -
4 2161352 2166024 + 4 332302 336179 -
4 2175994 2179573 + 4 202653 205200 +
4 2200691 2204966 + 4 211668 216325 -
4 2208329 2213146 + 4 218978 223519 +
4 2218556 2230159 + 4 229703 242467 -
4 2253911 2261066 + 4 243716 250399 -
4 2266006 2282042 + 4 258680 274793 -
4 2323205 2337039 + 4 302165 314338 -
4 2362000 2386492 + 4 278177 299448 -
4 2388307 2399281 + 4 318082 323072 -
4 2404148 2413231 + 4 188078 196950 +
4 2439164 2473967 + 4 142043 173788 -
4 2475834 2476841 + 4 112028 113047 -
4 2510938 2515403 + 4 5211447 5215924 -
4 2526136 2531328 + 4 104343 109764 -
4 2532722 2536183 + 4 98842 102223 +
4 2537572 2618359 + 4 34505 97858 -
4 2623337 2624370 + 4 32300 33393 +
4 846138 849091 + 5 1033128 1035973 -
4 1229218 1234467 + 5 939337 944564 -
4 1627855 1630431 + 5 1182942 1185509 +
4 2340923 2342202 + 5 4451006 4452199 +
4 2424446 2425585 + 5 1136013 1137144 +
4 805534 811152 + 7 2798992 2804574 -
4 836853 838838 + 7 2342281 2344101 -
4 1033000 1037154 + 7 2352445 2356175 +
4 1133951 1138077 + 7 2366029 2370135 -
4 1160486 1162589 + 7 3408806 3410920 -
4 1181722 1184396 + 7 2179966 2182641 -
4 1709857 1714145 + 7 2804874 2809066 -
4 1105549 1110013 + 3 749438 753914 +
4 1142777 1145043 + 3 901450 903701 -
4 1198763 1202271 + 2 1117310 1120825 -
4 1079806 1082443 + 6 2913808 2916379 +
4 1248306 1252728 + 6 2999960 3004394 -
4 1859685 1861251 + 6 2974334 2975906 -
4 2521653 2525334 + 6 4166624 4170371 -
5 978791 981051 + 3 780226 782472 -
5 984032 985092 + 3 4529851 4530903 +
5 1422904 1426700 + 3 821311 826028 -
5 45836 63653 + 1 9759907 9770812 -
5 66323 86320 + 1 9686658 9704620 -
5 87737 122518 + 1 9650517 9685306 +
5 156938 158874 + 1 6298292 6300236 -
5 162729 169731 + 1 9639907 9647031 -
5 171463 238095 + 1 9567995 9631171 +
5 241137 248046 + 1 9633860 9638868 -
5 248873 293077 + 1 9527185 9567205 -
5 302883 312105 + 1 9515399 9524236 -
5 313710 437217 + 1 9356263 9480608 -
5 441147 462521 + 1 9270066 9286726 +
5 462827 482148 + 1 9337357 9354909 +
5 487147 527876 + 1 9184699 9224485 +
5 529456 536292 + 1 9175876 9182801 -
5 538719 545357 + 1 9154383 9161410 -
5 547061 576110 + 1 9226699 9256173 +
5 577668 585160 + 1 9256554 9263649 -
5 586377 700003 + 1 9080824 9151034 -
5 704881 752958 + 1 9031780 9077987 +
5 756132 772785 + 1 9013618 9030479 +
5 775943 784803 + 1 9000322 9010062 -
5 785150 800928 + 1 8976452 8992233 -
5 802768 817041 + 1 8961217 8975767 +
5 819876 838894 + 1 8939674 8959425 -
5 841376 846349 + 1 8930257 8934882 +
5 851800 870237 + 1 8911492 8929302 -
5 886884 895191 + 1 2333635 2341855 +
5 904012 947838 + 1 8870756 8911006 -
5 986816 1363521 + 1 8536708 8866122 -
5 1446299 1497590 + 1 8477650 8528855 -
5 1498035 1599762 + 1 8132928 8227082 +
5 1600832 1792058 + 1 8267229 8450523 +
5 1793813 1857350 + 1 5868911 5955033 +
5 1858195 1981563 + 1 5976929 6091679 +
5 1982725 2016483 + 1 6093759 6116173 -
5 2018822 2106315 + 1 6117623 6187347 +
5 125126 137088 + 4 5924028 5927723 -
5 1441365 1443344 + 4 891162 893118 +
5 299138 300168 + 2 395022 396034 +
5 872675 875199 + 7 2416108 2418624 +
6 634 209778 + 4 3174775 3343517 -
6 301086 409469 + 4 3083364 3173159 -
6 411809 433875 + 4 3028369 3051281 -
6 440850 442662 + 4 3020452 3022253 +
6 443641 459219 + 4 2996946 3015864 +
6 460207 500582 + 4 2976379 2996441 -
6 504748 557897 + 4 2925803 2973338 +
6 568826 707690 + 4 2795975 2923798 -
6 712189 717259 + 4 2788690 2793772 -
6 739456 849494 + 4 2684656 2786695 -
6 854527 860164 + 4 4284176 4289701 +
6 871826 1178512 + 4 2379699 2683780 -
6 1178979 1200687 + 4 2315119 2336427 -
6 1265479 1443864 + 4 2155458 2310818 -
6 1478126 1515495 + 4 2115541 2153969 -
6 1547217 1551241 + 4 5324571 5328586 +
6 1578218 1651448 + 4 2051567 2113458 -
6 1652447 1655443 + 4 2014846 2017847 -
6 1657491 1667711 + 4 2004211 2013501 +
6 1669181 1739787 + 4 1934667 2002137 -
6 1741097 1745055 + 4 1876119 1880136 -
6 232400 235533 + 5 4054877 4057764 -
6 1262958 1265433 + 5 4063522 4065459 +
6 1452753 1456752 + 6 3519096 3523122 +
6 1516037 1517972 + 3 1702891 1704789 +
6 717384 720495 + 1 9286921 9289940 +
6 1465241 1468557 + 1 2309578 2312879 +
7 428666 431178 + 2 3920361 3922885 +
7 855722 862485 + 4 896751 903682 +
7 8560 13229 + 3 691070 693280 +
7 31122 35134 + 1 3883367 3887748 -
7 60088 72286 + 1 3709061 3734711 -
7 73815 89328 + 1 3664451 3679921 -
7 90029 92320 + 1 3638060 3640361 -
7 97725 167086 + 1 3511414 3595428 -
7 170950 184147 + 1 3463255 3476625 +
7 185386 200102 + 1 3495523 3510452 +
7 200781 409336 + 1 3295361 3461966 -
7 436753 440457 + 1 4033724 4036701 -
7 456001 530846 + 1 3225331 3294845 -
7 531385 545923 + 1 3209531 3224805 +
7 546278 755733 + 1 3003192 3209129 -
7 756228 758010 + 1 3001040 3002849 +
7 758251 771844 + 1 2986285 3000080 +
7 773104 817011 + 1 2943716 2985222 -
7 818164 823877 + 1 2936681 2942343 +
7 825282 845050 + 1 2915911 2934660 -
7 873504 1321515 + 1 2482082 2915725 -
7 1324519 1372863 + 1 2443447 2480634 +
7 1373850 1433523 + 1 2367518 2442449 -
7 422190 425450 + 10 70840 74003 -
8 324518 435393 + 3 568876 682946 -
8 436249 484551 + 3 534307 563627 -
8 487551 489796 + 3 529942 532209 +
8 492099 511578 + 3 494178 512795 +
8 515477 517079 + 3 515363 517000 -
8 521200 526095 + 3 518081 522662 -
8 527049 530478 + 3 524068 527368 +
8 531599 535773 + 3 469691 473851 +
8 551427 555661 + 3 487623 492825 +
8 557655 564335 + 3 461075 467799 -
8 610396 613397 + 3 70739 73752 +
8 636879 649313 + 3 384305 397950 +
8 1237493 1240264 + 3 4838145 4840874 -
8 48482 91720 + 6 3076615 3122517 -
8 654031 658519 + 6 2893510 2897988 -
8 674850 677267 + 6 3785556 3787958 +
8 727343 730805 + 6 3777547 3780904 -
8 731118 785202 + 6 3797532 3840317 +
8 785588 789782 + 6 3840767 3845005 -
8 790433 797760 + 6 3846113 3853392 +
8 800503 809698 + 6 3858311 3867965 -
8 819144 841417 + 6 3870953 3891831 -
8 841968 846418 + 6 3892068 3895888 -
8 866141 868296 + 6 3896375 3898542 +
8 874610 890086 + 6 3927117 3942517 -
8 897995 916341 + 6 3900246 3919238 -
8 920491 926144 + 6 4057138 4062603 +
8 934387 954262 + 6 4031501 4053995 -
8 982698 1015192 + 6 3980013 4011080 +
8 1021256 1031163 + 6 3947156 3955597 -
8 1032438 1054569 + 6 3957648 3977155 +
8 1055348 1056438 + 6 4071150 4072267 -
8 1059869 1062038 + 6 4063865 4066076 -
8 1062900 1200141 + 6 4072825 4162727 +
8 150704 153011 + 2 874285 876939 +
8 177692 179489 + 2 879740 881647 +
8 214809 216490 + 2 1348554 1350213 -
8 6429 9841 + 1 9491599 9497070 -
8 29375 31559 + 1 6435455 6437639 -
8 173611 177410 + 1 3966038 3969849 +
8 311429 314029 + 1 3850965 3853580 -
8 1304791 1319339 + 1 6446537 6453361 +
8 579482 582676 + 5 1094471 1096894 -
8 587115 590191 + 5 3926217 3929238 -
8 130854 135379 + 4 1047989 1053190 -
8 259968 264260 + 4 940234 944507 +
8 268115 269413 + 4 956720 957967 +
8 603755 605603 + 4 4658247 4660108 +
9 773883 775988 + 6 117453 119547 -
9 1290712 1292461 + 6 2649786 2651523 -
9 12244 25250 + 4 5080742 5092927 +
9 33271 57716 + 4 5098911 5122745 -
9 63321 111044 + 4 5128091 5169306 +
9 122712 146301 + 4 5169575 5193848 -
9 147278 155150 + 4 4967098 4974247 +
9 156104 165395 + 4 5196320 5205926 +
9 172177 197996 + 4 5250884 5275134 +
9 220748 245707 + 4 5282627 5308147 +
9 246172 334859 + 4 5332351 5406949 +
9 378737 425042 + 4 5407742 5455765 +
9 429750 457802 + 4 5460255 5475569 -
9 460280 619242 + 4 5478869 5643848 +
9 619788 621950 + 4 5791659 5793848 -
9 627149 772487 + 4 3513402 3596380 +
9 822638 1080438 + 4 3596501 3839560 +
9 1089487 1113265 + 4 4824935 4849745 -
9 1128380 1139565 + 4 4813847 4824339 -
9 1142230 1147248 + 4 4807755 4812561 +
9 1148645 1290261 + 4 4668307 4806893 -
9 1080648 1082623 + 3 3722126 3724043 +
9 1119663 1126547 + 1 672905 679850 -
9 359418 361051 + 2 1331206 1332840 +
9 795179 798395 + 10 111285 114495 -
10 273926 277741 + 1 6250767 6254490 +
10 903079 904131 + 1 4164085 4165135 +
10 1197443 1206540 + 1 5317582 5327035 +
10 1644315 1648688 + 1 3765805 3770145 -
10 1113884 1115365 + 4 2794194 2795688 +
10 321 258047 + 5 4530864 4782741 +
10 344978 684375 + 5 4800362 5118011 +
10 685497 690259 + 5 5119137 5123794 -
10 691195 705830 + 5 5125710 5140856 -
10 707404 846207 + 5 5141825 5261613 +
10 850300 886666 + 5 5264602 5301092 -
10 927747 1030578 + 5 5302186 5406522 +
10 1031072 1049119 + 5 5420884 5436692 +
10 1050134 1060921 + 5 5439298 5450166 -
10 1064214 1069336 + 5 5452012 5457144 +
10 1070128 1085046 + 5 5457847 5467367 -
10 1086250 1098431 + 5 5468436 5481014 -
10 1099821 1112422 + 5 5481344 5493449 +
10 1123279 1196618 + 5 5497917 5568844 +
10 1225264 1288887 + 5 5569778 5635959 +
10 1289733 1302283 + 5 5636519 5650165 -
10 1303014 1308228 + 5 5650545 5655752 +
10 1309138 1311331 + 5 5697676 5699860 +
10 1312192 1517734 + 5 5714091 5891021 +
10 1518201 1555545 + 5 5917110 5936508 +
10 1559075 1562520 + 5 5939154 5942705 -
10 1568490 1583699 + 5 5948346 5963019 +
10 1586973 1592091 + 5 5964685 5969862 -
10 1603209 1605204 + 5 5978157 5980073 +
10 1606505 1621380 + 5 6022549 6034407 +
10 1677600 1711833 + 5 6038495 6052582 +
10 1776774 1778124 + 5 6057148 6058494 +
10 1796257 1860194 + 5 6082101 6139911 +
10 1860546 1895095 + 5 6152203 6176510 +
10 1983273 1990285 + 5 6198701 6205644 -
10 2014784 2016042 + 5 6196085 6197351 -
10 2068619 2134285 + 5 6220024 6253248 +
10 2134644 2136917 + 5 6254527 6256822 -
10 2138429 2143549 + 5 6257703 6263018 -
10 2144657 2154367 + 5 6264196 6273790 +
10 2163395 2168768 + 5 6275571 6280457 -
10 2169747 2191874 + 5 6293191 6312517 +
10 2193268 2221725 + 5 6313095 6340580 -
10 2222539 2226729 + 5 6342416 6345964 -
10 2229689 2244069 + 5 6346483 6360643 +
10 2244195 2247258 + 5 6360981 6365153 -
10 2248573 2297817 + 5 6366552 6410126 +
10 1907916 1909099 + 2 1731614 1732949 +
10 1732254 1735555 + 7 2152643 2156142 -
10 1902313 1903420 + 3 2966787 2967881 +
10 2009098 2011001 + 3 4991138 4993059 -
10 277775 278982 + 6 2968401 2969605 +
10 2032019 2034251 + 6 2792349 2795235 -
10 336430 339796 + 10 97363 100684 +
11 80382 81661 + 5 962833 964162 +
11 765241 767177 + 5 4168606 4170517 -
11 145100 150666 + 6 2977200 2983183 -
11 1405595 1409385 + 6 1807181 1810954 +
11 247251 268949 + 1 3987081 4009159 +
11 273652 339608 + 1 4095903 4162305 +
11 340836 643905 + 1 4167148 4481042 +
11 659110 764639 + 1 4484252 4556035 +
11 775460 1143994 + 1 4556562 4921559 +
11 1155615 1402344 + 1 4921848 5170540 +
11 1450920 1459561 + 1 5967927 5976505 +
11 1475492 1642111 + 1 5171444 5317578 +
11 1642129 1792131 + 1 5339862 5482222 +
11 1810026 1843151 + 1 5499956 5529907 +
11 1843253 2045561 + 1 5545239 5733382 +
11 2087879 2191293 + 1 5773048 5867432 +
11 2192331 2203958 + 1 8450872 8462510 +
11 2211541 2219528 + 1 8462701 8470694 +
11 2219932 2224403 + 1 8471026 8475422 -
11 2224945 2226015 + 1 8475976 8477082 +
11 2226535 2413662 + 1 7976196 8132558 -
11 2414454 2449998 + 1 7939864 7975136 +
11 2451449 2934586 + 1 7504789 7939334 -
11 2939657 2950931 + 1 7493882 7504140 +
11 2951293 2968576 + 1 7475785 7491803 -
11 3031240 3372419 + 1 7254265 7474862 -
11 94165 96942 + 3 856195 858969 -
11 228704 233173 + 3 916734 921215 +
11 1144772 1146723 + 3 564617 566557 +
11 1441528 1443194 + 3 2194140 2195818 +
11 2970808 2987507 + 3 4261982 4280611 +
11 7650 9376 + 7 2288624 2290332 +
11 10678 14682 + 7 2279258 2283229 +
11 239478 241540 + 7 2150044 2152100 -
11 1459752 1463007 + 7 2267247 2270459 -
11 2205184 2210716 + 7 186338 191846 -
11 649872 653102 + 2 3823729 3826394 -
11 2057017 2058868 + 2 4118411 4120309 -
12 571813 574335 + 6 4174545 4177071 +
12 623052 625651 + 6 2994350 2999293 -
12 725471 728498 + 6 2943374 2946457 -
12 162777 164448 + 4 5018661 5020344 -
12 663999 667788 + 4 1141074 1144863 -
12 141834 145460 + 1 3940765 3942875 -
12 672090 673940 + 1 5958134 5959996 +
12 730851 732860 + 1 5542383 5544522 -
12 583951 588347 + 5 5688867 5693275 +
12 8982 10041 + 3 4095624 4096839 -
12 10213 139183 + 3 3943729 4073191 -
12 168896 401822 + 3 3729636 3941112 -
12 406089 570742 + 3 3564958 3721871 -
12 687405 689530 + 3 1271168 1273290 +
12 691273 705245 + 3 3544571 3564233 -
12 748857 1156697 + 3 3170226 3544182 -
12 642648 644393 + 2 3690663 3692375 -
13 326547 329894 + 6 96163 99468 -
13 1426452 1441098 + 6 3510762 3514498 -
13 2914228 2919014 + 6 2934326 2938945 -
13 628639 634136 + 5 1756462 1761965 +
13 1403614 1407129 + 5 1004646 1008167 +
13 596376 599843 + 4 1913014 1916493 -
13 2759147 2762265 + 4 2029188 2032207 +
13 71767 107454 + 1 144782 178293 +
13 117231 120038 + 1 267130 269907 +
13 133531 146629 + 1 130325 143383 -
13 147739 149173 + 1 102401 103770 -
13 149783 183111 + 1 104174 127885 +
13 184260 185911 + 1 100551 102106 -
13 191999 193434 + 1 3610287 3611716 +
13 231237 269461 + 1 89789 99218 -
13 270635 274690 + 1 59239 62879 -
13 277688 309280 + 1 49464 56863 +
13 315750 322956 + 1 42336 48623 -
13 381802 410058 + 1 16079 21096 +
13 412131 415361 + 1 35696 38859 +
13 417896 429985 + 1 1520 13306 -
13 441788 445574 + 1 193081 195240 +
13 520828 529249 + 1 215257 221811 +
13 540425 579351 + 1 223105 259322 +
13 611368 614929 + 1 289165 294485 -
13 647277 653779 + 1 260758 265306 -
13 666995 713730 + 1 295206 328440 +
13 729120 731349 + 1 328835 331092 -
13 731742 765398 + 1 332246 361705 +
13 765947 769819 + 1 365076 369182 -
13 790401 803973 + 1 378344 393102 +
13 804837 809881 + 1 396909 401477 -
13 814075 818621 + 1 402589 407185 +
13 820651 830336 + 1 408988 418965 -
13 831746 858337 + 1 420013 442181 -
13 859590 861062 + 1 489053 490493 +
13 862306 869875 + 1 444509 451854 +
13 871902 885185 + 1 464647 478290 +
13 891439 895155 + 1 479871 481908 -
13 900422 927930 + 1 492168 518784 +
13 929038 949540 + 1 519650 541366 -
13 949873 1002612 + 1 541796 592982 +
13 1031086 1034229 + 1 26216 29383 +
13 1046032 1050012 + 1 639590 643384 -
13 1051454 1053179 + 1 636375 637951 +
13 1053604 1098466 + 1 594145 636031 -
13 1101649 1125779 + 1 644292 668607 +
13 1129139 1189973 + 1 698984 759569 +
13 1201096 1257928 + 1 765094 805420 +
13 1273462 1274862 + 1 9708341 9709738 -
13 1276615 1394434 + 1 805634 932223 +
13 1445359 1476237 + 1 932367 957228 +
13 1477138 1492282 + 1 959335 974526 -
13 1494304 1699352 + 1 974883 1152296 +
13 1700533 1707433 + 1 1153189 1160585 -
13 1707958 1745083 + 1 1160870 1201207 +
13 1746172 1762602 + 1 1229622 1245909 -
13 1762917 1780035 + 1 1201665 1219156 -
13 1780880 1811677 + 1 1247182 1277539 +
13 1817994 1824039 + 1 1283796 1290164 +
13 1826388 1831531 + 1 1290959 1296045 -
13 1832236 1968777 + 1 1298312 1413491 +
13 1970687 1989012 + 1 1416300 1435197 -
13 1993026 2053762 + 1 1438320 1498937 +
13 2058559 2085979 + 1 1502956 1530716 -
13 2087190 2500336 + 1 1532406 1908516 +
13 2504586 2758512 + 1 1909464 2146238 +
13 2780230 2906748 + 1 2148988 2220367 +
13 2940004 2995745 + 1 2220781 2273110 +
13 2996009 3020729 + 1 2342658 2366715 +
13 458586 460854 + 3 2426032 2428285 -
13 506275 510406 + 3 365432 375185 -
13 639330 643243 + 7 2077293 2081405 +
13 2501904 2502980 + 7 4204739 4205807 -
13 532248 533482 + 2 146171 147382 -
13 1043745 1045653 + 2 3827103 3829024 -
13 1196368 1199081 + 2 2850234 2852904 -
13 1258151 1259252 + 2 3602089 3603187 +
13 1814173 1815777 + 2 4177700 4179304 +
14 200509 204976 + 7 2344113 2348589 -
14 20794 38844 + 6 3578084 3593137 +
14 41567 51598 + 6 3618989 3629272 -
14 54691 56473 + 6 3335210 3337017 -
14 57110 81793 + 6 3598083 3618255 -
14 98138 100243 + 6 3667841 3670408 -
14 238130 254069 + 6 3653895 3663868 +
14 254842 306437 + 6 3672159 3712491 +
14 340364 363953 + 6 3727799 3745479 -
14 371058 379284 + 6 3719437 3727318 +
14 383084 385704 + 6 3714431 3716585 -
14 386453 413276 + 6 3745827 3763810 +
14 513890 543061 + 6 3538161 3556904 -
14 550587 566682 + 6 3473684 3487412 +
14 569452 570733 + 6 3494201 3495471 +
14 633074 692176 + 6 3421611 3466874 -
14 693425 724976 + 6 3375657 3406956 -
14 770145 873141 + 6 3339940 3375612 -
14 883163 917273 + 6 3303278 3334609 -
14 918930 930565 + 6 3288328 3300438 +
14 933167 977962 + 6 3240964 3286941 -
14 985880 1002566 + 6 3214336 3231161 -
14 1007062 1025640 + 6 3197502 3213445 +
14 1026389 1071089 + 6 3152717 3195650 +
14 1073250 1105570 + 6 3122957 3150548 -
14 444434 449358 + 1 9744483 9749251 -
14 482117 484684 + 1 5749578 5752127 -
14 3455 10191 + 5 1155311 1162072 -
14 506079 508837 + 5 5661583 5664076 +
14 738578 742965 + 5 1122419 1127416 -
14 1108408 1112996 + 10 39365 43740 -
15 444093 448587 + 7 4237888 4242394 -
15 504344 507416 + 7 142451 146415 +
15 458350 460140 + 6 3413997 3415772 -
15 462128 465367 + 6 1176846 1180085 +
15 523947 527842 + 6 3065475 3069380 +
15 16591 18991 + 2 1993803 1996188 -
15 76776 78395 + 3 119757 121336 -
15 109559 209338 + 3 4724190 4795871 -
15 211853 278036 + 3 4663879 4723673 +
15 288948 367366 + 3 4597524 4654631 -
15 368295 407441 + 3 4536851 4572282 +
15 552499 554663 + 3 4573367 4575612 +
15 570410 572668 + 3 4532616 4535111 -
15 572940 574928 + 3 4526093 4528044 -
15 598828 606302 + 3 4518785 4524999 +
15 610052 634357 + 3 4489964 4514942 -
15 635935 644974 + 3 4480713 4489625 +
15 645392 653447 + 3 4469743 4478255 +
15 655881 670052 + 3 4453270 4467284 +
15 673741 770666 + 3 4350151 4451519 -
15 790832 847138 + 3 4296070 4349692 -
15 847886 851923 + 3 4291190 4295125 +
15 852265 860686 + 3 4282376 4290966 -
15 861773 1030114 + 3 4098111 4255001 -
15 50258 69867 + 1 453981 461938 +
15 1040024 1043676 + 1 4044418 4048082 -
15 779735 784221 + 5 923797 928292 -
16 207 237598 + 2 2419492 2632660 -
16 252738 284425 + 2 2387725 2419451 -
16 289253 543922 + 2 2075906 2386866 -
16 545229 552995 + 2 2066132 2074361 +
16 553518 614876 + 2 2002282 2065869 -
16 626000 755467 + 2 1860136 1988954 -
16 758200 760841 + 2 1856467 1859420 +
16 762388 877475 + 2 1735407 1850741 -
16 880053 904544 + 2 1693424 1719367 -
16 911612 919391 + 2 2933512 2940895 +
16 926519 928203 + 2 3701011 3702693 -
16 943794 1018741 + 2 2942010 3010958 +
16 1019539 1049932 + 2 3012240 3041594 -
16 1054428 1072755 + 2 3046258 3063976 +
16 1077599 1088466 + 2 3069153 3080145 -
16 1089968 1091866 + 2 3081157 3083034 +
16 1093262 1122675 + 2 3084977 3098136 -
16 1123962 1334741 + 2 3098967 3302717 +
16 1334985 1452199 + 2 3321336 3462257 +
16 1487956 1495177 + 2 3464427 3470946 +
16 1506661 1513512 + 2 3477290 3484418 -
16 1524921 1568408 + 2 3488278 3544610 +
16 1573564 1577144 + 2 3548962 3552423 -
16 1592372 1612356 + 2 3553460 3575043 +
16 1627013 1637017 + 2 4053639 4063657 +
16 1643649 1646705 + 2 4048232 4051099 -
16 1649051 1650209 + 2 4045049 4046209 +
16 1668031 1681337 + 2 3777603 3790690 +
16 1685961 1706631 + 2 3793191 3811424 +
16 616936 619672 + 5 5911926 5914590 +
16 1515705 1520355 + 5 1520818 1525336 +
16 287200 288785 + 6 3237381 3238958 -
16 1682520 1684672 + 6 3501520 3503616 +
16 1455726 1457911 + 7 4208762 4210932 +
16 1717507 1719128 + 7 1274819 1276440 -
16 241190 246543 + 10 13844 19029 +
17 129360 131412 + 2 1358360 1360433 +
17 892257 897515 + 2 3309866 3313065 -
17 330182 332661 + 7 1068001 1070838 +
17 987970 992434 + 7 2431253 2435729 -
17 30426 32599 + 5 5705827 5707985 +
17 139387 174218 + 5 858187 891315 -
17 176902 207244 + 5 830016 857015 +
17 213201 244653 + 5 798064 826775 -
17 247694 258095 + 5 481967 491427 +
17 260605 283885 + 5 508876 528871 +
17 287789 303426 + 5 532597 545854 -
17 304063 305684 + 5 547751 549425 -
17 344154 386594 + 5 551055 579821 +
17 386990 413128 + 5 614822 619055 +
17 418409 432452 + 5 622973 636966 -
17 438148 557539 + 5 640925 710475 +
17 558400 559865 + 5 712494 713962 -
17 561328 574602 + 5 714952 729300 +
17 575763 607552 + 5 748295 771252 -
17 636801 654836 + 5 732133 745312 -
17 659491 681253 + 5 418761 438568 +
17 690941 695355 + 5 6000002 6004476 +
17 710219 753624 + 5 438638 471861 +
17 755186 767378 + 5 403405 415542 +
17 771888 777574 + 5 396713 400588 -
17 787001 791242 + 5 366320 370630 +
17 794505 796201 + 5 393273 395063 +
17 798019 807425 + 5 384951 392529 -
17 820745 842491 + 5 322567 345123 +
17 844325 846066 + 5 351007 352739 -
17 850519 852416 + 5 348255 350192 -
17 852542 853824 + 5 353141 354412 +
17 918421 925282 + 5 355567 362389 +
17 955104 967273 + 5 305432 318029 +
17 969073 977183 + 5 294347 303717 -
17 994740 1016226 + 5 272226 291681 -
17 103372 106670 + 10 118293 121606 -
17 58078 60790 + 1 3646989 3649779 -
17 846804 849770 + 1 9164383 9175126 -
17 100727 102842 + 4 4261272 4263362 +
17 117718 119852 + 4 2355155 2357301 +
17 608915 614462 + 3 437412 442720 +
17 683024 687471 + 3 5067950 5072400 +
18 672579 675020 + 5 4034802 4036515 +
18 1165188 1169552 + 5 3432522 3436858 -
18 1080045 1082102 + 1 3743786 3745806 +
18 5370 46137 + 2 908284 947730 -
18 47038 67252 + 2 887147 907503 +
18 67835 70462 + 2 883040 885451 -
18 70927 173071 + 2 778249 873923 -
18 177547 290346 + 2 695751 773449 -
18 297011 298591 + 2 653976 655559 -
18 309875 338203 + 2 660973 693840 +
18 341697 363405 + 2 578560 592111 +
18 367806 374443 + 2 607061 613184 -
18 412120 415912 + 2 597514 601557 -
18 418564 448019 + 2 616285 648652 +
18 471001 560614 + 2 563296 569975 -
18 569251 575819 + 2 549417 555967 +
18 578668 597526 + 2 530155 548061 +
18 599511 635359 + 2 488655 526591 +
18 635760 642290 + 2 479981 486513 +
18 647507 669273 + 2 456191 479440 -
18 722444 739868 + 2 436915 453290 -
18 741710 752193 + 2 424223 434315 +
18 754160 760262 + 2 416889 423667 +
18 760636 776588 + 2 401756 416293 -
18 805969 851657 + 2 345754 384260 -
18 857451 860262 + 2 337739 340367 -
18 865309 882920 + 2 315277 333030 +
18 900262 1077651 + 2 147668 308294 -
18 1087401 1099013 + 2 97178 107772 -
18 1158436 1159784 + 2 94654 95986 +
18 1082264 1083803 + 7 2243690 2245242 +
18 789479 794976 + 4 4172750 4178235 -
18 853997 855158 + 6 3925090 3926558 +
18 394964 396864 + 13 8318 10166 +
19 182562 185798 + 7 4247453 4250524 +
19 266609 269759 + 7 616086 619245 -
19 851853 853120 + 7 610420 611689 +
19 580734 583517 + 6 2796365 2799148 -
19 12885 177242 + 4 3849188 3995641 +
19 203599 246967 + 4 3997137 4031329 +
19 247224 260902 + 4 4063752 4078001 +
19 298292 365693 + 4 4078076 4142944 +
19 369259 398865 + 4 4147037 4155709 -
19 399717 410904 + 4 4156047 4167370 +
19 412235 460029 + 4 4180603 4230125 +
19 460245 462763 + 4 1267375 1270282 -
19 468318 503888 + 4 4243799 4250012 +
19 504582 506774 + 4 4301819 4303993 +
19 508751 540800 + 4 4310520 4327137 +
19 549113 551622 + 4 4330758 4333328 -
19 553260 567300 + 4 4334123 4347183 +
19 590303 851700 + 4 4347912 4608033 +
19 867606 883887 + 4 4608085 4624517 +
19 884792 892043 + 4 4660307 4667662 +
19 261254 263561 + 5 581950 584245 +
19 272315 293515 + 5 2605122 2616570 +
20 172794 174402 + 2 775052 776664 +
20 718415 719702 + 2 1106674 1107957 +
20 821757 824572 + 2 1311671 1314485 +
20 284953 287707 + 5 4162325 4165037 -
20 831666 835503 + 5 6146151 6149951 +
20 1030721 1032539 + 5 5667741 5669532 +
20 272583 280823 + 1 6309972 6318149 -
20 78455 171528 + 7 3287073 3363716 +
20 201664 203858 + 7 3365132 3367775 +
20 204665 238307 + 7 3375304 3404428 +
20 241220 261951 + 7 3440748 3457335 +
20 315555 436739 + 7 3459279 3568715 +
20 438196 485036 + 7 3569647 3598106 -
20 486574 517578 + 7 3600401 3624616 +
20 521479 530446 + 7 3643425 3652007 -
20 536074 614177 + 7 3853533 3928861 -
20 623394 625301 + 7 3830112 3831870 -
20 626440 645534 + 7 3833049 3848280 +
20 663035 677582 + 7 3806965 3822230 +
20 685295 701480 + 7 3790375 3805983 -
20 707679 709775 + 7 3783871 3785962 +
20 760504 768019 + 7 3775342 3782869 -
20 786808 795504 + 7 3765251 3773866 +
20 796713 810215 + 7 3754611 3763139 -
20 846587 912595 + 7 3703792 3751973 -
20 1054166 1058790 + 7 3665458 3670520 -
20 1061469 1073776 + 7 4088931 4099425 +
20 1080834 1082567 + 7 4101344 4102824 -
20 1083265 1084774 + 7 4103099 4104599 +
20 1090737 1097993 + 7 3654096 3661592 +
20 1100927 1109804 + 7 4077230 4086487 +
20 1111119 1113042 + 7 4074159 4076097 -
20 1116798 1149731 + 7 4043351 4072843 +
20 1194118 1206515 + 7 4106051 4116522 +
20 1207589 1219082 + 7 4118470 4126456 -
20 1227889 1239354 + 7 4190111 4196363 -
20 1240392 1241493 + 7 4188574 4189662 +
20 1242375 1306464 + 7 4127029 4187555 -
20 1308939 1310831 + 7 4200609 4202500 +
20 1312261 1333679 + 7 4217093 4235931 +
20 975744 977509 + 4 5231885 5233620 -
20 1033261 1038302 + 4 122869 127829 -
20 1168652 1170362 + 4 5277692 5279673 +
20 1338401 1342229 + 4 831929 835751 -
20 187070 191351 + 3 305796 310086 +
20 730396 733564 + 10 35502 38664 +
21 15826 263090 + 7 1507678 1681604 +
21 264638 345173 + 7 526402 584310 -
21 346206 391838 + 7 461528 501996 -
21 394557 399440 + 7 453137 458454 +
21 407035 409943 + 7 442839 445946 +
21 434891 439119 + 7 446480 450872 +
21 441080 449707 + 7 432827 438762 -
21 452120 456379 + 7 394424 398459 +
21 458192 467130 + 7 400863 408843 -
21 467520 501079 + 7 408959 432103 +
21 505165 508566 + 7 387993 391441 +
21 509815 554612 + 7 322401 386654 -
21 561469 563470 + 7 314329 316207 +
21 569054 572776 + 7 307525 311997 +
21 573339 574457 + 7 312465 313680 -
21 575158 576997 + 7 257826 259629 +
21 577160 600788 + 7 264824 305556 -
21 607192 682175 + 7 193347 256212 -
21 682419 709235 + 7 159915 185571 -
21 711847 722675 + 7 114798 125782 +
21 780176 784246 + 7 127181 131457 -
21 9378 11219 + 1 5486943 5488987 +
21 412744 421501 + 4 4641075 4649823 +
22 89166 90917 + 5 4050602 4052341 -
22 2792 85877 + 1 6868486 6936707 -
22 126411 128554 + 1 8258098 8264570 -
22 147768 297201 + 1 6723737 6868008 -
22 353834 550116 + 1 6529166 6723662 -
22 551027 609226 + 1 6459197 6520874 -
22 612804 677256 + 1 6329730 6383467 -
22 678587 721594 + 1 6263090 6297591 -
22 722187 789695 + 1 6188854 6249465 -
22 323127 325526 + 3 481360 483744 -
23 82763 122193 + 3 5231633 5269532 -
23 170549 214394 + 3 5199410 5230428 -
23 228760 243924 + 3 5184903 5198313 -
23 283260 306337 + 3 5147581 5170254 +
23 325770 336624 + 3 5171862 5182944 +
23 344865 368367 + 3 5135632 5143895 -
23 377753 379100 + 3 5144985 5146424 +
23 380667 390961 + 3 5118552 5129245 -
23 392386 400286 + 3 5106957 5114541 +
23 403289 405080 + 3 5115457 5117286 -
23 429189 435525 + 3 5098789 5105859 +
23 442573 449349 + 3 5091430 5094782 -
23 470078 519419 + 3 5020052 5061748 -
23 542223 554622 + 3 5002387 5013944 -
23 564689 598398 + 3 4976276 4989902 -
23 600486 602081 + 3 4971842 4973492 +
23 603554 613516 + 3 4961797 4970200 -
23 624951 629440 + 3 4882447 4887512 +
23 632215 665031 + 3 4933560 4960714 -
23 666212 712884 + 3 4889011 4925188 +
23 715367 724434 + 3 4869375 4878284 -
23 736226 737599 + 3 4854302 4855679 -
23 745308 747135 + 3 772339 774238 +
23 755203 756791 + 3 4851058 4852640 -
23 758541 762959 + 3 4828765 4833013 -
23 770386 774354 + 3 4859027 4861181 -
23 219318 223349 + 6 4177320 4181295 +
23 12875 16995 + 7 2373557 2377684 -
23 142620 149761 + 5 4238707 4245387 +
23 559365 561279 + 5 6417705 6419593 -
23 34512 36893 + 2 1155084 1157468 -
23 132947 136975 + 2 1100044 1104093 -
23 262980 264701 + 2 3618999 3620720 -
23 317888 322380 + 4 5241851 5246391 +
23 532747 538187 + 1 3955691 3961134 +
23 308605 310120 + 9 32476 34292 +
24 359992 362066 + 5 1105180 1107233 -
24 272475 274200 + 1 3836220 3837953 -
24 1138 4007 + 7 1071203 1073917 +
24 353000 356733 + 7 894522 898227 -
24 32714 33940 + 3 456162 457301 +
24 39290 67706 + 3 330194 345534 -
24 71598 75298 + 3 296945 299819 -
24 76803 81414 + 3 283040 287402 +
24 89655 95584 + 3 276899 282827 -
24 114525 117421 + 3 805149 807990 +
24 134811 208984 + 3 219451 270539 -
24 210440 239354 + 3 201659 216042 +
24 242643 244324 + 3 174521 176232 -
24 281734 284356 + 3 177790 180157 +
24 289666 300601 + 3 189245 197112 +
24 303161 310289 + 3 167559 173670 -
24 424790 427817 + 3 94325 96873 -
24 428871 433310 + 3 99428 103555 +
24 436982 441953 + 3 104248 108725 -
24 443040 450955 + 3 110070 118160 +
24 460353 464573 + 3 148477 151023 -
24 465707 476084 + 3 121988 132650 -
24 482931 489182 + 3 78769 84616 -
24 490222 525185 + 3 33439 61541 -
24 526306 527505 + 3 29233 30415 +
24 575084 606928 + 3 9289 28872 -
25 14975 25566 + 3 1792836 1803758 -
25 28141 40562 + 3 1779733 1792356 +
25 41603 67539 + 3 1749830 1776206 -
25 67616 142947 + 3 1626195 1702536 -
25 144723 156031 + 3 1613865 1625037 +
25 156689 308445 + 3 1470674 1611584 -
25 309329 316028 + 3 1462704 1469680 +
25 317098 339139 + 3 1437969 1461177 +
25 340078 345492 + 3 1431572 1437424 +
25 346011 356845 + 3 1415818 1426976 +
25 361521 422143 + 3 1351263 1414690 -
25 462772 544084 + 3 1274334 1338495 -
25 544503 664605 + 3 1130907 1252140 -
25 10303 14913 + 7 813265 818231 +
25 436929 440339 + 5 1204711 1208112 +
26 6184 30176 + 3 2408318 2423593 +
26 30631 195816 + 3 2444840 2599767 +
26 196127 199086 + 3 2600374 2602895 -
26 199923 396091 + 3 2603349 2791119 +
26 397294 400421 + 3 2791917 2794929 -
26 400767 431560 + 3 2795599 2820896 +
26 432099 519427 + 3 2833523 2923664 +
26 522948 534894 + 3 2974431 2986822 -
26 535623 577279 + 3 2924227 2965714 -
26 577608 592208 + 3 2990041 3004756 +
27 63151 81453 + 2 4453901 4470348 -
27 137877 143410 + 2 4447645 4452905 -
27 158669 169272 + 2 4434499 4444835 +
27 170704 192717 + 2 4324088 4344481 +
27 193231 220746 + 2 4359692 4386134 +
27 222778 253578 + 2 4386834 4416891 -
27 254995 259235 + 2 4418321 4422567 +
27 295137 298632 + 2 4423011 4426696 +
27 299983 307126 + 2 4427121 4428793 -
27 307662 311488 + 2 4429832 4433761 +
27 313448 315061 + 2 4321362 4322942 -
27 346688 389406 + 2 4279506 4310659 -
27 390983 413758 + 2 4239195 4275277 +
27 502262 506406 + 2 4224946 4229106 -
27 554448 556826 + 2 4219500 4221695 +
27 565118 570189 + 2 4213406 4217948 -
27 572712 610552 + 2 4181543 4212828 +
27 613972 623872 + 2 4164765 4174886 -
27 636013 679263 + 2 4123279 4151188 -
27 681760 694679 + 2 4086047 4097536 -
27 699931 715959 + 2 4067678 4083425 -
27 733686 734750 + 2 4083815 4085056 +
27 748439 752050 + 2 3583349 3586828 +
27 753587 759143 + 2 3588433 3594226 -
27 760509 766573 + 2 3595573 3600891 +
27 773410 789677 + 2 3715749 3731523 +
27 798682 807288 + 2 4028525 4037216 +
27 807964 814244 + 2 3773585 3777298 -
27 833459 870125 + 2 3738870 3773073 -
27 871338 953472 + 2 3950499 4026830 -
27 953489 969147 + 2 3872364 3886852 +
27 975777 990484 + 2 3937428 3949616 +
27 1003424 1062731 + 2 3834172 3868085 -
27 1064056 1072331 + 2 3813040 3821848 -
27 3578 10857 + 4 5918244 5923184 -
27 469062 473737 + 4 5959345 5963843 +
27 513430 519879 + 4 446369 449977 +
27 336673 339847 + 7 2304019 2307133 -
27 339856 341788 + 7 2135994 2137926 -
27 877 3373 + 5 4792396 4795199 +
27 13505 15568 + 5 4795600 4797582 +
27 56329 61888 + 5 6067566 6080245 +
27 790756 796664 + 5 2416668 2422750 -
27 827766 832728 + 5 1070447 1075386 -
27 91682 92737 + 1 5757870 5758885 -
27 93940 100024 + 1 5736544 5742506 -
27 107881 110208 + 1 3483495 3485726 +
27 272084 275830 + 1 5752638 5756661 -
28 8439 51360 + 3 2364790 2408209 -
28 51995 66111 + 3 2349889 2364269 +
28 66739 179364 + 3 2236973 2349083 -
28 179728 267122 + 3 2096845 2185056 -
28 268002 289622 + 3 2082000 2096625 +
28 290660 291712 + 3 2079930 2081000 +
28 291949 503954 + 3 1866881 2078941 -
28 504647 513631 + 3 1856728 1866450 +
28 514001 562563 + 3 1804796 1856275 -
29 26243 27350 + 3 836109 837206 -
29 179346 187521 + 5 1051466 1059515 +
29 300723 303591 + 1 2306045 2308858 -
29 20372 22188 + 7 2327909 2333287 +
29 268894 271966 + 7 3371521 3374655 -
29 285080 287264 + 7 2406401 2408583 +
29 53200 57570 + 6 3054349 3058658 +
29 70959 78018 + 6 382264 389153 +
29 176785 178305 + 2 1273588 1275123 -
29 309826 316895 + 2 1366701 1372873 +
29 318600 349177 + 2 1374585 1403200 -
29 365467 522862 + 2 1413528 1551360 +
29 12628 14989 + 4 1070046 1072405 +
29 59539 61959 + 4 1066339 1068780 -
29 226131 229055 + 4 1924201 1927074 +
30 23290 36337 + 4 5937501 5946968 -
30 39066 82564 + 4 5889527 5914378 -
30 85478 86981 + 4 5869640 5871129 +
30 93365 113520 + 4 5828618 5847138 -
30 146925 153198 + 4 2020013 2026363 -
30 164007 167911 + 4 5824372 5828220 -
30 171303 174275 + 4 5805793 5808539 +
30 316812 330185 + 4 5809494 5823176 +
30 330970 333193 + 4 5794103 5796336 -
30 333598 342272 + 4 5796592 5805123 +
30 343020 406237 + 4 5645137 5697545 -
30 411299 444524 + 4 5697700 5725386 +
30 445553 447976 + 4 5726067 5727181 -
30 448828 457346 + 4 5727954 5735877 +
30 286514 288284 + 1 8251122 8252898 +
30 137633 146004 + 5 5895005 5903069 -
30 301435 303115 + 3 2433212 2434846 -
30 407581 410579 + 3 3724563 3727552 -
30 125846 128630 + 2 1216928 1219721 +
30 275696 282838 + 2 1289774 1296867 +
30 177380 181546 + 6 2871276 2875072 -
31 561 39491 + 2 1551787 1590893 +
31 40484 64837 + 2 1591656 1615623 -
31 65737 70257 + 2 1616181 1619248 +
31 71260 92731 + 2 1621951 1644046 -
31 95353 120635 + 2 1645354 1670836 -
31 123081 134566 + 2 1672369 1684274 +
31 143123 153225 + 2 2901090 2928774 -
31 156755 188447 + 2 2864774 2897359 +
31 190353 196734 + 2 2856529 2862609 -
31 203828 418293 + 2 2633170 2846819 -
32 1501 8700 + 8 92374 99731 +
32 13013 14286 + 5 19053 20325 +
32 33798 111067 + 5 21575 73576 +
32 168744 227297 + 5 82726 130329 +
32 228632 283650 + 5 132357 163642 -
32 289028 312087 + 5 166492 209272 -
32 321824 397329 + 5 210489 272024 +
32 146293 149018 + 1 5744233 5747045 -
32 30223 31588 + 6 2646035 2647397 -
32 136275 138692 + 7 2922236 2924638 -
32 143807 144971 + 7 2142649 2143746 +
33 294315 295817 + 7 1824594 1825833 +
33 7087 9520 + 2 1175925 1178440 +
33 60152 63751 + 2 3632103 3635702 -
33 91174 95639 + 2 1071473 1075947 +
33 330250 337912 + 2 131129 138708 -
33 194496 203516 + 6 3556908 3564037 +
33 231220 235243 + 6 2820824 2824859 +
33 175428 178519 + 5 1176596 1179690 +
33 183550 188102 + 5 592893 597355 +
33 15526 19395 + 3 5064334 5065906 -
33 32269 44929 + 3 406363 419421 -
33 243310 249862 + 3 320222 326804 +
33 158900 161939 + 4 116903 118632 -
33 10626 13700 + 11 14715 17781 -
34 145303 146429 + 2 4345516 4346567 +
34 12709 49511 + 1 7023809 7051618 -
34 130448 143343 + 1 7011007 7022199 -
34 193355 274492 + 1 6937927 7009547 -
34 89438 92596 + 6 1798954 1802121 +
34 152881 155984 + 4 3079329 3082392 -
34 182753 184390 + 5 974615 976237 +
35 7741 13646 + 1 1221331 1227191 +
35 20835 23913 + 4 3843030 3846098 -
35 24785 27713 + 4 4304281 4307554 +
35 30165 34015 + 4 4938092 4942083 +
35 35850 121621 + 4 4852370 4927497 -
35 123508 129634 + 4 4931383 4937426 +
35 130353 131844 + 4 4928581 4930138 -
35 133101 135672 + 4 5786747 5789150 +
35 142231 253219 + 4 3443675 3512506 -
35 263432 265400 + 6 376790 378654 -
36 3885 160876 + 1 7133305 7253099 -
36 206565 237621 + 1 7111070 7133069 -
36 258373 325079 + 1 7054107 7110465 -
36 326609 328451 + 1 6527091 6528901 -
36 186978 191934 + 7 1827515 1832300 +
36 239009 245287 + 7 516212 522489 -
37 12104 15397 + 1 4025303 4029418 +
37 38654 39837 + 6 4017182 4018541 +
37 41872 145071 + 2 36675 78065 -
37 145683 147701 + 2 33706 35448 +
37 161235 198639 + 2 9690 33070 +
38 21089 22800 + 7 2251257 2252989 -
38 157697 162550 + 5 992025 996948 +
38 153232 157007 + 1 3746877 3752608 +
38 169778 173549 + 3 940898 944681 +
38 176480 177617 + 3 721518 722574 -
38 195800 198341 + 3 793313 795131 -
38 199150 204346 + 3 728803 735735 -
39 2882 117432 + 6 2530332 2644242 +
39 118526 141768 + 6 2652873 2676023 +
39 142752 205223 + 6 2700204 2769572 +
40 443 150842 + 3 966941 1129895 -
40 170392 175602 + 3 862146 871708 +
41 492 129693 + 3 3004796 3119977 +
41 130326 133450 + 3 3122431 3125320 -
41 136059 185894 + 3 3126394 3169580 +
42 27459 28464 + 2 4112329 4113510 -
42 78072 143050 + 7 1433 58197 +
42 145942 168616 + 7 59189 85399 -
42 169669 180421 + 7 86749 96926 +
43 3255 25459 + 4 4995756 5016144 -
43 47801 51845 + 4 1475750 1479734 -
43 84656 102621 + 4 4945138 4963362 +
43 128422 179015 + 4 5737094 5785639 -
43 59931 63201 + 7 2473475 2478926 +
43 66910 71420 + 7 2221302 2225744 -
43 74923 76625 + 5 5406922 5408622 -
44 1270 142666 + 2 948874 1066158 +
44 143604 160766 + 2 1077428 1093852 +
45 72739 75235 + 7 3416269 3417641 -
45 127788 132727 + 4 5990854 5995756 +
45 155557 157060 + 4 5987016 5988190 -
46 104952 108876 + 5 499191 503115 -
46 102097 104037 + 2 3658190 3660126 +
46 23544 50255 + 4 3368697 3394374 -
46 154783 175072 + 4 3344723 3364927 -
47 2428 51103 + 4 3395269 3443086 +
47 53578 58787 + 2 1167800 1173027 +
47 91479 94564 + 6 374028 376669 +
48 8064 11446 + 4 1080841 1084178 +
48 22200 32744 + 4 5856943 5863244 -
48 42082 50019 + 2 87252 91667 +
48 50283 56222 + 2 79955 86161 -
49 80653 88751 + 9 6257 12601 +
49 95566 100775 + 9 68054 73594 +
50 9404 13233 + 5 1763549 1767363 +
51 25916 35791 + 7 98299 107793 -
52 36042 42392 + 9 85595 92051 +
52 48351 52603 + 12 1081 5263 -
53 19483 23962 + 2 1138632 1143123 -
54 21815 28174 + 6 2787328 2791805 -
57 37398 41314 + 7 2309556 2313484 -
57 564 3433 + 16 5848 8548 -
58 3367 25707 + 8 48524 63783 +
63 8069 10010 + 1 3864366 3865629 -
64 6644 7647 + 1 3827656 3828658 -
75 909 13915 + 9 53447 63406 +
