1 158 25664 + 5 6393134 6421783 -
1 39789 136143 + 5 6293191 6393034 -
1 136559 141999 + 5 6275099 6280488 +
1 148521 338422 + 5 6044293 6274955 -
1 383876 386562 + 5 5978071 5980781 -
1 387586 393891 + 5 5971509 5977914 +
1 394056 448975 + 5 5916797 5970922 -
1 449021 476850 + 5 5862960 5891157 -
1 477675 509004 + 5 5827558 5861882 +
1 510610 623516 + 5 5713424 5827259 -
1 623665 626113 + 5 5697384 5699841 -
1 626117 855455 + 5 5424776 5656147 -
1 862709 999035 + 5 5264726 5403413 -
1 1005769 1723327 + 5 4519912 5257249 -
1 1758011 2122559 + 5 4065449 4441625 -
1 2122586 2223617 + 5 3931979 4033458 -
1 2223693 2512651 + 5 3616728 3907092 -
1 2518920 2531723 + 5 3597143 3610230 -
1 2567314 2716778 + 5 3447676 3594907 -
1 2716829 2729042 + 5 3421653 3432502 -
1 2956803 2962589 + 5 980178 986005 +
1 2990196 3187854 + 5 3046250 3243729 -
1 3191601 3491454 + 5 2749698 3043292 -
1 3641086 3781325 + 5 2451992 2593925 -
1 3908871 3913051 + 5 4464350 4468719 +
1 3920315 3922947 + 5 4468848 4471566 +
1 3923955 4584050 + 5 1713908 2366369 -
1 4608343 4696338 + 5 1600939 1689535 -
1 4698239 4705106 + 5 1592639 1599524 +
1 4716798 4745713 + 5 1574108 1592218 +
1 4746422 4785795 + 5 1532645 1573037 -
1 4792946 5109419 + 5 1218622 1519968 -
1 5231224 5233583 + 5 961772 964162 -
1 5237372 5242962 + 5 5894991 5903021 +
1 5271983 5283863 + 5 1051465 1063749 -
1 5337874 5379322 + 5 846454 891330 -
1 5394519 5454469 + 5 764858 846265 -
1 5458393 5604787 + 5 614733 760251 -
1 5676480 5982440 + 5 196547 493157 -
1 5982495 6000008 + 5 159653 177088 -
1 6006257 6028364 + 5 136759 159138 +
1 6029023 6032925 + 5 126796 131587 -
1 6038313 6073885 + 5 90973 126638 +
1 6074930 6138390 + 5 20996 84794 -
1 2964268 2971272 + 2 2132021 2137992 +
1 3491899 3505421 + 2 391240 397340 +
1 3810198 3812201 + 2 4143160 4145124 -
1 5135210 5138632 + 2 1173274 1176384 -
1 5165785 5168801 + 2 877006 880024 -
1 5235715 5237246 + 2 1137834 1139357 +
1 5300709 5304526 + 2 874976 876300 -
1 5310916 5312233 + 2 1147487 1148789 -
1 5379516 5394014 + 2 1244222 1253127 -
1 6154532 6158783 + 2 1311315 1315562 -
1 5146465 5154311 + 6 2893528 2901479 +
1 5164166 5165364 + 6 3046066 3047296 -
1 5253023 5254146 + 6 2891820 2892937 -
1 28430 32192 + 1 1344733 1348487 -
1 341541 349418 + 1 3877158 3891548 +
1 3790180 3791626 + 1 3942900 3944367 -
1 3813120 3819178 + 1 5750490 5756584 -
1 4705726 4708698 + 1 6259602 6262589 -
1 5126451 5128062 + 1 3752609 3754218 -
1 5132344 5133548 + 1 8263660 8264838 -
1 5242966 5246724 + 1 4033330 4036341 -
1 5255169 5258310 + 1 4044411 4047553 -
1 5312780 5315788 + 1 3490736 3494482 +
1 338544 340437 + 3 701992 703879 -
1 5320717 5324732 + 3 1048626 1052650 -
1 2732734 2739014 + 7 1117794 1124776 -
1 2752187 2767783 + 7 2095609 2103516 +
1 2988676 2990034 + 7 348951 350307 +
1 3784183 3785935 + 7 2427587 2429333 -
1 3913230 3918377 + 7 2220794 2225940 +
1 5184795 5188194 + 7 2431838 2435235 +
1 5294862 5299211 + 7 2309555 2313897 -
1 6138550 6140564 + 7 2234463 2236478 -
1 2556586 2566511 + 4 4168886 4178928 -
1 3638661 3639756 + 4 1880921 1882019 +
1 3781328 3782957 + 4 2710720 2712331 +
1 4584417 4587520 + 4 5309223 5312343 -
1 5113867 5124775 + 4 1063515 1074824 -
1 5170675 5177622 + 4 5211447 5218342 -
1 5220943 5224901 + 4 1476322 1479751 -
2 639366 642219 + 7 2275977 2278820 -
2 991044 994292 + 7 2366573 2369786 +
2 1037978 1040115 + 7 2341941 2344102 -
2 1045318 1051982 + 7 613827 619553 +
2 2492826 2494507 + 7 611355 612963 +
2 3252744 3263596 + 7 332171 340231 -
2 3743618 3745765 + 7 2147577 2149688 -
2 568150 569895 + 1 2295114 2296843 -
2 1035189 1036756 + 1 3784829 3786388 +
2 1838264 1849590 + 1 30045 33910 -
2 3766321 3768332 + 1 4092486 4094475 -
2 4159003 4160793 + 1 2331845 2333634 +
2 618861 624242 + 2 142007 147381 -
2 624953 626302 + 2 108980 110312 -
2 958825 962986 + 2 1320900 1325008 +
2 963573 964855 + 2 1197839 1199108 -
2 975200 978962 + 2 1330481 1334265 -
2 1096215 1097507 + 2 4345273 4346533 -
2 2824095 2826656 + 2 1094773 1097524 +
2 2929833 2931160 + 2 1989362 1990684 +
2 735764 741390 + 3 5063594 5077782 +
2 913372 915782 + 3 720150 722574 +
2 950506 955601 + 3 929433 931635 -
2 964903 969841 + 3 694683 697600 +
2 1059162 1062342 + 3 960325 961580 +
2 1081595 1082956 + 3 808663 812783 +
2 1092765 1095467 + 3 936186 937599 -
2 3133066 3144135 + 3 2196551 2215153 +
2 5307811 5315980 + 3 2437940 2443721 +
2 334 35508 + 4 1248 36732 +
2 35534 73251 + 4 47191 85121 +
2 77179 91135 + 4 85812 102924 -
2 92067 101592 + 4 104312 113341 +
2 102173 454090 + 4 141915 511861 +
2 455179 487180 + 4 513500 546801 -
2 494222 548009 + 4 552541 605936 +
2 577416 618860 + 4 607233 649569 +
2 626357 638310 + 4 649572 659188 +
2 643537 682239 + 4 659340 695933 +
2 694209 714903 + 4 697989 719689 -
2 719907 721742 + 4 725431 727271 -
2 748468 754555 + 4 738224 744482 +
2 756099 770507 + 4 745267 759757 -
2 771284 821630 + 4 761133 812618 +
2 821703 823283 + 4 4062047 4063652 -
2 834352 851257 + 4 812680 829665 +
2 851350 883555 + 4 842389 874458 +
2 923494 924665 + 4 998671 999859 +
2 1025996 1034838 + 4 1050076 1057496 +
2 1098191 1132294 + 4 1088054 1125344 +
2 1132439 1157400 + 4 1173479 1197130 +
2 1161414 1407229 + 4 1200964 1443314 +
2 1407514 1777714 + 4 1484553 1851778 +
2 1777830 1782731 + 4 1851789 1856705 -
2 1784212 1795459 + 4 1859272 1870346 +
2 1817611 1838180 + 4 1932317 1952966 +
2 1850185 1923917 + 4 1953151 2018060 +
2 1924181 2217200 + 4 2051075 2336463 +
2 2217336 2303866 + 4 2379398 2471057 +
2 2306496 2313989 + 4 1139016 1146622 +
2 2315198 2450704 + 4 2471244 2608397 +
2 2451018 2491754 + 4 2623376 2668874 +
2 2551454 2823530 + 4 2737693 3003445 +
2 2840926 2890023 + 4 3004026 3052369 +
2 2890034 2929777 + 4 3083056 3119615 +
2 2940628 3110433 + 4 3119661 3287779 +
2 3145824 3234236 + 4 3287876 3375745 +
2 3237801 3244240 + 4 2351536 2358048 +
2 3273791 3738201 + 4 3375767 3867972 +
2 3825670 3936962 + 4 3916522 4031347 +
2 3937160 4042195 + 4 4063690 4168001 +
2 4042246 4096153 + 4 4179660 4230522 +
2 4096315 4107584 + 4 4241156 4250312 +
2 4107703 4130771 + 4 4301674 4324189 +
2 4161422 4444520 + 4 4327827 4625029 +
2 4444812 4636625 + 4 4660189 4850415 +
2 4641560 4687609 + 4 4857447 4903496 +
2 4689672 4699947 + 4 4289701 4299494 +
2 4701743 4916543 + 4 4904103 5148354 +
2 4932257 4957880 + 4 5169659 5195317 -
2 4988158 5002131 + 4 5195485 5209450 +
2 5002888 5064450 + 4 5249744 5308191 +
2 5064522 5298584 + 4 5332051 5544770 +
2 5318263 5379984 + 4 5544778 5605654 +
2 5382889 5669083 + 4 5609103 5914396 +
2 5669428 5680999 + 4 5928620 5947116 +
2 825671 834331 + 6 1795052 1802341 -
2 899232 903582 + 6 4200781 4205132 -
2 907895 910541 + 6 2872796 2875064 -
2 916378 918727 + 6 3072888 3075264 +
2 956165 958162 + 6 3019936 3021917 -
2 982774 986011 + 6 2957488 2960723 +
2 1042709 1044717 + 6 2846300 2848303 -
2 1087200 1092019 + 6 2860674 2868280 -
2 3121489 3128610 + 6 4174542 4181304 -
2 3235554 3237518 + 6 3077156 3079907 +
2 1006366 1020832 + 5 1146974 1154268 -
2 1063532 1070962 + 5 1043118 1047525 -
2 2829327 2836404 + 5 1155207 1162337 +
2 4147214 4153906 + 5 3432521 3439184 +
2 4136141 4137388 + 11 14697 15941 -
3 186 11476 + 3 169804 180677 -
3 16561 71191 + 3 9186 61788 +
3 71290 78864 + 3 78024 85605 +
3 85044 135878 + 3 99669 163347 +
3 153536 241741 + 3 189121 282659 +
3 251353 255472 + 3 283214 287395 -
3 256022 258028 + 3 295987 298002 +
3 263615 275765 + 3 330192 342214 +
3 278198 281965 + 3 385820 389412 -
3 331331 339827 + 3 391042 399915 +
3 340922 365807 + 3 401755 428566 -
3 369266 397396 + 3 448553 474588 +
3 397584 465130 + 3 486511 554954 +
3 471018 479662 + 3 558941 571953 -
3 480051 566039 + 3 573234 658830 +
3 635791 644082 + 3 945269 953632 -
3 759387 835354 + 3 966604 1042159 +
3 852029 1073825 + 3 1071031 1311417 +
3 1079765 1219320 + 3 1317437 1465789 +
3 1219586 1234612 + 3 5207268 5214724 -
3 1234696 1317390 + 3 1465888 1548399 +
3 1319155 1324063 + 3 1548568 1553837 -
3 1329301 1525880 + 3 1554928 1798268 +
3 1529717 1891877 + 3 1801860 2164153 +
3 1892737 1897939 + 3 778521 783720 +
3 1925099 1977637 + 3 2236905 2288520 +
3 1988840 2112969 + 3 2300874 2423758 +
3 2113110 2158183 + 3 2444673 2488928 +
3 2211779 2418767 + 3 2488959 2686041 +
3 2462907 2645733 + 3 2686116 2881156 +
3 2683815 2741430 + 3 2908207 2965820 +
3 2811146 3108028 + 3 3032002 3330935 +
3 3312349 3666043 + 3 3528624 3885917 +
3 3867598 4281701 + 3 4095575 4534997 +
3 4299256 4746716 + 3 4536579 5054759 +
3 4753716 4757778 + 3 5055107 5059210 +
3 4795249 4914891 + 3 5088707 5207160 +
3 4915065 4922857 + 3 5214966 5223735 +
3 4945470 4988994 + 3 5224387 5268361 +
3 4989282 4992088 + 3 5269921 5273314 -
3 657840 663829 + 5 5660798 5666573 +
3 2170610 2178238 + 5 5981964 5989078 -
3 13394 15708 + 4 114411 116152 -
3 701064 703145 + 4 5959347 5961430 -
3 713267 719486 + 4 929023 935029 +
3 734026 745966 + 4 1000866 1027488 -
3 2179963 2211707 + 4 3054083 3082417 +
3 2666030 2669936 + 4 1883442 1887350 +
3 4283345 4285673 + 4 2336509 2338852 +
3 294397 299097 + 6 2796380 2800009 -
3 599641 605355 + 6 3784074 3789836 -
3 847640 851975 + 6 1819689 1823732 +
3 2444193 2450991 + 6 2676993 2692940 +
3 4747104 4753715 + 6 2913208 2919804 +
3 4768138 4773135 + 6 1176849 1182234 -
3 291684 293512 + 2 1234757 1236585 -
3 306407 314598 + 2 2142278 2150580 -
3 750019 754477 + 2 1266673 1271147 +
3 1982227 1983372 + 2 3711397 3712556 -
3 2663670 2665989 + 2 1066717 1069017 +
3 4933948 4936298 + 2 3667919 3670398 +
3 667390 668921 + 1 287012 288538 +
3 695020 698298 + 1 3717589 3721703 +
3 1902347 1903971 + 1 9163657 9165277 -
3 2420690 2421940 + 1 3823973 3825227 +
3 2679154 2681355 + 1 69144 71309 +
3 4765992 4767483 + 1 693529 694986 -
3 4924188 4928666 + 1 5483773 5490591 -
3 605854 621159 + 7 1827075 1834918 -
3 644820 647246 + 7 1823802 1826642 -
3 722604 724514 + 7 2338350 2340333 -
3 728535 732344 + 7 2295310 2299136 -
3 1983837 1988799 + 7 1007750 1010372 -
3 2807157 2810956 + 7 1319219 1322996 +
3 4936644 4942283 + 7 278354 284238 -
4 3003277 3008384 + 7 1336375 1341496 -
4 3081108 3085355 + 7 2352058 2356176 +
4 3126583 3130446 + 7 2370252 2374666 -
4 3168123 3174769 + 4 5324973 5331615 -
4 4000479 4007423 + 4 4263369 4270283 +
4 3021631 3024145 + 5 6005330 6007166 -
4 3035240 3036922 + 5 1133726 1135414 +
4 3060858 3064120 + 5 1143428 1146673 +
4 3086099 3095567 + 5 967678 974477 -
4 3159906 3161133 + 5 908953 910162 -
4 185 28561 + 2 4444722 4470594 -
4 37129 124254 + 2 4359597 4444562 -
4 124291 210016 + 2 4262755 4344947 -
4 210175 276751 + 2 4173157 4241467 -
4 277114 291018 + 2 4159063 4172711 +
4 295548 300460 + 2 4146714 4151660 -
4 301169 331106 + 2 4085360 4138820 -
4 334205 354686 + 2 4064589 4085060 +
4 373559 375252 + 2 4044831 4046535 +
4 375971 482028 + 2 3936424 4044367 -
4 482071 515735 + 2 3855198 3888900 -
4 515898 530118 + 2 3840735 3854937 +
4 531603 725602 + 2 3712611 3840135 -
4 725625 936098 + 2 3387615 3602052 -
4 936156 1360546 + 2 2921283 3366458 -
4 1360672 2128653 + 2 2170760 2902711 -
4 2128654 2241901 + 2 2002054 2113460 -
4 2242026 2392452 + 2 1837349 1989360 -
4 2395241 2411057 + 2 1817566 1833100 -
4 2436058 2438893 + 2 1833744 1836562 +
4 2499425 2873053 + 2 1435957 1817429 -
4 2909040 2979331 + 2 1366331 1435816 -
4 2990050 2993094 + 2 3371098 3374131 -
4 2993592 2997324 + 2 1272238 1275801 -
4 3025211 3028373 + 2 1230206 1233369 -
4 3099882 3102201 + 2 1259165 1261496 -
4 3131895 3138147 + 2 1207049 1210118 +
4 3186119 3203023 + 2 1076938 1093852 -
4 3203113 3248845 + 2 1020786 1066463 -
4 3248884 3381548 + 2 882966 1016423 -
4 3433523 3661519 + 2 615184 822377 -
4 3662914 3679139 + 2 596656 613630 +
4 3680028 3700414 + 2 569204 594288 -
4 3701712 3713368 + 2 556622 568045 +
4 3716071 3868498 + 2 397561 556529 -
4 3868567 3920645 + 2 337693 390715 -
4 3924425 3941807 + 2 315514 332795 +
4 3945817 3990497 + 2 269650 314327 -
4 3992026 3996880 + 2 251047 255910 +
4 4009908 4021773 + 2 256282 268444 +
4 4022238 4127008 + 2 147382 249662 -
4 4127027 4217143 + 2 8899 108872 -
4 28870 35523 + 1 2314562 2321221 -
4 2476198 2481629 + 1 201386 206792 -
4 2877071 2881865 + 1 3695134 3699923 +
4 2986290 2988800 + 1 3818953 3822305 -
4 3054128 3060102 + 1 3912126 3918232 +
4 3069229 3077168 + 1 77588 85475 +
4 3104950 3106060 + 3 806853 807953 +
4 3138974 3158916 + 3 845929 871124 -
4 3108666 3114489 + 6 3023338 3026219 +
4 3123549 3125706 + 6 2973747 2975904 -
4 2468526 2473889 + 13 2032 6885 -
4 3163345 3165966 + 13 7801 9804 +
6 134 6777 + 5 1525876 1532514 -
8 3339 7428 + 5 5420568 5424693 +
9 2287 5278 + 5 180152 183156 -
10 165 6990 + 5 5257821 5264674 -
11 102 91228 + 7 64 96995 +
11 94037 95066 + 7 621029 622823 -
11 155528 171193 + 7 98349 113978 +
11 171805 176842 + 7 153527 156854 -
11 178397 198803 + 7 114797 135406 -
11 199611 295971 + 7 157814 259455 +
11 296300 306252 + 7 264136 274205 +
11 306257 338676 + 7 292779 325973 +
11 340006 488123 + 7 351770 502257 +
11 573408 769201 + 7 623790 810965 +
11 841482 937137 + 7 911001 1007546 +
11 937654 986960 + 7 1028059 1117403 +
11 987120 1159566 + 7 1149682 1318252 +
11 1160683 1396862 + 7 1344317 1588999 +
11 1396894 1400042 + 7 259832 262971 +
11 1401964 1407158 + 7 1589199 1593581 +
11 1421939 1423229 + 7 1593808 1595114 +
11 1455773 1586178 + 7 1610812 1741284 +
11 1605094 1609661 + 7 893668 898218 -
11 1611184 1694230 + 7 1741523 1823751 +
11 1694270 1880981 + 7 1835107 2026173 +
11 1885945 1927177 + 7 2032200 2076084 +
11 1943480 1958695 + 7 2105609 2120933 +
11 1996782 2013286 + 7 2121562 2134902 +
11 2050621 2062180 + 7 2240055 2248660 +
11 2116446 2117695 + 7 2142531 2143746 +
11 2138154 2139379 + 7 4241955 4243172 +
11 2161583 2167504 + 7 3368754 3374680 +
11 2190718 2192080 + 7 2450416 2451757 +
11 2197428 2201338 + 7 2345762 2351017 +
11 2217424 2231348 + 7 2482306 2495077 +
11 2267196 2356466 + 7 2533402 2623680 +
11 2382975 2670790 + 7 2623755 2920340 +
11 2670969 3111499 + 7 2931861 3368198 +
11 3149226 3346829 + 7 3440233 3636804 +
11 3347958 3363045 + 7 3636896 3651992 -
11 3363168 3371989 + 7 3653491 3662117 +
11 3372254 3412683 + 7 3663366 3729354 -
11 3413983 3954178 + 7 3730059 4234093 +
11 3965521 3967279 + 7 4234149 4235931 -
11 1400596 1401728 + 1 5734902 5736053 -
11 1932247 1936928 + 1 2309205 2313893 -
11 2202182 2204925 + 1 3611274 3615051 +
11 3145758 3148715 + 1 9785474 9788430 -
11 134384 141167 + 4 2720177 2726968 +
11 1408354 1413181 + 4 965968 970883 +
11 1449805 1454187 + 4 5923382 5927772 -
11 1979034 1980589 + 4 5973775 5975321 +
11 1983627 1988487 + 4 2370944 2375846 -
11 2099174 2105476 + 4 950569 952722 +
11 2120908 2127348 + 4 939202 945303 +
11 3957030 3961078 + 4 831942 835875 +
11 96145 102163 + 5 1190155 1196367 +
11 1416539 1419190 + 5 493956 496227 +
11 1961511 1969364 + 5 592874 599160 -
11 1989704 1991721 + 5 892129 894175 +
11 2086298 2087924 + 5 1106265 1107860 -
11 2133186 2135156 + 5 1211378 1213362 -
11 2175571 2178738 + 5 1088965 1092117 -
11 2180533 2183232 + 5 1102947 1105144 +
11 141418 146766 + 2 4352850 4358249 +
11 1591235 1604757 + 2 4243854 4260520 -
11 1974651 1976921 + 2 1122522 1126820 +
11 2071520 2076405 + 2 1223541 1225391 -
11 2106705 2112651 + 2 1340456 1346490 +
11 2145112 2149050 + 2 1360687 1363854 +
11 2368885 2373335 + 2 3688494 3692838 +
11 92552 94032 + 3 302194 303658 +
11 147145 152323 + 3 2424552 2428151 -
11 2020022 2021253 + 3 2185663 2186830 +
11 2022914 2026111 + 3 442321 445449 -
11 2048056 2049636 + 3 954219 955802 +
11 2062217 2065092 + 3 711213 715357 -
11 2150305 2153742 + 3 689821 693280 -
11 2040558 2044056 + 6 3029919 3033696 +
11 3954715 3955716 + 6 2644444 2645445 +
12 2102427 2107291 + 2 111707 116601 -
12 146818 148388 + 3 5077956 5079757 -
12 153956 160797 + 3 365214 376248 +
12 1380122 1389476 + 3 303854 311348 +
12 2611041 2616676 + 3 479353 485022 +
12 2672857 2677517 + 3 872260 876890 -
12 2791215 2792747 + 3 346769 348552 -
12 2804620 2806891 + 3 747122 750416 -
12 112 138931 + 6 99 158510 +
12 169769 191707 + 6 166012 188400 +
12 217110 474182 + 6 188474 487081 +
12 475439 478775 + 6 528086 531390 +
12 480212 514857 + 6 488702 527429 -
12 516615 1030837 + 6 533733 1038272 +
12 1031084 1063070 + 6 1038329 1069680 -
12 1146792 1267971 + 6 1192932 1317759 +
12 1268024 1279513 + 6 1317848 1328776 -
12 1280391 1379906 + 6 1339688 1439474 +
12 1390397 1731519 + 6 1439537 1795051 +
12 1751417 1788436 + 6 1851323 1888258 +
12 1788443 1855876 + 6 1910639 1977163 +
12 1856202 1866333 + 6 1977469 1987619 -
12 1866502 2098234 + 6 1987856 2218451 +
12 2108585 2532607 + 6 2218512 2644381 +
12 2557624 2605397 + 6 2700083 2750134 +
12 2624134 2627485 + 6 2750885 2754330 +
12 2651581 2664452 + 6 2754726 2769611 +
12 2686884 2688299 + 6 2858541 2859957 +
12 2707797 2709243 + 6 3060489 3061868 -
12 2794127 2797103 + 6 2820634 2823613 +
12 2865479 3190604 + 6 3081836 3407256 +
12 3190705 3271615 + 6 3420707 3507149 +
12 3271869 3366327 + 6 3537951 3630280 +
12 3400043 3521235 + 6 3672657 3781856 +
12 3521520 3623492 + 6 3794536 3891828 +
12 3624004 3627292 + 6 3892578 3895906 -
12 3627631 3880725 + 6 3896181 4162733 +
12 161677 166718 + 1 6434455 6437231 -
12 2668987 2670174 + 1 6426828 6428071 -
12 2723769 2724877 + 1 3927359 3928466 +
12 2727402 2730456 + 1 3827603 3830671 -
12 2745405 2754774 + 1 3773019 3783369 +
12 2788605 2789701 + 1 3925461 3926938 -
12 2799925 2804047 + 1 3898347 3902466 -
12 139850 145338 + 4 4231817 4237364 +
12 2635251 2642033 + 4 2019944 2026782 +
12 2690645 2695074 + 4 1469601 1471848 -
12 2704506 2706436 + 5 5667738 5669648 +
12 2713792 2716690 + 5 1082455 1084963 -
12 2827431 2829295 + 5 994087 995947 +
12 2856801 2861950 + 5 923817 928426 -
12 2100567 2102058 + 7 2416105 2417611 +
12 2797177 2799924 + 7 2159408 2162071 +
12 2836371 2837950 + 7 2090810 2092380 -
12 2848635 2850628 + 7 2454243 2456233 -
12 2629611 2633381 + 10 11677 15503 +
12 205728 211869 + 11 7471 13530 -
14 150 6120 + 7 2026251 2032146 +
20 416 3971 + 3 554956 558477 +
21 280 5481 + 4 4851886 4857315 -
23 272 5917 + 3 3331046 3336779 -
24 338 5631 + 3 1311973 1317307 -
27 274 4491 + 5 132455 136674 -
32 367 5015 + 1 9343412 9348047 -
34 332 4969 + 5 760583 764694 -
37 362 2916 + 5 5706916 5709471 +
41 20807 49582 + 1 33945 62877 +
41 49790 88513 + 1 89078 105982 +
41 100353 193095 + 1 106217 199328 +
41 193713 251772 + 1 208918 264908 +
41 268633 305645 + 1 289027 327659 +
41 307050 311663 + 1 328657 331135 -
41 311821 431373 + 1 332254 451764 +
41 432063 441606 + 1 453713 462315 -
41 441814 445206 + 1 463535 467033 +
41 446647 457314 + 1 467441 478295 -
41 458664 644683 + 1 484200 669710 +
41 645226 819287 + 1 696868 872379 +
41 819349 1108386 + 1 924895 1219286 +
41 1160191 1212507 + 1 1283592 1336791 +
41 1212735 1599845 + 1 1349743 1735218 +
41 1633672 1957748 + 1 1735772 2055827 +
41 1959576 2101445 + 1 8829808 8973649 +
41 2101701 2103579 + 1 3750559 3752436 -
41 2114987 2122830 + 1 1221156 1228307 -
41 2129351 2135426 + 1 5743624 5749650 +
41 2146249 2148223 + 1 8973686 8975942 +
41 2148546 2529442 + 1 7253850 7626168 -
41 2567799 2701192 + 1 7125256 7253751 -
41 2740634 2815310 + 1 7052022 7125209 -
41 2847843 2925533 + 1 6994197 7051837 -
41 2943909 3015786 + 1 6927662 6993865 -
41 3035361 3115878 + 1 6842514 6927660 -
41 3139414 3520485 + 1 6458745 6842431 -
41 3522907 3613589 + 1 6262756 6383582 -
41 3613757 3640920 + 1 6222961 6249523 -
41 3662287 3668930 + 1 6447694 6454300 +
41 3670357 3914689 + 1 5977818 6222821 -
41 3922043 4043114 + 1 5814091 5977663 -
41 4093784 4098037 + 1 4162593 4166840 +
41 4098078 4125596 + 1 5773138 5800702 -
41 4125712 4145186 + 1 5715443 5734863 -
41 4180447 4284964 + 1 5611673 5715403 -
41 4291827 4294214 + 1 9718903 9721291 -
41 4334516 4432087 + 1 5498198 5611616 -
41 4432122 4513081 + 1 5402122 5482239 -
41 4567851 5041334 + 1 4837307 5317521 -
41 5170758 5172633 + 1 3968248 3970114 +
41 5172640 5409409 + 1 4500678 4738435 -
41 5432378 5702933 + 1 4195359 4500618 -
41 5783079 5784403 + 1 4095893 4097378 -
41 5806708 5808535 + 1 3787413 3788821 -
41 5853172 5856648 + 1 4005179 4009591 -
41 5885064 5906260 + 1 3972720 4005041 -
41 5942928 5946553 + 1 3835870 3839509 -
41 5951298 5954400 + 1 3747217 3748903 -
41 5964902 5969878 + 1 3644491 3649540 +
41 6134222 6139334 + 1 3728578 3734741 -
41 6139367 6150496 + 1 3707562 3715870 -
41 6167519 6183873 + 1 3664315 3679991 -
41 6184002 6187331 + 1 3638139 3641424 -
41 6188212 6217308 + 1 3565916 3595638 -
41 6217369 6275702 + 1 3495481 3553379 -
41 6275723 6363574 + 1 3390045 3476692 -
41 6378241 6712233 + 1 3055758 3389768 -
41 6714033 6721198 + 1 672907 680095 -
41 6733113 7431081 + 1 2404516 3055720 -
41 7470400 7698502 + 1 2056147 2273346 -
41 7718703 7748320 + 1 8801011 8829017 -
41 7795154 7871790 + 1 8713510 8789035 -
41 7893973 8056791 + 1 8558483 8713440 -
41 8063420 8065488 + 1 3788995 3791287 -
41 8069286 8079777 + 1 3653811 3663906 -
41 8089923 8094453 + 1 890945 895479 +
41 8109991 8197622 + 1 8475069 8558467 -
41 8211984 8216567 + 1 5737578 5742099 -
41 8217181 8220775 + 1 3944441 3947982 +
41 8233459 8239786 + 1 3558912 3564642 -
41 8246096 8423117 + 1 8297524 8474775 -
41 8424436 8442125 + 1 878281 888543 +
41 8445476 8461383 + 1 8267156 8297108 -
41 8462275 8725398 + 1 7966883 8227155 -
41 8731356 8736612 + 1 3766879 3772133 +
41 8736886 8755431 + 1 5318723 5335117 +
41 8763677 8767873 + 1 5335131 5339835 +
41 8782475 9024923 + 1 7718112 7958434 -
41 9121431 9186623 + 1 8976439 9050050 -
41 9187226 9239395 + 1 9050524 9103775 +
41 9240840 9249450 + 1 9105448 9114150 -
41 9251389 9287114 + 1 9115784 9151985 +
41 9289192 9338381 + 1 9175146 9224532 -
41 9338457 9347532 + 1 9154275 9163583 -
41 9350535 9390557 + 1 9225982 9266751 +
41 9491273 9516971 + 1 9266926 9343032 +
41 9521617 9737619 + 1 9348183 9599414 +
41 9756066 9791993 + 1 9599488 9635634 +
41 9794166 9802531 + 1 9742860 9751822 +
41 9813297 9864660 + 1 9635643 9685971 +
41 9889063 9905978 + 1 9685999 9706570 +
41 9906302 9914728 + 1 9758504 9767033 +
41 88865 91056 + 7 1342663 1344001 -
41 2561579 2566818 + 7 898410 902515 -
41 2710942 2715229 + 7 2921124 2925414 +
41 2820220 2828677 + 7 890750 893195 -
41 5156438 5158307 + 7 3417390 3419260 +
41 5410741 5428164 + 7 2524685 2533088 +
41 5834726 5849361 + 7 138588 152076 +
41 5916274 5919271 + 7 2078422 2081421 +
41 5923972 5929205 + 7 2421819 2427079 -
41 5986867 5990963 + 7 2285479 2291349 -
41 7885895 7892490 + 7 2152688 2159283 -
41 8079892 8084179 + 7 2495837 2501266 -
41 9879519 9884449 + 7 1328772 1333702 -
41 1602069 1609069 + 4 1913012 1919961 -
41 2124330 2127847 + 4 2609987 2613517 -
41 2932328 2938372 + 4 5312831 5318845 -
41 3025903 3034863 + 4 911513 920248 +
41 4055366 4061096 + 4 1454594 1459619 -
41 4067717 4073830 + 4 4034716 4042870 +
41 4320167 4327961 + 4 1077361 1085120 -
41 5796720 5798610 + 4 1156552 1158509 +
41 5920720 5923957 + 4 959330 962495 +
41 6018373 6028987 + 4 895050 905733 -
41 6055538 6056831 + 4 1058166 1059816 +
41 6075755 6081619 + 4 877137 883113 +
41 6094937 6103140 + 4 5986863 5993273 -
41 6158847 6165866 + 4 5239820 5246817 -
41 7704921 7716290 + 4 1889920 1901260 -
41 7762094 7766688 + 4 4637800 4640203 +
41 8229371 8232995 + 4 1924271 1927590 -
41 9737653 9755631 + 4 37123 47152 -
41 3129555 3131473 + 5 3915223 3917119 -
41 5151597 5156019 + 5 5692368 5696742 -
41 5771850 5782119 + 5 496412 506677 -
41 5808637 5812828 + 5 1004347 1008541 +
41 5814700 5827589 + 5 931827 948279 +
41 5978385 5979625 + 5 900052 901288 -
41 6008594 6011741 + 5 4450407 4453632 +
41 6012739 6015866 + 5 1128271 1131409 -
41 6043276 6051437 + 5 1117787 1127411 +
41 6051455 6053028 + 5 992034 993584 -
41 6104085 6110207 + 5 1175615 1181741 -
41 6364990 6372349 + 5 5669740 5685491 -
41 7749428 7754623 + 5 6007250 6012441 -
41 7756060 7759983 + 5 1197995 1201887 -
41 7790052 7793385 + 5 4055206 4062892 +
41 8244628 8245990 + 5 9346 10722 -
41 8755593 8758691 + 5 1186028 1189137 +
41 8761059 8763676 + 5 1205478 1208103 +
41 2531747 2540072 + 2 1213753 1221977 -
41 2543172 2547082 + 2 2119536 2123666 +
41 5970623 5976584 + 2 3915039 3920371 -
41 6039418 6042781 + 2 1071116 1074482 -
41 7699958 7701539 + 2 140222 141810 -
41 7760252 7762093 + 2 2906238 2908152 -
41 8065953 8068962 + 2 1253643 1256650 -
41 9024959 9029226 + 2 1016463 1020707 +
41 2723687 2729164 + 3 896100 902039 -
41 2837792 2839029 + 3 800961 802333 -
41 2842692 2845674 + 3 902516 905500 +
41 4065919 4067399 + 3 2887691 2888871 -
41 5813392 5814670 + 3 920200 921476 -
41 5829128 5832218 + 3 757348 760424 +
41 5870310 5877182 + 3 319999 326807 -
41 6082237 6085276 + 3 831646 834673 -
41 8209463 8210498 + 3 437405 438422 +
41 8725656 8729045 + 3 2431488 2434897 +
41 9467551 9479264 + 3 86066 98103 +
41 91081 97515 + 6 1813164 1819650 -
41 1625534 1632482 + 6 3051824 3058689 +
41 3649528 3655559 + 6 1891405 1897452 -
41 3915111 3921444 + 6 2802192 2808515 +
41 4075194 4076319 + 6 3418722 3420292 +
41 4162546 4164563 + 6 2794343 2796352 +
41 4306638 4318577 + 6 3507495 3518566 +
41 5860364 5864240 + 6 3001156 3004393 -
41 5999786 6003104 + 6 2904345 2905785 +
41 6062032 6065229 + 6 4163150 4166368 -
41 6065714 6071262 + 6 2695173 2699916 +
41 6721211 6729859 + 6 1331865 1339158 -
41 7786963 7789543 + 6 3630984 3633552 +
41 7793403 7795114 + 6 3643785 3645766 +
41 7872233 7878520 + 6 2784897 2791181 +
41 2541028 2542123 + 13 10929 12494 +
41 1619850 1622240 + 10 67372 69762 -
41 6119034 6121615 + 10 29233 31819 +
41 8099353 8106681 + 10 31847 39239 +
41 8222013 8228249 + 10 117561 123897 -
43 422 4038 + 4 1197221 1200901 -
48 472 3019 + 1 2324428 2326972 +
50 502 4157 + 3 70296 73996 -
52 528 3923 + 2 822911 826633 -
56 602 3438 + 5 3610793 3613681 -
57 757 2357 + 2 2151991 2153582 +
58 635 3243 + 5 3043803 3046117 -
59 1597 2950 + 4 5606892 5608100 +
61 602 3323 + 3 1798673 1801679 -
62 765 3374 + 4 1465172 1467801 +
63 705 3130 + 5 3614211 3616686 -
65 731 3009 + 4 5149032 5151273 -
68 674 2326 + 5 4447508 4449263 -
72 1658 2944 + 2 1106670 1107957 -
75 742 2739 + 3 4081977 4084135 +
76 1133 2677 + 5 4459138 4460663 +
77 827 2362 + 4 2678750 2680298 -
78 963 2172 + 4 2041957 2043178 -
