1 1166324 1332614 + 4 2108400 2119436 +
1 286368 1161898 + 7 527128 4224673 +
1 2587756 2603437 + 1 598263 617120 +
1 1452506 2478543 + 6 1398234 3147083 +
1 2712346 2715504 + 6 3687141 3690213 -
2 1075320 1228762 + 1 1234324 1250801 +
2 83039 85996 + 2 3426451 3429787 -
2 168829 328670 + 2 80298 239775 -
2 382548 384589 + 2 713516 715579 +
2 409024 428770 + 2 553548 641134 +
2 445202 475524 + 4 5651144 5798927 +
2 1405959 1740883 + 5 572165 644792 +
3 131702 140704 + 1 5464609 5475665 +
3 263797 1960363 + 3 1358206 5150531 +
4 402017 1990176 + 5 724041 3644854 +
5 237800 1263898 + 4 2265306 4743035 -
5 1444979 1446981 + 4 5064922 5066744 +
5 1848689 2096476 + 1 1753437 1899269 -
6 289520 1297004 + 1 8971721 9076558 +
6 1374425 1500986 + 1 23867 118232 -
7 778196 779341 + 1 1574794 1575937 -
8 882 6264 + 8 93522 98945 +
8 365373 1146456 + 5 408900 539440 -
8 206550 209208 + 4 4968156 4970838 +
8 93101 95762 + 3 999037 1001644 -
9 119061 120716 + 1 7530466 7531902 -
9 162345 209734 + 1 856508 1001272 -
9 375993 469750 + 1 8466444 8614104 -
9 535691 657333 + 9 117656 130868 -
10 418675 419915 + 2 3748880 3750153 -
10 23373 38667 + 1 7949416 7966170 +
10 102814 110011 + 1 1127415 1135992 -
10 123333 129614 + 1 8034904 8041215 -
10 583344 590448 + 1 5584469 5592037 +
10 617153 1203687 + 1 2459946 5289468 -
11 523977 527444 + 2 3983044 3988128 -
12 331334 334706 + 1 9612 12986 -
12 906666 908414 + 1 6349522 6351450 +
13 1138317 1145698 + 6 618155 624589 +
13 734264 736888 + 1 7354263 7356887 +
13 857002 1018178 + 1 7152041 7244005 -
13 315418 490918 + 4 1578566 1768204 -
14 1037255 1038323 + 1 5946629 5947639 -
14 1160049 1161720 + 1 717131 718585 -
14 732450 738560 + 2 3964497 3971005 +
15 2011427 2014790 + 1 306574 309732 -
15 2297318 2301082 + 1 8945057 8949245 -
15 2553685 2618237 + 6 259536 407414 -
15 2663853 2679686 + 6 644676 878450 -
15 749080 753595 + 4 97404 1345936 +
16 354540 434313 + 3 178971 516075 +
16 575472 630860 + 1 9521742 9525945 +
17 701712 711356 + 5 5329375 5341365 -
17 54917 122679 + 1 556730 562618 -
17 519100 533182 + 1 522404 541200 +
19 290250 987261 + 5 5523532 6403273 +
19 1021854 1079279 + 5 4077113 4172994 -
20 86668 89233 + 1 8450899 8453307 +
20 120670 123625 + 2 2874866 2877939 +
20 303833 306129 + 2 2892921 2895217 -
21 67954 258986 + 2 1011536 2583829 -
22 452521 453819 + 5 4184500 4185708 -
23 325957 382904 + 3 1172383 1234387 +
24 57729 363579 + 5 4872989 4977150 +
24 364373 365977 + 5 4986730 4988280 -
28 30499 276566 + 5 3815423 3899794 -
29 124610 136281 + 1 7564540 7578224 +
30 170713 178484 + 2 3507156 3515633 -
32 127649 261082 + 5 4604854 4650980 +
32 276548 280875 + 5 3660242 3664698 +
34 33699 119367 + 1 8202556 8354835 +
35 106416 110670 + 5 4735682 4739925 -
35 119011 120105 + 5 4747051 4748140 -
