1 117635 122012 + 6 3054346 3058644 -
1 243171 269976 + 1 6320479 6329488 -
1 593 13257 + 3 1346170 1361887 -
1 14461 105963 + 3 1296088 1338959 -
1 136160 157247 + 3 1274324 1295802 -
1 158113 243106 + 3 1165220 1251953 -
1 272544 381787 + 3 1062771 1164735 -
1 381814 457627 + 3 965951 1041576 -
1 133788 134798 + 7 2146295 2147301 -
2 598 75739 + 6 2607320 2644380 +
2 75907 100718 + 6 2651842 2676669 +
2 100993 104253 + 6 2700083 2702947 +
2 123192 136258 + 6 2703270 2716818 +
2 194230 206703 + 6 2717860 2733379 +
2 219781 223055 + 6 2735020 2738306 +
2 264312 272717 + 6 2738639 2747083 +
2 363282 367745 + 6 2756276 2760962 +
2 658926 661788 + 6 3038607 3041472 +
2 694488 695602 + 6 1190018 1191132 -
2 117513 121545 + 3 884708 888772 -
2 235687 240834 + 3 888978 894144 -
2 186999 189961 + 2 1306815 1309773 +
2 243423 245098 + 2 3313312 3314818 -
2 457125 459033 + 2 3697778 3699723 +
2 696981 698409 + 2 3643359 3644809 +
2 208862 214127 + 4 1468505 1473752 +
2 157356 162931 + 1 911710 917328 +
2 296653 302136 + 1 3847741 3859187 +
2 460484 647414 + 1 7761423 7935084 +
2 664948 686689 + 1 7936742 7958671 +
2 227773 229282 + 10 79608 81121 +
3 1476 15281 + 5 1529268 1543872 -
3 46768 49748 + 5 1525923 1528928 -
3 50155 57103 + 5 1592639 1599525 +
3 57352 63755 + 5 2416618 2422750 +
3 64525 81500 + 5 1600958 1617742 +
3 174983 233983 + 5 1618281 1679469 +
3 234381 249264 + 5 1682030 1708470 -
3 251762 297932 + 5 1708833 1752461 +
3 298789 336121 + 5 1768081 1804866 +
3 356537 366034 + 5 1806079 1816093 +
3 44945 46466 + 7 2446736 2448250 -
3 91347 93542 + 7 2808579 2810783 +
3 134136 136350 + 7 2443497 2445749 +
3 16017 18514 + 2 1358046 1360553 -
3 142568 148591 + 2 874286 880351 -
3 353276 356014 + 2 1440211 1442911 +
3 338586 341333 + 6 2792010 2795411 +
3 156358 159685 + 10 60690 64011 -
4 32 71401 + 5 5545032 5616063 -
4 76013 250467 + 5 5420855 5539108 -
4 250836 289304 + 5 5367236 5406512 -
4 72807 74518 + 4 4990392 4991998 -
5 42 36295 + 6 1705006 1742542 +
5 59554 77590 + 6 1776975 1795051 +
5 77593 96852 + 6 1823773 1842206 +
5 98103 133891 + 6 1851460 1887978 +
5 134437 199192 + 6 1910926 1977141 +
5 200353 209739 + 6 1977709 1987029 -
5 210812 254622 + 6 1989296 2032929 +
5 274591 371078 + 6 2033350 2129412 +
5 258195 259265 + 7 892130 893191 -
5 36475 40075 + 5 1428879 1432458 +
5 267053 269409 + 2 2160642 2163027 +
6 1265 108181 + 2 765788 873963 +
6 108578 171837 + 2 883028 947729 +
6 187542 261512 + 2 947939 1015853 +
6 266256 282618 + 2 1020959 1037287 +
6 174870 179783 + 3 357828 362738 +
6 261682 265761 + 1 3476716 3495484 -
7 87 39508 + 4 4215465 4250023 +
7 40021 129017 + 4 4301833 4394592 +
7 171258 282383 + 4 4396842 4523306 +
7 162886 166116 + 7 2267256 2270485 -
7 166281 167639 + 10 70524 71867 -
8 1566 271569 + 3 3639086 3914700 +
8 273368 275329 + 5 4785180 4787154 +
9 269251 293547 + 4 4011017 4029028 +
9 18956 89357 + 1 4883309 4955362 -
9 89654 268683 + 1 4698774 4878615 -
10 349 224310 + 4 1576402 1788862 +
10 237978 244649 + 4 3744717 3751331 -
10 249893 303004 + 4 1789060 1841400 +
10 247086 249721 + 2 1989362 1991587 -
10 224401 226164 + 5 3907179 3908943 +
11 7910 252600 + 4 2752037 2973338 -
11 577 4819 + 3 5045941 5050139 +
12 313 248853 + 3 1362884 1589868 -
13 818 28056 + 6 322272 350175 +
13 29668 143752 + 6 100091 226428 -
13 145423 238862 + 6 1405 94911 -
14 31164 36143 + 1 3580685 3585637 +
14 46551 57503 + 1 3586611 3594245 +
14 97382 99351 + 1 3638438 3640409 +
14 100532 153284 + 1 63875 72146 -
14 172225 181096 + 1 3664328 3672584 +
14 262173 268815 + 1 3673475 3679771 +
14 308224 310636 + 1 3940049 3941975 -
14 315599 324806 + 1 3708685 3732128 +
14 159504 160949 + 6 2843450 2844893 +
14 10408 12636 + 4 1461975 1464154 +
14 404983 407851 + 2 1335232 1338178 +
14 38753 43014 + 7 2431848 2436106 +
14 274223 279040 + 7 4237930 4242741 +
14 370555 374694 + 7 2373557 2377684 +
14 63577 65651 + 5 3437588 3439410 -
14 192472 195291 + 5 5999978 6002803 -
14 229677 233053 + 5 916176 919571 -
14 375268 378010 + 5 1093805 1096530 +
14 216741 223633 + 3 916742 923646 -
14 243673 251195 + 3 940898 947513 -
14 363952 365912 + 3 701696 703662 +
14 398524 402909 + 3 927241 931638 -
15 309 107132 + 5 4290019 4386268 -
15 151794 257809 + 5 4171180 4289866 -
15 258226 333491 + 5 4097611 4159664 -
15 116376 119696 + 3 705124 707111 -
16 78503 223871 + 5 3610393 3758765 -
17 836 29423 + 1 9650033 9679851 -
17 29827 46627 + 1 9463950 9481595 +
17 46916 175157 + 1 9515413 9648853 +
17 178267 213593 + 1 9425475 9461109 -
17 217013 223249 + 1 9392628 9398894 +
18 94838 100665 + 1 5482595 5490831 +
18 557 2992 + 7 1037153 1039570 +
18 3644 41445 + 7 1079347 1117351 +
18 41782 94227 + 7 1149844 1203378 +
18 101855 171460 + 7 1204567 1267707 +
18 172137 215950 + 7 1285627 1318452 +
18 217001 220650 + 7 1344926 1348892 +
19 247 23634 + 3 4937392 4960714 -
19 46019 94517 + 3 4888872 4936913 -
19 95440 104163 + 3 4961774 4970032 +
19 104796 107627 + 3 4971821 4974891 -
19 110006 196348 + 3 4975926 5045917 +
19 196352 205191 + 3 5050236 5059279 +
19 38163 43953 + 6 1813599 1819477 -
20 1720 19508 + 1 1478 12993 -
20 26969 36103 + 1 53430 62877 -
20 71301 78870 + 1 45568 53281 -
20 96754 99857 + 1 9697611 9700749 +
20 100040 161791 + 1 91452 152242 +
20 170501 184861 + 1 3612767 3622994 -
20 203563 218161 + 1 152675 166860 +
20 61189 67183 + 4 4291431 4297440 -
21 252 87152 + 1 7406451 7499885 +
21 117916 124373 + 1 7500995 7506414 +
21 124906 132781 + 1 7511405 7519088 +
21 133528 144081 + 1 3553639 3565867 +
21 144154 218149 + 1 7519542 7595311 +
21 89608 91274 + 3 2194140 2195818 +
22 239 135818 + 1 1360331 1498937 +
22 138016 139258 + 1 1500961 1502319 -
22 139715 217293 + 1 1502719 1583188 +
23 222 210453 + 3 3263522 3475476 -
24 628 82672 + 4 3486731 3561591 -
24 102342 103562 + 4 4642928 4644145 +
24 143906 213982 + 4 3413845 3485955 -
25 242 180202 + 1 2595017 2776735 +
25 197697 199155 + 1 6408787 6410246 -
25 202706 204611 + 1 2777019 2778875 +
25 190933 194650 + 2 4471369 4475061 +
26 361 195416 + 6 2454398 2562947 +
26 195491 203674 + 3 2881201 2889984 +
27 122633 123763 + 3 699601 700730 -
27 91257 95656 + 5 4057943 4062395 +
27 364 13285 + 2 3777599 3790546 -
27 16457 21523 + 2 4037941 4044356 -
27 22614 25413 + 2 4048239 4051094 +
27 27173 36997 + 2 4053621 4064333 -
27 38687 57803 + 2 4065983 4085056 -
27 64145 67817 + 2 4086564 4090334 +
27 96801 102822 + 2 4090492 4097088 +
27 106676 115981 + 2 4123368 4132911 +
27 124793 133393 + 2 4135696 4151191 +
27 138627 152214 + 2 4159137 4174173 -
27 153408 157267 + 2 4205490 4212823 -
27 158657 161122 + 2 1343462 1345952 -
27 173955 203640 + 2 4176797 4204559 -
27 205722 300504 + 2 4214227 4241084 +
27 303389 329619 + 2 4262937 4288801 +
27 117926 121522 + 6 269298 272972 +
28 134632 139196 + 1 3765806 3770135 +
28 277069 307643 + 1 5880442 5911838 -
28 213018 217128 + 7 260513 264052 -
28 309340 315173 + 5 5674185 5679997 +
28 272930 277003 + 3 4528172 4532218 -
28 6697 20566 + 2 1734495 1748958 -
28 21000 121427 + 2 1617487 1720319 -
28 122373 123532 + 2 4260580 4261746 -
28 148779 198485 + 2 1564410 1615984 -
29 832 9840 + 7 3440748 3453831 -
29 114711 147983 + 7 3375345 3405859 -
29 148758 198253 + 7 3317187 3367105 -
29 51597 54655 + 4 122861 125895 +
29 14512 20011 + 5 1121411 1127413 -
29 102122 107466 + 2 1168175 1177197 +
29 68973 70627 + 3 374904 376554 -
30 1425 79341 + 4 2155458 2232134 +
30 131020 181160 + 4 2233186 2271701 +
30 198170 215088 + 4 2976470 2986955 -
30 216778 218185 + 4 5035143 5036547 -
30 122113 123369 + 3 762043 763311 +
30 90488 95751 + 1 6434053 6439301 +
31 355 94037 + 7 3938668 4011179 +
31 95686 100568 + 7 4016027 4020934 -
31 101829 125344 + 7 4021339 4044965 +
31 133410 148294 + 7 4046753 4060072 -
31 148992 195026 + 7 4061536 4100361 +
32 8974 134222 + 1 4544045 4670358 -
32 134411 226979 + 1 4441953 4531184 -
33 798 27502 + 5 554074 579542 +
33 29050 131630 + 5 615884 694427 +
33 133021 159063 + 5 695992 722464 -
33 160325 177853 + 5 723647 741975 +
34 2242 21525 + 6 1460816 1481932 -
34 36532 37694 + 6 1845983 1850566 +
34 38400 62665 + 6 1435905 1460424 -
34 91098 151213 + 6 1373691 1435542 -
34 152623 184860 + 6 1340047 1372621 +
34 23780 25743 + 3 809160 811112 -
34 27303 28574 + 2 4242190 4243423 +
34 62879 64104 + 4 2336547 2338186 +
34 88768 90774 + 4 4031619 4033622 -
35 510 55656 + 2 3015982 3072035 +
35 62245 184193 + 2 3072095 3195271 +
35 56383 62103 + 3 3556581 3560083 +
36 896 17010 + 1 6202711 6218616 +
36 22033 43142 + 1 6219069 6240709 +
36 96004 104607 + 1 6240904 6249523 +
36 104678 114639 + 1 6262649 6271120 +
36 18332 21361 + 6 557665 560661 +
36 57176 58644 + 7 2234861 2236342 -
36 175776 178501 + 2 1160062 1163276 +
37 89744 94009 + 6 1891102 1895361 +
37 759 76645 + 2 1749549 1817149 +
37 100251 113515 + 2 1818568 1832049 +
37 157295 185093 + 2 1837228 1868234 +
37 114482 115690 + 1 5958080 5959284 +
37 139324 141448 + 1 6315250 6317372 +
37 142616 144649 + 1 3949997 3952026 +
38 55910 61762 + 7 2279176 2285118 +
38 22984 45726 + 6 3135907 3158817 +
38 74276 119406 + 6 3159104 3205216 +
38 120944 184800 + 6 3272265 3318323 -
38 61879 64794 + 1 3759762 3762746 +
39 612 16060 + 1 5089517 5106527 -
39 38481 41188 + 1 8240193 8242907 +
39 122251 224443 + 1 5011077 5088888 -
39 224967 277436 + 1 4955737 5006458 -
39 71529 72756 + 2 4353736 4354963 +
39 16644 19450 + 4 2048269 2051055 -
39 83575 86617 + 7 1336410 1339461 +
39 57398 61839 + 3 855092 859532 -
39 106722 120863 + 6 3508024 3514779 -
40 43039 49130 + 7 2090434 2100870 +
40 73055 80627 + 7 2404027 2409870 +
40 612 8518 + 1 5167249 5175205 +
40 141174 148542 + 1 4022065 4031529 +
40 155640 190271 + 1 5176183 5208801 +
40 88455 90574 + 6 3020548 3021914 +
40 102823 107094 + 6 2902235 2909509 +
40 113235 116531 + 6 2775358 2778612 -
41 1658 5726 + 7 314363 318561 -
41 6184 11087 + 7 306428 311985 +
41 11186 12622 + 7 312556 314047 -
41 13483 54960 + 7 1390921 1433805 +
41 55246 179921 + 7 1444974 1571504 +
42 1996 36438 + 5 6021969 6052278 -
42 36612 57993 + 5 5951846 5980692 -
42 137640 166374 + 5 5917098 5951719 -
42 167340 179157 + 5 5878989 5891209 -
42 128200 133469 + 2 3650065 3653453 +
43 40474 55687 + 5 6005329 6012439 +
43 550 40084 + 1 422880 442244 +
43 63924 76878 + 1 444457 466968 +
43 78556 102185 + 1 467505 478199 -
43 102739 111286 + 1 479869 488946 -
43 114995 157772 + 1 491924 505564 -
43 160379 178082 + 1 527545 546707 -
43 55816 60432 + 3 61894 66483 +
44 1250 21362 + 1 6980925 7006601 +
44 60258 62803 + 1 3976510 3979053 +
44 67100 73940 + 1 7007544 7014048 +
44 104134 260402 + 1 7015515 7106506 +
44 285712 292928 + 1 8250458 8265590 +
44 97678 98714 + 3 303793 305182 -
44 273544 278341 + 10 34203 38982 -
44 51116 52197 + 11 29430 30520 -
45 9542 54997 + 6 1539482 1585012 +
45 55503 57303 + 6 3631061 3632892 +
45 92205 176101 + 6 1585555 1672229 +
45 88003 89699 + 4 5310659 5312315 +
46 185721 189325 + 6 2960842 2964462 +
46 36794 81119 + 7 2110366 2128488 -
46 147190 151809 + 7 2105345 2109942 -
46 172361 173463 + 7 2427092 2428194 -
46 189328 192842 + 7 2309544 2312806 -
46 237569 298809 + 7 2010976 2076037 -
46 218169 219368 + 2 1106760 1107957 +
46 25186 32176 + 4 2351727 2358801 +
46 84267 91526 + 4 896125 903631 +
46 101817 103742 + 1 3755584 3757498 +
46 145337 146789 + 1 4542402 4543848 +
47 464 19907 + 3 4600050 4619949 -
47 52474 55698 + 3 4596629 4599934 -
47 57149 91745 + 3 4622429 4660798 +
47 93976 128694 + 3 4687901 4723715 -
47 144526 163160 + 3 4663851 4682563 -
47 164731 168724 + 3 4724195 4728193 +
47 130685 132203 + 1 5007253 5008769 -
47 41880 45699 + 6 4189307 4193103 -
48 968 41242 + 5 4817332 4857197 +
48 41798 112393 + 5 5238075 5297960 -
48 142249 275234 + 5 5102349 5216507 -
49 561 168145 + 4 4678754 4854718 +
50 996 140320 + 5 3220466 3353301 +
51 1385 34181 + 2 615882 651727 +
51 49999 54621 + 2 689318 693998 -
51 56203 85805 + 2 653871 684073 -
51 87175 162346 + 2 694881 764430 +
51 41881 44025 + 3 772330 774465 +
52 111044 115224 + 2 4246969 4251150 +
52 682 99488 + 4 3231892 3329079 -
52 146333 252123 + 4 3126645 3231294 -
53 861 126797 + 1 4214987 4295365 -
53 136199 137674 + 1 4092817 4094291 +
54 119293 122663 + 2 684847 688231 -
54 569 53815 + 6 3434652 3487825 +
54 56322 67417 + 6 3494077 3506749 +
54 68480 118359 + 6 3538196 3550460 +
54 123053 161212 + 6 3551849 3591014 +
55 15311 160915 + 1 1764548 1913197 -
55 8104 11549 + 4 5317573 5321016 +
56 40114 41679 + 1 4007915 4009479 +
56 54346 56891 + 1 3836212 3839833 +
56 90954 116827 + 1 4096098 4116749 +
56 149125 160425 + 1 4117455 4128987 +
56 128382 130098 + 6 3635481 3637191 +
56 59515 60602 + 2 4259461 4260538 -
56 20712 25482 + 7 2180365 2185146 -
56 62417 66504 + 7 2420168 2424249 +
57 4932 9773 + 1 3898347 3903184 +
57 16513 17905 + 1 4337798 4339187 -
57 19659 54894 + 5 3932239 3967456 -
57 55393 150474 + 5 3846596 3906839 -
58 1009 137810 + 5 1247746 1382777 +
58 139000 142936 + 5 1038388 1042315 -
58 144113 158388 + 5 1383352 1397255 +
59 1330 32749 + 4 3848881 3879973 -
59 90775 105904 + 4 3832049 3847901 -
59 143774 147068 + 7 1437778 1439769 -
59 107730 110846 + 1 3965730 3968891 +
59 126538 131182 + 1 6403367 6408002 +
59 43773 49380 + 6 382061 387834 +
60 67008 223529 + 5 2151747 2317833 +
60 1321 66229 + 3 2770272 2847428 -
61 602 154823 + 1 6039528 6190102 -
61 156541 162956 + 6 1115933 1122573 -
62 744 103096 + 2 1443169 1550716 -
62 112409 153542 + 2 1387663 1436910 -
63 12983 14340 + 2 3318354 3319742 +
63 838 12218 + 7 1686952 1699296 -
63 27168 152576 + 7 1573934 1686771 -
63 25599 27165 + 6 503960 505526 +
63 14825 21491 + 5 496455 503116 +
64 1100 28519 + 1 6271260 6298223 +
64 29659 120247 + 1 6330293 6383158 +
64 124528 134097 + 1 6460361 6469942 +
64 134200 152785 + 1 6474471 6491970 +
65 2483 7632 + 1 16262 21078 +
65 7847 17993 + 1 34065 44558 +
65 19060 71543 + 1 193414 252463 +
65 90696 96674 + 1 3649813 3663908 +
65 101438 107467 + 1 254009 261632 +
65 114060 147159 + 1 289075 324535 +
65 179537 183081 + 1 324928 328441 +
65 186357 187920 + 1 328822 331353 -
65 188105 210696 + 1 332250 356108 +
65 84653 87057 + 2 3895696 3898118 -
65 150165 152954 + 4 1476350 1479067 -
66 1381 118512 + 1 8574664 8698915 -
66 137051 146755 + 1 8564768 8574587 -
66 133637 134879 + 4 5246818 5248076 +
67 1360 123200 + 5 4859677 4984388 -
67 125004 146496 + 5 5298222 5320284 +
68 47036 50315 + 7 2166414 2169765 -
68 855 36315 + 6 2322911 2357732 -
68 54184 143510 + 6 2224589 2319415 -
69 96295 97871 + 6 3491162 3492731 +
69 98376 107395 + 5 6055227 6062076 +
69 112437 138962 + 5 6081618 6116576 +
70 692 14074 + 2 95758 108106 +
70 14614 132858 + 2 147674 247983 +
70 134831 140903 + 2 261727 268411 -
71 4116 35357 + 4 141968 166332 -
71 36484 107020 + 4 47193 112991 -
71 107048 141789 + 4 1761 36732 -
72 886 128781 + 2 2769375 2902658 +
72 128857 246347 + 2 2921206 3015285 +
73 2064 135578 + 5 2810335 2913285 -
73 193276 199834 + 1 3055118 3062200 -
73 166898 169918 + 3 437414 440417 +
74 7355 11447 + 3 441366 445446 -
74 21974 28724 + 3 2208374 2215149 +
74 31693 67705 + 3 487380 511792 -
74 104907 134295 + 3 448583 474080 -
74 101509 104808 + 5 4159668 4170780 -
75 155806 158576 + 5 5984766 5987557 +
75 163151 164838 + 4 1158563 1160226 +
75 40681 106735 + 1 4356938 4410343 -
75 204098 208235 + 1 4033309 4036701 -
75 210987 235195 + 1 4296083 4314055 -
75 30013 31709 + 7 3407036 3408720 -
75 184366 189438 + 3 305806 310873 -
75 27340 29066 + 2 1284912 1286632 -
76 2498 72596 + 1 9031620 9103313 -
76 73868 90689 + 1 9013825 9030628 +
76 92621 134302 + 1 8960765 9010284 -
77 951 83789 + 1 5652591 5734863 +
77 83913 132127 + 1 5773140 5825448 +
78 1203 131011 + 5 2915401 3043116 -
79 28988 41229 + 3 575669 587983 +
79 56186 61876 + 3 5069962 5075697 +
79 67676 129450 + 3 588377 649589 +
79 51461 53335 + 1 4327663 4329582 -
79 43188 50232 + 2 3366994 3374100 -
79 53944 56087 + 2 3658160 3660137 +
80 6580 35148 + 3 228102 262334 -
80 38161 44486 + 3 276218 282831 +
80 53177 57335 + 3 283440 287792 -
80 69709 73831 + 3 296437 300831 +
80 76947 92452 + 3 329986 345509 +
80 99154 110252 + 3 383678 393015 +
80 95689 97229 + 2 1230209 1231746 +
80 115732 121673 + 5 6067431 6080726 -
81 901 39772 + 1 594107 628569 -
81 42144 65465 + 1 644515 668502 +
81 68046 128055 + 1 698217 757991 +
82 1300 105496 + 6 2129791 2222845 -
82 106430 110573 + 4 37420 41597 +
83 1000 125930 + 1 5217490 5365078 +
84 918 22210 + 2 2598113 2619774 -
84 22801 94637 + 2 2347736 2419469 -
84 130950 136531 + 4 4284181 4289701 -
85 1375 31388 + 3 5147603 5178382 -
85 31888 121035 + 3 5184762 5267245 +
85 121236 123040 + 3 5269767 5271622 -
86 902 121337 + 5 6353810 6426810 +
87 1090 47848 + 1 3254878 3297597 +
87 48852 62991 + 6 227042 241215 -
87 63613 70431 + 6 407091 414037 -
87 71193 83978 + 6 1192928 1206282 -
87 102172 149493 + 6 1124512 1171923 -
88 18369 84862 + 5 3447644 3513702 -
88 84874 121170 + 5 3396328 3432502 -
89 908 78378 + 6 3840059 3891811 +
89 79081 83028 + 6 3892062 3895921 -
89 85589 86718 + 6 2814031 2815172 -
89 111852 113156 + 6 3955274 3956532 -
90 21748 41344 + 6 4031184 4054564 +
90 43980 61952 + 6 3992473 4010822 -
90 63126 97370 + 6 3957243 3991266 +
90 98728 111736 + 6 3896325 3909645 +
91 997 40865 + 5 5616086 5655782 +
91 41342 43311 + 5 5697503 5699477 +
91 44504 112151 + 5 5714030 5782436 +
91 131321 164028 + 5 5782463 5815059 +
91 120699 124574 + 6 4200933 4204805 -
92 933 19557 + 3 1749777 1768987 -
92 19567 119121 + 3 1606008 1702557 -
93 1051 33313 + 5 132594 158489 -
93 36947 47387 + 5 165924 176682 +
93 47745 116924 + 5 196548 273070 +
94 2087 117859 + 3 2278434 2397965 -
95 1154 24624 + 2 3387674 3411252 -
95 24732 68746 + 2 3321351 3366458 -
95 68895 116331 + 2 3254044 3302839 -
96 1592 116677 + 1 8829947 8949289 -
97 10741 25434 + 1 2334893 2341992 -
97 27456 37359 + 4 5227921 5237111 +
97 54978 110662 + 4 5097160 5142183 +
98 40076 100542 + 5 3513712 3572843 +
99 13634 14987 + 7 1440638 1441985 +
99 112794 116768 + 1 9207994 9212420 -
100 1304 34415 + 4 3093220 3125760 -
100 37850 50628 + 4 2610204 2618920 +
100 59102 82306 + 4 3083303 3093125 -
100 83595 116030 + 4 3017104 3050503 -
101 34057 38458 + 4 5998128 6000224 +
101 7561 16254 + 5 3995913 4004635 +
101 16989 24179 + 5 4008134 4015276 -
101 50515 53774 + 5 3433593 3436849 -
101 78667 95741 + 5 4015911 4033458 +
101 108782 113224 + 5 903639 906060 +
102 24795 27823 + 1 6259529 6262551 -
102 42372 109914 + 1 8132926 8197774 -
102 110278 115694 + 1 8477546 8483009 +
102 1973 24036 + 4 2692170 2718137 +
102 29643 42236 + 4 2738860 2751841 +
103 1875 28775 + 1 5455399 5481172 +
103 29660 60396 + 1 5499435 5530031 +
103 60522 189118 + 1 5545369 5651722 +
104 19397 51263 + 4 5250518 5285215 -
104 55347 66113 + 4 5196357 5207745 -
104 66933 99165 + 4 5169139 5195295 +
104 113636 115505 + 4 5148854 5150719 +
105 70283 75114 + 5 1204720 1208103 -
105 24701 40193 + 7 2647206 2663049 +
105 112954 115384 + 7 2664159 2666456 +
105 44934 50288 + 2 1137163 1142516 -
105 57856 59143 + 3 961305 962597 -
105 88587 90436 + 3 2437988 2439876 -
105 2500 4132 + 10 53866 55496 -
105 83728 86936 + 10 1156 2963 -
105 92676 95551 + 1 3608272 3611160 -
105 7146 14046 + 6 2893532 2901479 -
106 1052 114810 + 7 1787022 1910719 +
107 97210 100322 + 6 2943374 2946271 -
107 26530 30300 + 2 1321289 1325011 +
107 13270 26529 + 4 983776 988856 +
107 51274 61915 + 4 1031102 1042082 +
107 105958 114528 + 4 866132 873824 -
107 68980 71170 + 5 1102955 1105160 -
107 6821 9826 + 17 162 3170 -
108 3169 109989 + 5 366310 464991 -
109 16883 18518 + 5 5709864 5711501 -
109 49392 54869 + 4 3595939 3601725 +
109 55440 112643 + 1 6809739 6867569 -
109 28077 39317 + 6 2688068 2698629 +
110 2504 113131 + 4 4523878 4589314 -
111 2634 112180 + 2 424965 504754 -
112 1330 132582 + 3 1783079 1918504 +
113 51493 55719 + 7 1067135 1071166 +
113 72530 86160 + 7 2556396 2569143 -
113 56967 59950 + 4 3067435 3070424 -
113 107360 110568 + 5 994061 997265 -
113 44433 46001 + 2 111472 113001 -
114 49467 91261 + 1 7958725 7999406 -
114 1146 14845 + 6 517591 531107 +
114 16812 48673 + 6 450122 487080 -
115 1301 3071 + 1 1165596 1167364 -
115 3224 7276 + 1 4878934 4882965 -
115 7548 21514 + 1 1151084 1165475 -
115 22059 26279 + 1 9733858 9738070 -
115 34544 120047 + 1 1063636 1150766 -
116 1153 71951 + 4 4103876 4167967 +
116 80626 109160 + 4 4180297 4210431 +
117 50268 54528 + 6 2644426 2648470 +
117 1162 49972 + 1 3166452 3214867 +
117 73999 109005 + 1 3215529 3250470 +
118 54345 64863 + 6 3000551 3016418 +
118 91485 93562 + 4 909437 911516 +
118 106145 109924 + 3 849015 853841 +
119 21333 25000 + 3 791634 795359 +
119 97902 100197 + 3 720148 722385 +
119 52390 57627 + 1 3865765 3870968 +
119 1427 6392 + 4 1088094 1092890 -
119 91811 96083 + 4 4263960 4268229 -
119 102570 107404 + 6 2786981 2791803 -
120 62622 66293 + 1 4044988 4048653 -
120 296527 300496 + 1 5530960 5532887 +
120 302112 305007 + 1 5737896 5740773 +
120 310230 317947 + 1 686731 691299 -
120 132565 136823 + 4 5212040 5216295 +
120 156629 160874 + 4 2020929 2022982 -
120 4702 22050 + 7 2240123 2248701 +
120 32234 36944 + 7 2136016 2140810 +
120 87150 111405 + 7 2483301 2494879 +
120 118814 122290 + 7 897035 907259 +
120 142752 146505 + 7 2507279 2511023 +
120 164017 271761 + 7 2569318 2646451 +
120 55394 59434 + 6 2820824 2824859 +
120 307574 308627 + 10 5070 6126 -
121 2692 26290 + 2 3578371 3602064 +
121 26944 99325 + 2 3713290 3747934 +
121 99848 105597 + 2 3760254 3765790 -
122 1358 105217 + 3 3914863 4002987 -
123 1314 106283 + 3 2495740 2602053 +
124 1886 106087 + 7 2963563 3068260 -
125 48777 51352 + 1 3701340 3703912 +
125 79208 85789 + 6 2795510 2801377 +
125 85895 87459 + 6 2810180 2811723 +
125 13163 14269 + 4 5883902 5885140 +
125 16310 19001 + 4 5886105 5888931 -
125 22631 41347 + 4 5828409 5846909 -
125 58132 70189 + 4 5814100 5828212 -
125 90979 106196 + 4 5797050 5812747 -
126 9160 43722 + 3 4749896 4789610 +
126 60208 76237 + 3 4795148 4811209 +
126 79365 83089 + 2 2916338 2920066 -
126 55669 58408 + 7 2323541 2326251 -
127 184570 187699 + 1 4316233 4319367 -
127 48243 49729 + 5 1765052 1766583 +
127 187766 189166 + 2 1018047 1019453 +
127 9174 44536 + 4 1486551 1500096 +
127 51175 54255 + 4 1500827 1502769 +
127 57866 61450 + 4 1167872 1171447 +
127 108217 162339 + 4 1505773 1559856 +
127 164026 167831 + 4 1128925 1132751 +
127 190471 204615 + 4 1559935 1574348 +
128 116 1261 + 4 1575015 1576184 +
128 11421 15865 + 7 1017065 1021509 +
128 2407 5534 + 1 9706707 9709848 +
128 16642 18587 + 1 9292876 9294825 +
128 41177 46332 + 1 3644491 3649742 +
128 28631 31112 + 2 4118708 4121196 +
128 73376 104598 + 2 2315662 2347564 -
129 1306 104819 + 1 2497675 2594302 +
130 1448 56006 + 2 2535926 2585029 +
130 89110 100600 + 2 2585658 2597457 +
130 67103 72614 + 4 5326200 5331611 -
130 85096 88959 + 4 952260 956140 +
131 42271 45388 + 7 1022009 1025173 +
131 2713 24753 + 5 1497733 1519911 +
131 26187 33748 + 5 1574858 1582407 +
131 54756 63462 + 5 1582842 1591631 +
131 73408 100481 + 5 1544689 1572500 -
132 1374 101179 + 5 2649646 2733718 +
133 1833 101355 + 7 3068852 3170655 +
134 1956 97359 + 1 8319349 8415924 +
135 1407 49268 + 7 208549 256254 +
135 50774 73158 + 7 264827 305550 -
135 74161 75771 + 7 257830 259450 -
135 76999 100898 + 3 1920314 1944335 -
136 206 1341 + 3 1919113 1920262 -
136 1611 8475 + 1 4129742 4136678 +
136 15056 46442 + 1 4136954 4162542 +
136 48591 72959 + 1 4196420 4212862 +
136 73236 74730 + 1 4531560 4533069 +
136 90706 92087 + 1 1337647 1339041 -
136 8730 14081 + 6 2913208 2918855 +
136 85662 90237 + 4 1924313 1928887 +
137 98340 100725 + 6 2767118 2769572 +
137 34689 53050 + 3 865851 874943 -
137 55874 57743 + 3 951614 953085 -
137 58151 59630 + 3 760431 761907 -
137 24792 29333 + 14 132 4688 +
138 1372 61420 + 3 3151496 3212258 +
139 1572 99126 + 1 7186132 7281949 +
140 7548 13429 + 1 5845495 5851523 -
140 14159 17347 + 4 329735 332285 -
140 17898 22008 + 4 201251 204992 +
140 41984 47162 + 4 2370579 2375736 -
140 50482 98712 + 4 205352 236924 +
141 62861 63981 + 5 1082434 1083553 -
141 68311 70517 + 5 1150254 1152747 -
141 29254 31262 + 6 3073577 3075631 +
141 79804 86757 + 4 927673 934854 +
141 44262 47476 + 3 757228 760424 -
142 14200 88783 + 1 1264412 1336615 +
142 92122 97095 + 1 1352962 1357550 +
143 1710 146022 + 4 2439419 2587870 -
144 2657 20946 + 5 6222309 6239943 -
144 26609 46039 + 5 6194639 6214624 +
144 50168 75609 + 5 6152823 6191646 -
144 76558 93730 + 5 6122952 6139871 -
145 45530 49606 + 7 2303223 2307312 -
145 52251 55148 + 7 2439211 2442102 +
145 21705 35989 + 1 3774762 3777775 -
145 40031 41978 + 1 3784207 3786134 -
145 50351 51539 + 6 3028876 3030882 -
146 8057 38529 + 7 2712968 2743555 +
146 92821 94912 + 7 2743833 2746067 +
146 84465 89323 + 5 967682 972539 +
146 39114 40221 + 6 97974 99072 -
146 81187 83549 + 6 4168122 4169939 +
147 40616 51100 + 2 3686929 3697258 +
147 61298 90960 + 2 1722113 1734288 +
147 1506 36515 + 5 3800417 3835791 +
147 91217 93996 + 5 3836162 3838986 +
148 2164 3193 + 3 4255563 4256568 -
148 3247 21678 + 3 42521 61571 +
148 22009 29503 + 3 78042 85542 +
148 35433 39525 + 3 803892 808026 +
148 52685 60930 + 3 86212 99122 -
148 61899 94014 + 3 99263 132650 +
149 1554 3416 + 3 4619976 4621834 +
149 4029 54112 + 3 4532489 4576266 -
149 54239 93321 + 3 4490213 4528044 -
150 2020 7194 + 7 467077 472636 -
150 7649 31434 + 7 477458 501987 +
150 32762 93623 + 7 526410 590268 +
151 4566 22251 + 1 3987081 4004671 -
151 56447 80216 + 5 1004299 1031523 -
152 1600 93292 + 5 1817495 1888912 -
153 242 1412 + 5 1816155 1817395 -
153 3114 93047 + 5 3128508 3218909 +
154 266 1373 + 5 3219210 3220325 +
154 31153 36017 + 5 923811 928666 -
154 2390 6292 + 3 33438 37337 -
154 7397 10643 + 3 29060 31779 +
155 2338 103726 + 7 909821 994280 -
155 108680 177374 + 7 833811 888406 -
156 182 1327 + 7 832362 833586 -
156 5478 10275 + 7 3369655 3374121 +
156 42020 46854 + 7 2454242 2459071 -
156 78307 89098 + 5 1105181 1107597 -
156 22990 24002 + 6 2875185 2878823 -
156 64859 67129 + 6 2973628 2975892 -
156 26948 28102 + 4 994179 995321 +
157 1563 8382 + 7 810997 813204 -
157 65543 91976 + 4 5889450 5940578 +
158 1573 85223 + 4 3651899 3714001 +
158 85740 175791 + 1 2137255 2222329 -
159 331 1355 + 1 2135969 2136977 -
159 4509 47296 + 6 3672205 3711741 -
159 48060 50098 + 6 3651241 3653335 -
159 51347 69159 + 6 3653866 3670968 +
159 70644 127438 + 6 3605211 3630132 -
160 64 1297 + 6 3603581 3604881 -
160 14202 91310 + 6 663947 731475 +
161 3261 85595 + 4 239208 306028 -
162 81053 83508 + 3 1042723 1045184 -
162 2166 4714 + 6 3320218 3322748 +
162 5362 47341 + 6 3322965 3369420 -
162 47619 77853 + 6 3370069 3400482 +
162 84044 89335 + 6 3400710 3406213 +
163 20422 89373 + 2 1915767 1985776 +
164 4852 7489 + 7 80387 83030 -
164 2246 4528 + 1 8825351 8827665 -
164 60830 172150 + 1 8720926 8825126 -
164 25902 30041 + 6 1185985 1189872 -
165 34247 42795 + 1 8227170 8235485 +
165 65907 67811 + 5 4033624 4035525 -
165 1724 32860 + 4 5761235 5792773 -
165 68591 88683 + 4 5738204 5758517 -
166 202 1478 + 4 5736894 5738158 -
166 2326 88744 + 3 2634202 2714262 -
167 7141 29117 + 5 4066127 4088519 +
167 29842 35348 + 5 5406804 5420499 -
167 35686 36847 + 5 4089359 4090500 +
167 38992 40524 + 5 1168745 1170407 +
167 86763 87813 + 5 4092519 4095734 +
167 83263 85978 + 10 57813 60559 +
168 7558 34096 + 7 83361 107789 -
168 34137 88631 + 7 28290 78964 -
169 2535 86616 + 1 1590608 1670015 +
170 196 1623 + 1 1671022 1672537 +
170 1908 64515 + 7 4127029 4191719 -
170 65852 85984 + 7 4200504 4232552 +
171 1756 87173 + 4 5577887 5666077 -
172 70145 74246 + 6 1809012 1813127 -
172 59438 64319 + 2 1240046 1256665 +
172 3695 42824 + 7 2511866 2555570 +
173 5886 28011 + 4 5285616 5308254 +
173 28323 119857 + 4 5332270 5430611 +
174 44 1616 + 4 5430680 5432096 +
174 55040 56947 + 1 2295111 2296994 -
174 68735 83932 + 6 1249112 1264944 +
174 20617 24262 + 7 3415059 3417288 +
174 29957 32458 + 7 2101408 2103937 -
175 42204 44319 + 1 2382650 2384764 -
175 45262 79505 + 1 8416488 8450516 +
175 81492 84062 + 1 5868911 5871296 +
175 21651 31058 + 3 1728177 1734533 -
176 1919 83801 + 7 2843488 2935311 -
177 80352 82202 + 7 2452343 2454217 +
177 48343 51309 + 4 5986167 5988878 -
177 30011 39859 + 2 1311290 1316157 +
177 4402 15870 + 3 1341108 1344426 +
177 56025 57531 + 3 346770 348530 +
177 68107 73240 + 3 2197092 2200807 -
178 60019 62121 + 7 2275275 2278340 -
178 78532 83153 + 3 678035 682894 -
179 172 1672 + 3 676428 677919 -
179 3762 5597 + 3 4848168 4850025 -
179 31409 112206 + 7 678805 762568 +
180 9051 15842 + 4 876356 883273 +
180 28649 31058 + 4 5220031 5222500 +
180 37740 43893 + 4 939202 945493 +
180 64025 67166 + 10 16613 19727 -
181 2053 82318 + 5 2461663 2519738 +
182 68079 142779 + 5 4585003 4660902 -
182 143149 146159 + 4 2388758 2391759 +
183 4020 12264 + 1 2362765 2368338 +
183 41531 42647 + 1 6424585 6425701 -
183 56841 70714 + 1 2368536 2381668 +
183 70867 80964 + 1 2404581 2414767 +
184 25 1704 + 1 2414791 2416475 +
184 1919 77153 + 3 3475562 3555433 +
184 77514 81422 + 3 3560160 3564086 +
185 15005 17683 + 3 710320 715686 -
185 64223 67767 + 1 4330460 4334057 +
185 77237 80153 + 1 6388335 6391284 -
186 12857 13928 + 1 3947099 3948176 -
186 53889 56947 + 1 3695079 3698133 +
186 42756 44296 + 6 4180023 4181539 -
186 34863 41812 + 7 2128931 2134860 +
187 2056 43762 + 2 3540857 3567489 -
187 45206 50630 + 2 390813 396195 -
187 50707 80187 + 2 3516122 3540211 -
188 62005 71415 + 6 534035 543612 -
188 73222 79244 + 6 488717 494400 +
188 27547 32075 + 1 4163055 4165422 -
188 53999 56728 + 1 3812716 3815444 -
189 77281 78812 + 4 3761790 3763322 +
189 58562 63255 + 7 517870 522555 -
189 3539 57042 + 5 2543412 2579650 -
189 79405 100015 + 5 2522638 2542832 -
190 1980 12373 + 1 7751077 7761175 -
190 38905 41393 + 1 2401322 2403062 +
190 74933 132668 + 1 7691112 7750799 -
190 13783 19085 + 2 4101100 4106397 +
190 61054 71750 + 4 4168460 4179151 +
191 1917 4055 + 2 1987088 1989233 +
191 4398 58118 + 2 2002054 2056719 +
191 58165 60957 + 5 5911405 5914185 +
192 2549 39959 + 4 401760 436245 +
192 46754 54294 + 4 455863 463532 -
192 57616 79222 + 4 480483 502722 -
193 3440 79090 + 1 3095416 3165413 +
194 1986 77908 + 6 913196 989113 -
195 30 1931 + 6 911242 913129 -
195 21450 49850 + 4 4871252 4899403 -
195 50894 76781 + 4 4904332 4930037 +
196 26412 74652 + 4 5040151 5092210 +
197 2083 11488 + 2 507854 518809 -
197 29500 76060 + 4 3331255 3371993 -
198 53 1837 + 4 3329308 3331137 -
198 4838 88799 + 5 19175 91106 +
199 88 1304 + 5 91384 92636 +
199 5781 75955 + 6 1485114 1539347 -
200 359 1484 + 6 1483938 1485111 -
200 3288 39705 + 1 925080 964173 -
200 39958 95104 + 1 817427 872310 -
201 2685 28538 + 3 2236999 2262863 -
201 28837 76188 + 3 2140542 2185150 -
202 2050 74705 + 4 1348930 1399933 -
203 192 1754 + 4 1347185 1348783 -
203 2153 26174 + 3 2398926 2423410 +
203 26831 75319 + 3 2444833 2494729 +
204 7172 52849 + 3 4381388 4428826 +
205 37 2005 + 3 4428968 4430930 +
205 2058 63140 + 5 6293193 6353734 -
205 63899 68833 + 5 6275479 6280457 +
205 108538 112331 + 1 3818954 3822911 +
205 78230 83089 + 7 2344107 2348960 -
205 103794 106366 + 2 1257481 1259351 -
206 2694 31309 + 1 2936646 2965224 +
206 38780 42947 + 1 3955520 3959676 -
206 44593 73659 + 1 2965398 2995484 +
207 66030 73659 + 6 591490 599174 -
208 3040 73627 + 1 2224075 2273276 -
209 2087 74126 + 1 3298736 3371374 -
210 24099 25956 + 1 5757137 5758885 +
210 4889 8233 + 3 831654 833871 -
210 41873 73199 + 5 859625 891313 -
211 2175 38716 + 6 3098751 3135780 -
211 48305 49916 + 6 1767605 1769225 +
212 3240 30203 + 2 8919 32997 -
212 33871 50561 + 2 33879 58784 +
212 53771 54786 + 7 2148322 2149384 +
212 67393 72797 + 7 2152640 2158026 -
213 53396 72118 + 1 6958735 6976156 -
213 27896 29587 + 4 1920202 1921746 -
213 36914 38921 + 3 1256071 1258132 +
214 3009 71203 + 7 3849954 3910754 -
215 696 2131 + 7 3846942 3848271 -
215 2475 72070 + 2 2466798 2535523 -
216 558 1979 + 2 2465243 2466671 -
216 2181 112908 + 3 4004350 4136907 -
217 2434 44086 + 7 3806797 3846685 -
218 2404 11970 + 7 3730727 3740473 -
218 12620 13958 + 7 3662729 3664123 +
218 14506 58365 + 7 3761634 3805966 +
219 2194 70742 + 4 5449279 5519271 +
220 2192 68864 + 7 3193049 3232251 +
221 88 1622 + 7 3232351 3233878 +
221 2422 70234 + 4 3880876 3953045 +
222 3587 4644 + 1 287454 288531 +
222 42149 44101 + 1 3732673 3734625 +
222 28916 32720 + 5 1136013 1139815 +
222 6207 10140 + 3 913303 914714 +
222 60395 62199 + 3 816160 817975 +
222 58594 60261 + 2 1117993 1119648 +
223 27455 32741 + 3 786128 791369 +
223 3604 7913 + 5 2007466 2011985 +
223 44622 68516 + 5 2012220 2036588 +
223 11250 22494 + 1 877742 888969 +
224 103 2128 + 5 2036595 2038746 +
225 3571 10527 + 5 5045426 5052416 +
225 23073 68319 + 5 5052721 5099341 +
225 10745 14108 + 3 564786 568164 -
226 904 2241 + 5 5100173 5101624 +
226 2441 67675 + 7 3516692 3583472 +
227 983 1999 + 7 3584892 3586005 +
227 2299 26279 + 1 9399089 9424322 +
227 27423 37973 + 1 9379732 9391746 -
227 39036 58912 + 1 9356261 9378464 +
227 60417 68086 + 1 9347071 9354909 -
228 61 2260 + 1 9344865 9346972 -
228 3569 38936 + 1 8267558 8317636 -
228 39983 68141 + 1 8199434 8227153 -
229 2481 73237 + 1 5366029 5394877 +
229 73246 124125 + 1 5402135 5451699 +
230 2292 67017 + 5 5320320 5364651 +
231 141 2291 + 5 5364653 5366859 +
231 2462 40528 + 1 1020086 1052893 +
231 63902 65160 + 3 745405 746663 -
232 3169 83820 + 1 6694991 6775484 +
233 2794 10810 + 5 3079393 3087158 -
233 34227 66678 + 5 3045588 3079236 -
233 13742 16661 + 3 4841665 4844597 +
234 4349 43472 + 5 5815115 5856490 +
234 47568 66743 + 5 5857824 5876054 +
234 44691 47053 + 7 1442591 1444973 -
235 3504 4883 + 7 474001 475338 +
235 7575 13439 + 7 460306 466421 -
235 14271 18758 + 7 453137 457979 +
235 21963 32210 + 7 440357 450766 +
235 33377 38327 + 7 433266 437884 +
235 40271 66298 + 7 394437 421413 +
235 1002 2133 + 5 5877479 5878704 +
236 214 1479 + 7 421518 422784 +
236 35320 37304 + 6 2957491 2959514 +
236 5373 12694 + 3 4880535 4887999 +
236 14542 34984 + 3 4860734 4877291 -
236 48680 52789 + 3 4823706 4827462 -
237 5137 65759 + 4 766699 823274 +
238 45 2361 + 4 823392 825753 +
238 2528 65279 + 7 3248664 3314073 +
239 318 2240 + 7 3314977 3316948 +
239 2528 65405 + 2 4421172 4468458 +
240 280 1834 + 2 4468979 4470533 +
240 2392 63628 + 4 348056 401075 -
241 58917 65694 + 7 1745603 1752379 -
241 48314 53176 + 4 2721451 2726298 +
242 11750 65454 + 1 1965756 2019564 +
243 398 2073 + 1 2019902 2021596 +
243 7208 10625 + 6 3746059 3749431 -
243 11351 17128 + 6 3714278 3723552 +
243 43697 65192 + 6 3724737 3745641 -
244 2614 32817 + 7 2811254 2841761 -
244 32908 35117 + 7 1767443 1769582 +
244 35163 65082 + 7 2767751 2796998 -
245 34 1800 + 7 2765799 2767652 -
245 2442 65046 + 3 3014880 3078153 -
246 274 1329 + 3 3013405 3014518 -
246 34072 38140 + 2 1223801 1229442 +
246 8244 28286 + 4 737567 758541 -
246 40848 42688 + 4 725432 727283 +
246 48230 64464 + 4 698370 714074 +
247 2513 25859 + 1 7323799 7349506 -
247 31289 42870 + 1 7308859 7322086 -
247 26457 30147 + 5 1224345 1228123 +
247 48565 52596 + 2 1330236 1334265 -
248 2472 18689 + 2 337641 355391 -
248 22993 40702 + 2 315622 333022 +
248 45337 65326 + 2 293257 313730 -
249 2482 13808 + 1 8699452 8711298 +
249 16196 76943 + 1 2795483 2854343 +
250 130 1489 + 1 2854566 2855911 +
250 3628 63743 + 7 3587560 3647867 +
251 132 2437 + 7 3648024 3650335 +
251 30402 38197 + 5 484727 492848 +
251 39843 63986 + 5 509598 534834 +
251 3817 5827 + 1 5542438 5544558 -
251 26038 29066 + 1 7507017 7510021 +
252 2512 64152 + 4 1229604 1294223 -
253 3098 41990 + 5 2423111 2461475 -
253 42756 64383 + 5 2394493 2415943 -
254 3164 62943 + 3 1946111 2006496 -
255 2847 62178 + 5 4984728 5041380 +
256 175 2250 + 5 5041677 5043859 +
256 4118 36930 + 5 1422755 1428750 +
256 37250 61520 + 5 1433434 1457446 +
257 26 2485 + 5 1457786 1460242 +
257 20889 22444 + 5 494562 496117 -
257 2683 19171 + 2 4009125 4027114 +
257 39603 48205 + 2 4028390 4036931 +
257 48955 59629 + 2 3766554 3777294 -
258 9 2561 + 2 3749506 3752039 +
258 2928 61578 + 6 3206338 3271142 -
259 40029 56520 + 3 5130160 5146420 +
259 57671 61864 + 3 5124974 5129254 -
260 3286 11429 + 4 2600086 2608233 +
260 11597 61493 + 4 2623177 2672366 +
261 2753 111621 + 1 8022778 8132122 +
262 3026 60927 + 1 7283413 7307231 +
263 49674 51123 + 1 2331845 2333294 +
263 46062 48602 + 2 1210860 1213492 -
264 31 2085 + 2 2644749 2646789 -
264 2637 62742 + 5 4713368 4773459 +
265 26074 59763 + 2 4371152 4405004 -
266 368 1944 + 2 4368884 4370523 -
266 64351 66372 + 2 1273583 1275609 -
266 72327 81056 + 2 1193549 1202403 -
266 27166 30155 + 6 4163120 4165634 -
266 3877 7186 + 5 1218615 1221996 -
266 8583 9749 + 1 3842740 3843904 +
267 37141 52917 + 2 1076938 1092766 +
268 63580 70461 + 6 4011695 4018931 -
268 81128 85848 + 3 2188039 2192778 +
268 3592 43188 + 4 622080 646360 +
269 3872 20458 + 1 9226558 9242721 -
269 21716 35536 + 1 9154370 9180171 -
269 36926 59905 + 1 9180486 9203924 +
270 748 2615 + 1 9204596 9206549 +
270 9516 20397 + 3 148443 158960 +
270 21015 26747 + 3 160028 166581 -
270 28205 79385 + 3 167559 227443 +
270 82342 87809 + 3 266982 273369 -
271 2940 15052 + 3 2073735 2085985 -
271 52723 60493 + 3 2065314 2073616 -
271 25612 31540 + 7 334360 340282 -
272 1292 2691 + 3 2063867 2065308 -
272 3705 60026 + 1 2998995 3053930 -
273 1063 2665 + 1 2997377 2998978 -
273 42723 47121 + 3 1049170 1053562 +
273 3237 37160 + 5 4386287 4419097 +
273 51342 106811 + 5 4419470 4497259 +
274 18 2576 + 5 4497323 4499898 +
274 2920 58685 + 1 2882166 2935767 -
275 8714 18466 + 3 5064950 5067325 +
275 21988 57954 + 4 505755 542606 +
276 3213 57761 + 5 2320700 2375806 -
277 158 2352 + 5 2318032 2320234 -
277 2809 57890 + 6 852687 908458 +
278 248 2701 + 6 908711 911186 +
278 48380 57089 + 6 3424121 3433333 -
278 19901 29220 + 5 938770 948283 -
279 35 1974 + 6 3421565 3423492 -
279 2785 57386 + 4 3953852 4009635 +
280 4123 24428 + 7 4438 26959 -
280 40648 61077 + 7 114799 135210 -
280 61684 89196 + 7 157254 185287 +
281 3226 56714 + 1 6641756 6694534 -
282 137 1171 + 1 6640487 6641593 -
282 4900 50541 + 2 4292524 4344587 +
282 50995 56384 + 2 4359685 4365217 +
283 557 2604 + 2 4366013 4368023 +
283 3134 46245 + 7 3454465 3497459 +
283 47014 56060 + 7 2749424 2758477 -
284 155 2024 + 7 2747527 2749362 -
284 4639 40237 + 4 4589544 4625185 +
284 40331 56257 + 4 4660192 4676367 +
285 18785 56990 + 5 3087501 3125845 +
285 3429 6813 + 7 2495971 2500604 +
286 1586 2618 + 5 3125861 3126906 +
286 3404 51212 + 5 801362 851098 +
286 52508 55545 + 7 1320048 1322997 +
287 693 2692 + 5 855898 857939 +
287 2904 55411 + 1 2421947 2474572 +
288 333 2130 + 1 2474678 2476449 +
288 2971 38260 + 6 4070898 4105518 -
288 39935 48706 + 6 4057713 4066593 -
289 3246 45206 + 1 6506006 6552002 -
290 3076 20971 + 5 1460355 1478821 +
290 44622 58434 + 5 1478868 1493133 +
290 35730 39493 + 11 14292 18036 -
291 147 2891 + 5 1493137 1496344 +
291 3224 54886 + 3 4186247 4238946 -
292 6854 54571 + 5 275010 318029 -
293 3219 14953 + 4 1114208 1125385 +
293 15041 54526 + 4 1173479 1212822 +
294 341 2720 + 4 1212867 1215363 +
294 3998 55405 + 1 6604226 6640319 -
295 2952 7998 + 5 158638 163593 +
295 8914 53854 + 5 99148 130824 -
296 4193 36369 + 7 352603 385074 -
296 38099 43012 + 7 320936 325843 -
296 44669 46969 + 7 386519 388614 +
296 48353 56013 + 7 425662 432331 -
297 3173 53483 + 1 2085471 2133045 +
298 3301 53636 + 1 2024147 2074047 -
299 261 2551 + 1 2021978 2024093 -
299 3705 53049 + 3 2089564 2139651 -
300 46 2885 + 3 2086294 2089255 -
300 22371 31016 + 6 3076601 3088876 -
300 49608 54283 + 6 2847168 2859957 -
301 22200 35352 + 7 1268837 1279735 -
301 10265 19557 + 6 1103789 1113575 -
301 35353 49555 + 6 1089323 1103404 -
302 5081 52191 + 7 590780 641883 +
303 685 2556 + 7 642462 644461 +
303 3053 52325 + 1 5108332 5159344 -
304 3136 22745 + 7 3709559 3729450 +
304 24454 33145 + 7 3665185 3674207 +
304 34128 51424 + 7 3743238 3760422 -
305 168 2884 + 7 3740550 3743217 -
305 3089 51959 + 5 1936591 1984390 -
306 818 2853 + 5 1934376 1936443 -
306 8345 11264 + 5 897818 901334 +
306 23367 51686 + 1 3531887 3552469 -
306 11732 16787 + 3 747125 755462 -
307 37802 40494 + 5 4039608 4042307 -
307 50085 52583 + 5 3925452 3927985 +
307 25201 26957 + 7 502693 504450 +
307 3613 22424 + 2 2419999 2439134 -
308 1339 2626 + 3 4280622 4281926 +
308 3072 53135 + 4 1311152 1345957 +
309 40765 42993 + 1 9492184 9494369 -
309 3176 16697 + 7 818685 832088 -
309 17237 33422 + 7 794745 810937 -
310 4049 22409 + 1 5912476 5955194 +
310 22969 50211 + 1 5976834 6004286 +
311 336 2901 + 1 6004325 6006888 +
311 3391 40939 + 1 377887 417285 -
312 955 2867 + 1 368252 369809 -
312 6565 41841 + 6 3749950 3798138 -
313 13841 25495 + 1 9212498 9224752 +
313 26184 46327 + 1 9265198 9286816 +
313 46752 49598 + 1 9337542 9340259 +
314 38949 42327 + 3 836204 839618 -
314 16172 19036 + 5 1144473 1146404 +
314 20386 22601 + 5 1111737 1113974 -
314 36665 38508 + 5 1146935 1148751 -
315 23569 28397 + 6 2804273 2809097 +
315 11706 13221 + 3 379303 380815 +
315 13826 16974 + 2 1360690 1363857 -
316 12425 18052 + 4 5959324 5964996 +
316 21134 31215 + 5 6264181 6274492 -
316 31625 48564 + 5 6243551 6261808 +
317 203 1418 + 5 6262042 6263222 +
317 3163 48633 + 1 6867614 6924853 +
318 280 1980 + 1 6925050 6926807 +
318 27003 34657 + 4 1934415 1942070 -
318 35523 36583 + 4 1879067 1880129 +
318 37690 48717 + 4 1867676 1878725 -
318 8620 21370 + 5 1175629 1195290 -
319 3430 48441 + 6 989248 1035220 +
320 156 1435 + 6 1035279 1036602 +
320 11192 47957 + 1 1697739 1735075 -
321 571 3069 + 1 1694268 1696813 -
321 7117 36436 + 5 3572892 3601359 -
322 20667 22572 + 2 3602117 3604034 -
322 23590 34264 + 6 1299462 1310327 +
322 37460 42068 + 6 355450 360082 -
323 25288 47050 + 2 2439981 2461917 +
323 3505 24859 + 1 1672772 1694139 +
324 85 2888 + 2 2462193 2465038 +
324 3319 47339 + 2 2688917 2733675 +
325 81 3124 + 2 2733708 2736786 +
326 4750 38325 + 6 1218354 1245946 +
327 3318 47308 + 3 2016547 2061018 +
328 498 3194 + 3 2061035 2063739 +
328 3544 47989 + 2 2255830 2300701 +
329 10484 47301 + 1 3513352 3531665 -
330 3303 23996 + 1 7385582 7406408 -
330 24359 25692 + 4 4658581 4659926 -
331 3412 46697 + 6 2407759 2451841 +
332 13367 47316 + 5 4800234 4815250 +
333 3640 6754 + 4 1093314 1096667 +
334 672 3274 + 4 1098876 1101500 +
335 3541 45301 + 5 1891904 1934229 -
336 3515 44728 + 6 2565701 2607152 -
337 79 2626 + 6 2562989 2565384 -
337 18329 19412 + 6 3023786 3024863 +
337 24915 26463 + 6 376884 378655 -
337 35137 42114 + 3 737418 741492 +
337 45899 48439 + 3 4585671 4596625 -
337 12124 17144 + 4 1141205 1146204 +
337 32821 34324 + 2 1316549 1318110 +
338 3443 29866 + 6 560749 587398 -
338 29890 37007 + 6 549058 556348 -
339 5629 44832 + 1 7140725 7178342 -
340 3940 21613 + 4 3562573 3580519 +
340 32604 36657 + 4 4047885 4059413 -
340 42717 44533 + 4 3580707 3582550 +
340 23476 28337 + 13 2032 6878 -
341 477 2786 + 4 3582903 3585219 +
341 6662 10442 + 5 6146100 6149882 -
341 39476 44494 + 5 3602070 3607073 +
342 374 2713 + 5 3607078 3609582 +
342 26805 44176 + 6 2388904 2406802 -
342 11063 14841 + 1 4058669 4062527 +
342 15035 18055 + 7 1010646 1013648 -
343 3422 5026 + 1 8475437 8476534 -
343 5048 9112 + 1 8471028 8475046 +
343 9952 31175 + 1 8450647 8470885 -
343 32203 46668 + 1 5853071 5867704 -
343 47299 63347 + 1 5826027 5844763 -
344 26605 28021 + 1 3823973 3825416 +
344 36696 43937 + 1 6495392 6505427 -
345 4107 14507 + 1 167536 178307 +
345 33575 35101 + 1 918456 919985 +
346 45367 74834 + 7 764406 794337 +
346 6593 41995 + 4 176755 197773 -
347 5356 15068 + 1 1053590 1063286 -
348 30664 34866 + 3 2230693 2233990 -
348 11073 16982 + 2 4153045 4159071 +
348 38714 42972 + 2 1071123 1075378 -
348 49316 53804 + 1 3930088 3934647 +
348 17260 19863 + 7 2319664 2322265 -
349 13127 16765 + 4 4899646 4903289 +
349 19609 42583 + 4 4858735 4868389 -
350 99 2977 + 4 4855892 4858728 -
350 3914 33600 + 7 644516 678227 +
351 4075 42026 + 6 771650 809479 +
352 464 2609 + 6 810304 812413 +
352 3852 42268 + 4 3602201 3639794 +
353 4976 36376 + 1 6927445 6958030 -
354 4032 41505 + 6 1043895 1063188 +
354 53482 80366 + 3 3121969 3145319 +
355 26 3531 + 3 3145474 3149062 +
355 17031 41877 + 4 3717765 3743282 -
356 207 3399 + 4 3714042 3717176 -
356 3993 43407 + 7 1969907 2010216 -
357 25239 27653 + 6 2860958 2863370 -
357 21290 22865 + 5 1762738 1764307 +
357 23201 25033 + 4 5216513 5218342 -
358 3832 41880 + 4 1942073 1980269 +
359 982 3509 + 4 1980948 1983593 +
359 3659 41552 + 4 4064882 4103864 -
360 51 1097 + 4 4063752 4064865 -
360 1154 3268 + 4 4029449 4031543 -
361 323 3026 + 4 5705615 5708548 +
361 4033 28196 + 5 351018 362127 -
362 3994 41236 + 3 2974337 3011536 -
363 438 3443 + 3 2962624 2965786 -
363 3959 40169 + 5 4532538 4568924 +
364 786 3365 + 5 4570428 4573005 +
364 8004 39399 + 2 58983 90930 +
365 208 2525 + 2 91942 94247 -
365 3919 39179 + 2 3419668 3455921 +
366 1003 3435 + 2 3457938 3460340 +
366 3917 40696 + 3 2891253 2924687 +
367 486 3528 + 3 2924898 2927935 +
367 3796 34918 + 5 3353490 3383413 -
367 34954 37723 + 6 4068041 4070818 -
368 3672 34231 + 1 9118156 9151208 +
368 36443 40081 + 1 9261186 9264779 -
369 502 2900 + 1 9258521 9260902 -
369 3779 4976 + 7 1072186 1073942 +
369 7163 20084 + 4 887852 892589 +
370 11667 14306 + 2 1868444 1871118 +
370 15609 39495 + 2 1874568 1900212 +
371 7 3108 + 2 1900329 1903426 +
371 13750 14849 + 7 2332550 2333682 -
372 4503 38581 + 2 578619 613517 -
372 440 1478 + 3 840759 841828 +
372 1626 3557 + 4 2308503 2310466 -
373 760 2797 + 2 569417 571621 -
373 3773 11542 + 2 528676 536543 +
373 36988 38927 + 2 536621 538564 +
373 11661 15432 + 1 5394891 5398473 +
374 1008 3325 + 2 540152 542672 +
374 3805 39758 + 1 8527621 8563947 -
375 386 3730 + 1 8524112 8527558 -
375 13889 39414 + 2 3978200 4005151 +
376 3771 39766 + 1 979818 1016795 +
377 657 3674 + 1 1016913 1020018 +
377 4508 16871 + 5 467594 480299 +
377 19056 47370 + 5 742149 770524 -
377 47960 52852 + 7 2213708 2219482 +
378 3986 39117 + 5 2776483 2810135 -
379 26 3132 + 5 2773318 2776441 -
379 4022 39495 + 1 1170650 1210356 -
380 4104 39189 + 2 2197647 2237741 -
381 610 3791 + 2 2194063 2197255 -
381 4384 38573 + 1 8484429 8520127 +
382 304 3801 + 1 8520551 8524091 +
382 23675 29813 + 1 6447692 6454298 -
382 33067 36233 + 6 2872275 2875057 +
382 31108 33055 + 7 2176787 2180181 -
382 11473 14191 + 3 947943 950661 -
383 3970 38502 + 3 4144535 4179942 +
384 503 3821 + 3 4180236 4183587 +
384 4559 38117 + 6 733394 768099 +
385 511 2973 + 6 768333 770324 +
385 3979 37818 + 4 3783406 3817116 +
386 299 3342 + 4 3818088 3821085 +
386 4743 32445 + 4 2999825 3015566 -
387 1043 3643 + 4 2988272 2990869 -
387 4126 37492 + 4 5524519 5559927 -
388 61 2844 + 4 5521503 5524297 -
388 18685 21476 + 2 4348022 4350787 +
388 29400 30775 + 2 4476090 4477465 +
389 1057 2647 + 6 372328 373912 -
389 8900 23869 + 4 2321569 2336427 +
389 24349 33320 + 4 2379699 2388619 +
389 33600 52576 + 4 2393202 2411263 +
390 67 3727 + 4 2411944 2415846 +
390 13752 14888 + 4 4986178 4987318 +
390 17723 38035 + 4 4935108 4956944 -
391 908 3891 + 4 4932211 4935086 -
391 3928 29410 + 1 6007042 6032789 +
391 30872 33468 + 1 6470540 6473124 -
391 33977 37270 + 1 6032930 6036152 +
392 334 3248 + 1 6036268 6039172 +
392 4437 36990 + 1 9105449 9113860 +
393 6153 38201 + 1 7352375 7383701 -
394 2393 3804 + 1 7349693 7351133 -
394 4208 34489 + 3 3587707 3618850 -
395 4187 36293 + 3 2734320 2770063 -
396 25 3543 + 3 2730633 2734238 -
396 21314 27763 + 7 186659 193098 +
396 32145 37252 + 4 5944148 5947562 -
397 948 3642 + 4 5941435 5944101 -
397 25028 33588 + 2 1149554 1157468 +
398 3972 34985 + 1 3402775 3427463 +
399 365 3971 + 1 3429486 3433464 +
399 4062 36184 + 4 2064966 2096812 +
400 4985 36329 + 5 2041580 2072546 +
401 5582 13633 + 6 275263 283218 -
401 13743 35644 + 6 246940 269079 -
402 724 3241 + 6 243688 246282 -
402 22698 41087 + 4 2420404 2438638 -
403 103 3732 + 4 2416329 2420243 -
403 4220 9917 + 6 1311810 1317451 +
403 10910 17657 + 6 1321468 1328235 -
403 19342 27097 + 6 398461 406172 +
403 27818 34903 + 6 1207166 1214676 +
404 127 3044 + 6 1215047 1217086 +
404 14155 16530 + 4 1069838 1072159 -
405 4328 34999 + 1 3375020 3402501 -
406 148 3871 + 1 3371654 3374970 -
406 4226 26231 + 5 2085306 2108408 +
406 27386 57623 + 4 2272618 2298149 +
407 547 3998 + 4 2298448 2301941 +
407 4433 34839 + 2 2737512 2765272 +
408 9943 28562 + 3 9771 29017 -
409 4507 35670 + 2 3804666 3843852 +
410 1009 4013 + 2 3843880 3847173 +
410 4438 25489 + 2 1366431 1387001 -
410 31194 35525 + 4 1884218 1888549 -
411 8403 13540 + 3 5090229 5095327 +
411 15498 22564 + 3 5098539 5105864 -
411 22834 33198 + 3 5106901 5117295 +
412 233 3812 + 3 5118779 5122528 +
412 4347 34015 + 6 4130388 4159431 +
413 46 3073 + 6 4159669 4162319 +
413 4248 41829 + 3 4319504 4358155 -
414 807 4068 + 3 4315449 4318706 -
414 4928 33872 + 3 4457226 4487858 -
415 4203 36113 + 1 7627343 7645429 -
416 12693 59724 + 4 2104119 2149792 -
417 1180 4124 + 4 2100358 2103321 -
417 11605 19241 + 1 5872723 5880434 +
417 19685 22129 + 1 30045 32435 +
418 4861 33613 + 1 7659846 7688819 -
419 1814 4050 + 1 7657052 7659164 -
419 23997 29813 + 6 3044741 3047292 +
420 4304 52968 + 5 2579965 2649539 -
421 5060 34460 + 7 1913327 1944370 -
422 4212 7812 + 5 3968166 3971876 -
422 8707 10378 + 1 6298552 6300235 +
422 30498 31856 + 4 5973798 5975165 +
423 4224 30192 + 4 588920 615366 +
424 345 2320 + 4 617738 619981 +
424 6161 29635 + 7 4101340 4126430 +
425 1962 4077 + 7 4191827 4193993 -
426 4386 28916 + 3 4358312 4381331 +
426 29541 31295 + 6 1756876 1758598 +
427 4646 31105 + 2 2084661 2111074 +
428 314 1981 + 2 2111609 2113397 +
428 2079 4092 + 2 2170780 2172803 +
428 4624 10020 + 2 3878339 3886377 +
428 12154 24780 + 2 3936432 3949624 +
428 26290 30738 + 2 3866044 3871512 -
429 179 4270 + 2 3861327 3865391 -
429 14913 23879 + 5 185036 190417 +
430 4496 16367 + 4 4994888 5006627 -
430 17123 30967 + 4 4958834 4973125 +
431 382 3517 + 4 4973333 4978265 +
431 4795 31784 + 1 6777906 6805504 +
432 1071 4301 + 1 6805566 6808899 +
432 4350 30449 + 3 2931624 2957773 +
433 541 3520 + 3 2958637 2961626 +
433 4322 17829 + 4 2051482 2064936 -
433 18609 30735 + 4 2005743 2018045 -
434 1086 4183 + 4 2001796 2004965 -
434 5656 29646 + 1 1735219 1759198 +
435 351 3867 + 1 1760297 1763955 +
435 5778 30597 + 1 3069542 3094964 -
436 19226 20262 + 1 3596902 3597957 +
436 4420 10639 + 3 4447249 4453586 -
437 14616 16523 + 4 5018425 5020344 +
438 433 1818 + 1 5973612 5974994 +
438 4745 31085 + 6 1270033 1297983 -
439 26918 29543 + 7 1354432 1357716 -
439 5889 12294 + 2 3306749 3313072 +
440 909 3810 + 7 1350697 1353091 -
440 5680 11179 + 5 343546 350191 +
440 24104 25814 + 3 1271168 1272878 -
441 4859 29557 + 1 4410645 4435164 +
442 18 3735 + 1 4435350 4439149 +
442 5341 7874 + 7 1341652 1344184 +
442 22749 28881 + 3 404816 411313 +
443 207 1768 + 3 412035 413967 +
443 6023 29358 + 2 3951425 3976254 -
444 1379 3815 + 2 3872514 3874906 +
444 5062 29409 + 5 1229617 1247525 -
445 7805 12469 + 1 3746874 3752608 +
445 17728 19167 + 2 1318260 1319705 +
446 5944 28265 + 1 6574637 6596974 +
446 2318 4380 + 4 923726 926810 +
447 58 4448 + 1 6597339 6602304 +
447 4542 27680 + 6 1672934 1696722 +
448 857 3925 + 6 1698347 1701557 +
448 5888 29293 + 1 1240668 1264398 -
449 5135 23531 + 1 2343887 2362340 +
450 27560 33503 + 1 2322494 2330478 +
451 21994 27477 + 6 3065465 3071035 -
452 2809 4323 + 4 2588742 2590333 +
452 4571 27447 + 3 2605335 2628572 +
454 232 4286 + 4 2310548 2315273 -
454 21269 30787 + 1 3495531 3505093 -
454 34581 43247 + 1 3467696 3476501 -
455 240 4531 + 1 3463317 3467486 -
455 4914 26312 + 1 764300 784895 -
456 73 4401 + 1 758880 763519 -
457 6133 7194 + 2 1872470 1873510 -
457 8953 26002 + 2 3465959 3484418 -
458 405 4557 + 2 3460542 3464779 -
458 7764 16909 + 6 1176580 1181817 -
459 649 4392 + 7 1121052 1124855 +
459 4687 16128 + 2 2057701 2069167 -
460 5175 26515 + 7 2936032 2957809 +
460 3104 4548 + 4 694480 695926 -
461 1310 4540 + 7 2959115 2962331 +
461 5605 26038 + 7 3912949 3933773 +
462 204 4589 + 7 3934323 3938599 +
462 5873 26340 + 5 1984634 2007410 -
462 26880 38146 + 2 1053727 1064840 +
463 31975 33436 + 5 895638 897098 -
463 47683 49720 + 5 5228365 5230416 -
463 5270 8021 + 1 3913979 3916728 -
463 54344 66288 + 1 7107459 7119291 +
464 523 4168 + 1 7121456 7125113 +
464 5011 24224 + 6 3926314 3944428 -
465 4642 41660 + 4 1414394 1436713 -
466 382 4641 + 4 1402255 1413906 -
466 5689 25784 + 3 650592 670906 +
467 213 4651 + 3 671223 676247 +
467 7243 9525 + 2 1338191 1340445 -
467 17850 19637 + 6 3060506 3062215 +
468 9630 21979 + 6 415835 429080 +
469 830 2020 + 6 445693 447147 +
469 4766 17451 + 2 1550824 1563999 +
469 21964 25373 + 5 592913 596331 -
470 5047 26078 + 3 4293864 4315065 -
471 5865 25685 + 4 3374143 3393909 +
472 117 3913 + 4 3393964 3397811 +
472 5293 25629 + 7 1944494 1965256 +
473 192 3091 + 7 1965399 1968356 +
473 19320 26426 + 5 3985787 3992383 -
474 105 4613 + 5 3981222 3985598 -
474 4838 25174 + 2 543105 564204 +
475 212 2676 + 2 564449 567032 +
475 4818 25227 + 1 7601645 7622320 -
476 254 4248 + 1 7597373 7601371 -
476 4819 24791 + 4 687895 694459 -
477 303 3933 + 4 683564 687370 -
477 5144 24789 + 5 2108820 2127517 +
478 6072 24879 + 2 270593 290230 -
479 9978 13986 + 6 1819689 1823686 +
479 4974 9700 + 3 2861114 2865795 +
479 14093 24553 + 3 2865828 2876373 +
480 757 4648 + 3 2877285 2881156 +
481 5088 17327 + 6 497327 501477 +
481 18640 24818 + 6 506503 512781 +
482 172 4781 + 6 512826 517493 +
482 4845 20715 + 6 812710 828534 -
482 21056 25435 + 6 844022 848593 +
483 23138 25800 + 6 2994287 2999293 +
483 12158 18312 + 1 2307256 2313907 -
484 124 3138 + 3 936143 939151 -
485 4938 11195 + 7 2758823 2765093 -
485 12380 23538 + 7 3499079 3510493 +
486 199 4841 + 7 3511640 3516526 +
486 15008 25102 + 4 826469 849222 +
487 4913 13042 + 3 4282014 4289779 -
487 13477 24458 + 3 4243983 4255163 -
488 553 4796 + 3 4239153 4243428 -
488 5034 24566 + 2 2624782 2644499 -
489 272 4871 + 2 2620030 2624716 -
490 1441 4616 + 1 4670867 4673762 +
490 5219 23961 + 6 2367301 2386079 -
491 1560 4607 + 6 2363062 2366138 -
492 431 4901 + 1 7999721 8004243 -
492 5181 26185 + 1 2856967 2877480 +
493 2628 4740 + 1 2877606 2879706 +
493 11756 14816 + 1 3827601 3830676 -
493 7067 9245 + 3 690281 692448 -
493 18236 19426 + 3 811737 813565 -
495 504 4931 + 3 3097831 3102207 +
495 7364 12226 + 1 5533484 5538334 +
496 5689 23228 + 6 286459 304162 +
497 299 4373 + 6 304516 308940 +
497 5049 20967 + 6 4105592 4122598 +
498 91 4365 + 6 4125596 4130048 +
498 5488 22811 + 1 793659 813263 -
499 2813 4620 + 1 788699 790534 -
499 5413 15076 + 7 1028058 1037035 -
499 15659 23306 + 7 999282 1007147 -
500 313 4899 + 7 994853 999222 -
500 5203 30628 + 2 355432 381046 +
501 349 3682 + 2 381728 385001 +
501 6242 13267 + 7 139699 146313 +
501 15696 19203 + 14 6928 10353 -
503 12624 23018 + 7 2702227 2712954 -
504 1177 4929 + 7 2698068 2701878 -
505 5042 22783 + 3 3102210 3119977 +
506 8558 21947 + 5 2375893 2388788 +
507 423 4892 + 5 2389184 2393802 +
507 5811 21681 + 4 665804 682279 -
508 13 4547 + 4 661097 665561 -
508 6322 11374 + 1 587098 592461 +
508 12724 21772 + 1 634170 643400 -
509 33 5071 + 1 628644 634092 -
509 5082 21842 + 4 5719247 5736782 -
510 5603 21965 + 1 9683380 9697502 -
511 5415 22958 + 5 2738288 2754568 -
512 1966 5055 + 5 2734965 2738037 -
512 38467 39583 + 2 258051 259198 -
513 271 5091 + 2 252961 258032 -
513 6287 20897 + 1 547896 562714 +
514 9 5040 + 1 562954 568162 +
515 6349 21186 + 3 3624066 3638861 -
516 238 5059 + 3 3619032 3623870 -
517 5364 20696 + 2 2173058 2188828 +
518 63 5051 + 2 2189082 2194038 +
518 5440 22463 + 7 3172046 3189321 +
519 1949 5171 + 7 3189353 3192615 +
519 5412 35236 + 7 1700269 1731211 +
520 5644 20304 + 4 555943 570968 -
521 284 2767 + 4 552550 555539 -
521 5237 7731 + 3 4137058 4139537 +
522 25 4411 + 3 4139576 4144074 +
522 11452 17025 + 1 2280467 2283846 -
523 67 2416 + 1 2277357 2279577 -
523 11177 20306 + 1 512358 521470 +
524 857 2287 + 1 521914 523401 +
524 11021 12870 + 1 3686834 3688670 -
525 5715 19572 + 5 4500571 4527015 +
526 92 5216 + 5 4527036 4532228 +
526 5256 20203 + 2 3489405 3514170 -
527 840 4396 + 2 3485886 3489353 -
527 5265 8500 + 3 560504 563858 +
527 9108 13076 + 3 568709 572888 +
528 129 5258 + 3 546962 552317 -
528 5599 18439 + 7 1359599 1374944 +
529 420 4913 + 7 1376009 1380637 +
529 6704 8286 + 5 6019852 6021438 -
529 16248 18075 + 11 9536 11366 -
530 5550 18956 + 7 2684336 2697943 -
531 5464 17878 + 5 2138768 2151695 -
531 166 4682 + 7 2679966 2684239 -
532 49 5156 + 5 2132336 2137709 -
532 7641 12999 + 6 3801074 3806356 +
533 431 5196 + 6 3818290 3823142 -
533 5633 7621 + 3 923669 925610 -
533 9322 12422 + 2 1207044 1210163 -
534 5333 13781 + 7 3675022 3709511 -
534 14636 18584 + 7 3656074 3659666 -
535 389 5331 + 7 3650365 3655560 -
535 5604 14335 + 4 571552 580092 +
536 1612 5239 + 4 584659 588785 +
536 5571 18549 + 5 2759566 2772580 -
537 385 4729 + 5 2754709 2759148 -
538 7040 18061 + 5 1403805 1414607 -
539 10354 24630 + 4 312358 326316 +
540 5523 15884 + 6 3807263 3817982 -
541 16717 17863 + 3 422572 423657 -
542 596 4233 + 3 418495 422198 -
542 13132 23708 + 7 193146 203607 +
543 2166 5390 + 7 205325 208507 +
544 1103 5421 + 3 3574484 3579524 -
544 16502 17864 + 4 5209774 5211136 -
545 5442 17185 + 4 1989831 2001752 -
546 11731 17310 + 1 361502 367516 -
546 177 5368 + 4 1984253 1989647 -
547 816 5210 + 1 356465 360882 -
547 5908 17318 + 1 2783755 2795152 -
548 318 4771 + 1 2779274 2783750 -
548 5573 16758 + 2 403776 416296 +
549 1772 5471 + 2 419533 423703 +
550 6859 16975 + 1 964227 974303 +
551 5616 16612 + 4 5438002 5449216 -
552 230 5382 + 4 5432098 5437661 -
552 5633 16572 + 1 568407 580239 +
553 100 4400 + 1 580271 584630 +
554 6137 16377 + 1 3568032 3578523 -
555 5819 16082 + 1 1210511 1231741 +
556 58 4708 + 1 1231965 1236684 +
557 6819 15956 + 4 1296349 1305503 +
558 7008 15814 + 1 9758990 9767292 -
559 1335 4970 + 1 9701348 9705011 -
559 10714 15499 + 3 955740 960542 +
560 5594 15825 + 2 1037477 1047775 +
561 36 5410 + 2 1047982 1053303 +
561 7440 10386 + 1 6976581 6979593 -
562 5725 21523 + 1 1914085 1929612 +
563 179 5449 + 1 1929811 1931706 +
563 5788 15847 + 4 3821095 3831148 +
564 5636 16744 + 4 1845522 1864815 -
565 1819 4353 + 4 1842684 1845226 -
565 5803 13540 + 2 3752202 3760032 +
566 5675 17388 + 1 4674044 4685803 +
568 5715 16908 + 3 1593791 1605243 -
569 1983 5529 + 3 1589914 1593621 -
573 22 2534 + 7 146414 148923 +
576 12923 14649 + 6 1064923 1066917 +
577 166 2782 + 6 1067060 1069672 +
578 6738 14778 + 5 322864 331062 +
579 90 4488 + 5 331233 335581 +
580 5866 10779 + 2 3922882 3928074 -
580 12971 14315 + 1 3511010 3512344 -
581 75 5568 + 1 3505533 3510985 -
581 5802 14109 + 2 2069291 2078533 +
582 1296 5588 + 2 2079920 2084183 +
582 5995 14120 + 4 2677989 2686697 +
583 2219 4454 + 4 2689451 2691655 +
585 5929 14530 + 1 1931944 1939418 +
586 45 5677 + 1 1939447 1944642 +
586 6415 14266 + 1 7645700 7653752 +
587 804 3489 + 1 7654257 7656932 +
587 6415 13915 + 3 2848617 2856165 +
587 3966 5838 + 7 3246128 3248057 -
588 5912 14289 + 4 1215493 1223913 +
588 428 4150 + 3 2856613 2860343 +
589 21 4692 + 4 1224071 1228703 +
589 6141 17248 + 1 3444783 3455706 -
590 240 5881 + 1 3434290 3444767 -
590 6689 13243 + 2 3848507 3854392 +
591 273 5760 + 2 3855489 3861203 +
591 5985 13616 + 3 516792 524883 +
592 213 5849 + 3 525022 531062 +
593 5958 12866 + 3 2720983 2727861 -
594 779 5579 + 3 2714331 2719544 -
594 6368 14377 + 6 828865 836879 +
595 991 4116 + 6 836921 840024 +
595 6135 15212 + 3 2268472 2277356 -
596 1791 5015 + 3 2264773 2268470 -
597 392 3526 + 5 339997 343346 +
597 5995 13058 + 5 539481 546735 +
598 350 5817 + 5 547159 553414 +
598 6425 15292 + 5 3387264 3395721 -
600 7220 12735 + 1 9245695 9251421 +
601 46 5707 + 1 9251533 9257290 +
601 6951 12940 + 2 3796817 3802988 -
602 522 4089 + 2 3792955 3796505 -
602 6043 12964 + 1 7130753 7137935 -
603 6254 13771 + 6 3595621 3603035 -
604 1677 5045 + 6 3591960 3595243 -
604 6287 12234 + 4 3398893 3404920 +
605 362 5051 + 4 3405242 3409943 +
605 6798 24826 + 1 6552346 6570057 +
606 2577 5056 + 1 6570345 6572711 +
606 6478 11651 + 4 859726 864730 -
607 399 6041 + 4 853563 859044 -
607 7778 12437 + 4 5012281 5016144 -
608 546 5933 + 4 5006680 5012261 -
608 7154 11746 + 5 4579048 4583671 -
609 128 5807 + 5 4573124 4578853 -
609 6256 11944 + 2 2308412 2314199 -
610 639 5491 + 2 2302948 2307868 -
611 1347 5540 + 3 4440404 4444638 +
611 7757 11212 + 6 3910790 3914246 +
612 263 4736 + 6 3914995 3919398 +
613 6725 11300 + 6 3945297 3949342 +
614 353 4624 + 6 3949774 3954046 +
615 6169 12185 + 1 2477223 2483221 +
616 1266 5755 + 1 2483817 2487930 +
618 45 2487 + 2 1110001 1112174 -
618 6323 12996 + 8 145750 160362 +
619 571 2061 + 20 192 1685 +
619 7008 11381 + 7 3241149 3245490 -
620 339 5437 + 7 3235483 3241134 -
620 7468 11354 + 3 37663 41591 +
621 6771 11106 + 1 2074984 2079404 +
622 254 6178 + 1 2079461 2085391 +
622 6381 11412 + 2 2244967 2250133 +
624 6767 8739 + 6 2911123 2913088 -
625 4594 6214 + 4 5995114 5996711 +
625 6384 10573 + 7 2675083 2679333 -
626 1253 5414 + 7 2669849 2674004 -
626 6345 11108 + 1 2488432 2493257 +
627 6638 10081 + 3 2006738 2010118 +
628 207 6196 + 3 2010376 2016464 +
628 7006 11084 + 1 6195588 6202560 -
629 1213 6233 + 1 6190320 6195352 -
629 6282 11324 + 4 3643097 3648349 +
630 1330 5470 + 4 3648409 3651330 +
630 7492 9946 + 1 8951182 8953742 +
631 8 5895 + 1 8953815 8959733 +
631 6382 20955 + 1 1944670 1961205 +
632 1054 5013 + 1 1961248 1965147 +
633 139 5912 + 3 3564945 3570733 -
633 6425 9212 + 3 531096 534081 +
634 423 6048 + 3 535050 540312 +
635 24 4461 + 4 475035 479656 +
635 6607 10125 + 3 1769296 1772853 +
636 458 5848 + 3 1772904 1778377 +
637 6418 9800 + 5 2081925 2085222 -
638 189 6358 + 5 2075856 2081887 -
638 7228 14102 + 4 2593008 2599888 -
639 4224 6255 + 4 2590534 2592730 -
639 7041 9703 + 7 1387672 1390374 -
640 2622 6158 + 7 1381250 1385093 -
641 811 6338 + 5 3971889 3977408 -
641 7466 9322 + 2 3573494 3575420 -
642 315 6068 + 2 3567734 3573285 -
642 7092 9983 + 1 4694933 4697841 -
643 893 6319 + 1 4689415 4694829 -
643 6571 8670 + 1 5215369 5217455 -
644 365 6084 + 1 5209418 5215110 -
645 2994 5248 + 1 3843906 3846393 +
646 262 5721 + 1 3456572 3462022 -
648 120 4715 + 4 1103391 1107393 +
648 4786 5929 + 4 1111798 1112987 +
650 106 6369 + 7 1737827 1743268 +
652 595 5902 + 4 5563142 5568647 +
653 3781 5313 + 4 1109721 1111600 +
654 910 5821 + 4 548220 551291 +
655 348 6138 + 2 3411568 3417454 -
659 6680 7852 + 1 1583239 1584444 +
660 92 6080 + 1 1584688 1590362 +
661 2 6385 + 1 5160693 5167109 +
666 1492 5842 + 4 5570641 5575174 +
669 1119 5446 + 5 1418214 1422625 -
669 6875 10763 + 2 519126 522471 +
670 90 6501 + 2 522600 528561 +
671 216 6403 + 1 7179625 7185829 -
672 498 6252 + 4 2302512 2308234 +
673 110 6657 + 6 3833443 3840039 -
674 758 2748 + 2 397571 402749 -
675 687 6470 + 3 540395 546362 +
677 3892 6343 + 5 797926 800383 +
678 419 6761 + 5 3792457 3798812 -
679 3315 4708 + 2 3619001 3620391 +
680 514 6616 + 3 4433493 4439722 -
681 705 5978 + 4 5708608 5713793 +
683 2135 4969 + 4 715251 718455 +
684 1171 6093 + 4 2149805 2154727 -
686 1195 5777 + 2 2239596 2244771 -
688 2257 5349 + 1 8714563 8717649 -
689 2975 5526 + 5 94584 97236 -
690 57 1158 + 5 93423 94509 -
691 1474 6813 + 1 2416504 2421879 -
697 2336 5483 + 4 169697 173042 +
698 1960 6961 + 1 417731 422687 +
701 2001 5181 + 4 3587752 3591007 -
702 457 2009 + 4 3585883 3587492 -
704 281 2176 + 6 375038 376786 +
704 2345 4404 + 6 2357897 2359967 +
705 139 1583 + 6 2360879 2362297 +
724 7 2990 + 4 5792842 5795894 -
733 219 3416 + 3 1779037 1782435 -
734 2822 5120 + 1 785014 786898 +
735 746 2595 + 4 4639053 4640790 -
737 594 3745 + 3 2928299 2931423 +
740 1002 3203 + 1 7623229 7625320 -
745 2359 3991 + 7 2667123 2668775 -
751 1626 2727 + 1 3253563 3254695 -
752 45 1378 + 1 3251919 3253301 -
754 308 1785 + 3 2727918 2729436 -
757 984 2222 + 5 537294 538394 -
765 113 1553 + 4 1400807 1402253 +
767 808 1850 + 3 2604127 2605161 +
767 2000 3771 + 3 4430954 4432995 -
769 138 1640 + 1 1358537 1360109 -
774 712 2516 + 2 3928180 3930000 +
