1 146405 164366 + 4 3301780 3329257 +
1 431116 438836 + 4 5551390 5558656 -
1 1239905 1255828 + 4 3534847 3561387 +
1 1530190 1790394 + 4 3606180 5265528 -
1 3353159 3359532 + 6 749850 759378 +
1 4221642 4232431 + 6 784319 794839 -
1 404555 405779 + 2 3266750 3267939 -
1 901074 1162526 + 1 8945058 9354589 -
1 2961265 2977411 + 1 7458424 7468418 +
1 3954801 4043045 + 1 8276429 8332643 +
1 4260600 4268278 + 1 4380090 4389269 -
1 363517 365715 + 5 1836042 1838249 -
1 1998762 2000186 + 5 1552099 1553403 -
1 2022627 2026758 + 5 1565955 1570317 +
1 819806 878176 + 3 4174085 4242103 -
1 3397329 3898674 + 3 2689019 3593655 -
1 4106523 4129358 + 3 4286245 4302760 -
2 3687530 3731385 + 3 4328133 4365053 +
2 235504 383430 + 2 3144066 3232014 -
2 3334586 3390846 + 2 3751723 3778212 -
2 2702652 3202205 + 5 5978285 6409177 +
2 3615334 3638708 + 1 405640 440334 +
2 3953660 3956132 + 1 7352821 7355263 -
2 3816036 3821817 + 4 3130679 3136747 -
2 435020 2661859 + 6 1656026 3211986 -
3 1228242 1230503 + 2 60071 62324 -
3 1233494 1234771 + 2 3548976 3550255 +
3 1302752 1304622 + 2 80265 82349 +
3 2886177 2889071 + 2 4360253 4362937 +
3 1327281 2760904 + 5 1912746 3688321 +
3 560716 565487 + 1 306079 310280 +
4 1599142 1643990 + 5 4349722 4778291 +
4 1694622 1698320 + 5 1884287 1888932 +
4 79825 344030 + 4 660895 1344625 +
4 870736 912143 + 7 1377503 1734493 -
4 2098621 2604623 + 7 3610086 3767694 +
4 1183741 1209982 + 2 468098 967962 -
4 1240737 1312927 + 2 210740 403628 -
4 1229825 1238124 + 6 165273 480046 -
5 925747 1042896 + 5 5639703 5768946 +
5 1588834 1594045 + 5 1715649 1720920 +
5 1391561 1414949 + 2 3333991 3360515 +
5 816072 914913 + 1 1013103 1110835 +
5 1178658 1219185 + 1 992731 1001244 -
5 1354669 1371534 + 1 3022089 3023457 -
5 2155768 2175598 + 1 3043595 3075016 +
5 1219913 1242249 + 4 5429677 5451931 +
5 306272 308347 + 7 795653 797740 +
5 2856223 2858096 + 7 3795192 3797074 -
6 267066 2295406 + 1 1240718 2437532 -
6 252187 253271 + 7 1765196 1766284 -
6 255906 258321 + 4 3483654 3485945 +
7 1680163 1909409 + 3 1160450 2637722 -
7 2208602 2370246 + 3 3760771 3800081 -
7 928357 930378 + 5 5847332 5849487 -
7 2063307 2067734 + 1 4099512 4102385 +
7 520747 521915 + 2 3439571 3440788 +
7 550705 580228 + 2 3398451 3436686 +
7 587439 821981 + 2 1044821 3018430 +
7 1402607 1444556 + 2 3964122 4198889 +
7 85845 88861 + 7 497707 500772 -
7 1269577 1287828 + 7 557499 573458 -
8 120457 1105213 + 3 61276 1128130 -
8 1941147 1954218 + 7 3200434 3224870 +
8 1979603 1994846 + 6 879733 895384 -
8 1677662 1756238 + 5 36582 722283 +
8 2119386 2121608 + 5 5360545 5362693 -
9 1365015 1438767 + 1 3444420 3731156 +
9 1533001 1541982 + 1 4135748 4149549 -
9 1230110 1292123 + 3 3986772 4050589 +
9 823305 830208 + 7 4164581 4172452 +
9 1016859 1026898 + 6 1342663 1353872 -
10 137227 197453 + 4 2825554 2865946 +
10 327883 755447 + 4 1780892 2607012 -
10 949948 951133 + 6 3394085 3395291 -
11 96394 1233886 + 3 4544874 5139854 +
12 52288 182894 + 1 4540170 4642565 +
12 353007 355320 + 1 7926011 8123160 -
12 393798 477958 + 1 2694718 2800818 -
12 511862 1104196 + 7 1882759 3052340 +
13 588751 798054 + 6 1398594 1553805 +
13 850972 855531 + 7 3503399 3507732 -
14 71055 74576 + 7 3331884 3335898 +
14 868217 870437 + 7 295927 298150 -
14 293863 297997 + 2 3822831 3826249 +
15 409184 831727 + 1 5015901 6071843 +
15 322972 327865 + 7 3883630 3888523 -
15 392987 396326 + 7 3892400 3896635 -
16 28895 221685 + 1 2490167 2564332 +
16 738089 784777 + 7 841007 850434 -
18 122639 131026 + 1 8458358 8467203 -
19 171138 175943 + 1 7402962 7407642 -
20 64865 91668 + 1 6747073 7210544 -
20 199592 220785 + 6 4058384 4111653 +
20 9209 20060 + 4 1583321 1595102 -
20 240953 247258 + 5 798102 827407 +
21 185579 295710 + 4 97405 434957 +
21 18375 23607 + 7 1775934 1806650 -
22 12390 36305 + 1 7688324 7908427 +
22 50351 51638 + 4 3426976 3428206 +
25 60990 66169 + 5 5015927 5019950 +
27 2987 18181 + 6 3732953 3870120 -
27 56378 62610 + 6 480606 509547 +
84 4211 7621 + 1 4887304 4891189 -
173 91 1625 + 1 4900767 4902292 -
