1 1270 82986 + 1 8911414 8985693 +
1 84664 97754 + 1 8988193 9010151 -
1 102972 113563 + 1 9019237 9030466 +
1 115416 117129 + 1 9014584 9016014 -
1 121538 235813 + 1 9031780 9151199 +
1 238172 256577 + 1 9246405 9264836 +
1 259161 274903 + 1 9226489 9242656 -
1 276872 291650 + 1 9154371 9182373 -
1 292863 308020 + 1 9184699 9199268 -
1 309663 331790 + 1 9200652 9224076 +
1 334273 350576 + 1 9266218 9286782 +
1 350785 413036 + 1 9337344 9386388 +
1 415782 453127 + 1 9386937 9421441 -
1 464318 499263 + 1 9436509 9472359 +
1 501061 502675 + 1 9515407 9517044 -
1 504017 506307 + 1 9477927 9480371 -
1 516139 681482 + 1 9518812 9671639 +
2 363 637566 + 1 4925502 5573081 +
3 458 51251 + 1 6192069 6245173 +
3 60846 108112 + 1 6245858 6298260 +
3 108725 162176 + 1 6329730 6383467 +
3 166307 204376 + 1 6460363 6500255 +
3 205745 617209 + 1 6505146 6894974 +
3 55116 56601 + 3 901457 902943 -
4 5279 129682 + 4 3667237 3812190 -
4 139647 154554 + 4 3651886 3666990 +
4 156952 323181 + 4 3513402 3651294 -
4 329549 331540 + 4 5791833 5793836 +
4 332093 473319 + 4 5496381 5643848 -
4 475468 481842 + 4 5488823 5495631 +
4 482500 581686 + 4 5379969 5486248 -
5 17735 39153 + 2 4066211 4085056 +
5 50837 54597 + 2 3583181 3586975 +
5 56150 78391 + 2 3588579 3594206 -
5 79923 86153 + 2 3595588 3601019 +
5 87699 163097 + 2 3713017 3777022 +
5 164539 217148 + 2 3979582 4037102 -
5 218564 238547 + 2 3959783 3979102 +
5 239199 242422 + 2 3955977 3958240 -
5 252156 276610 + 2 3872821 3886463 +
5 280683 292754 + 2 3937456 3948764 +
5 298627 384921 + 2 3793191 3872383 -
5 386496 399417 + 2 3781175 3790690 +
5 402416 404302 + 2 3777580 3779575 -
5 405134 406296 + 2 4037878 4039074 +
5 421852 423196 + 2 4044848 4046209 -
5 425682 428338 + 2 4048234 4051099 +
5 434007 445145 + 2 4053639 4064511 -
5 447336 508046 + 2 3541961 3578102 -
6 184 260998 + 5 4249549 4531395 -
6 261288 503832 + 5 3963467 4235055 -
7 5935 233191 + 1 5976929 6180424 -
7 233960 245322 + 1 5944466 5955041 -
7 245410 302591 + 1 5868911 5919953 -
7 306241 502003 + 1 8223595 8448500 -
8 21349 23357 + 2 691752 693840 +
8 41721 121353 + 2 578627 648761 -
8 126361 130301 + 2 569336 571650 -
8 139441 142875 + 2 562968 566230 +
8 149118 177283 + 2 528724 555956 -
8 178335 213900 + 2 487558 526509 +
8 216896 360928 + 2 337695 486510 -
8 366140 395864 + 2 314331 332655 +
8 410856 427901 + 2 291856 309866 +
8 429593 478503 + 2 263054 290201 -
9 12289 455374 + 1 4482955 4922585 -
10 4793 58446 + 6 677478 718241 +
10 58790 62628 + 6 718612 722477 -
10 62880 68790 + 6 726029 732436 -
10 78513 348722 + 6 736694 1004940 +
10 350804 368866 + 6 1006915 1025903 -
10 370539 375795 + 6 1089258 1094543 -
10 381767 406992 + 6 1043147 1069680 +
10 407255 419450 + 6 1027069 1038279 -
10 421015 429436 + 6 1096609 1105278 +
11 377 28525 + 5 3054401 3079270 +
11 37486 316896 + 5 3079491 3346357 +
11 338083 418721 + 5 3346849 3422906 +
11 28526 30298 + 1 872406 874313 +
11 34671 37290 + 1 9334596 9337213 +
11 332135 335363 + 1 3619080 3622311 -
12 599 95361 + 1 3225330 3316231 -
12 95896 110000 + 1 3209535 3224536 +
12 110651 156726 + 1 3162810 3209123 -
12 157598 179753 + 1 3142922 3161906 +
12 181354 324554 + 1 3003240 3141535 -
12 325280 327052 + 1 3001040 3002833 +
12 327289 340778 + 1 2986264 3000080 +
12 342225 441224 + 1 2894607 2985021 -
12 443061 444825 + 1 2891084 2892766 +
12 447977 450623 + 1 2887586 2890302 -
12 451847 466108 + 1 2866523 2880673 +
13 1254 14601 + 1 2481804 2495090 +
13 15033 154211 + 1 2344246 2480604 -
13 158807 400698 + 1 2056845 2267181 -
14 36325 54661 + 1 4378045 4398114 +
14 55099 69896 + 1 4398890 4414389 -
14 70633 134289 + 1 4414662 4481007 +
14 134905 142348 + 1 925495 932694 -
14 142910 230390 + 1 789554 872189 -
14 232190 244561 + 1 774805 788334 +
14 245171 318160 + 1 698536 773806 -
14 321185 345605 + 1 643863 668607 -
14 348546 394494 + 1 594159 643384 +
14 409994 510348 + 1 492168 590003 -
14 513187 519354 + 1 445384 451849 +
14 520228 533108 + 1 463972 478197 +
14 545192 575498 + 1 408722 442181 +
14 576614 581163 + 1 402600 407208 -
14 536343 538978 + 6 1797377 1800034 +
15 172 173603 + 3 3173623 3328790 +
15 214272 368582 + 3 3331738 3490367 +
15 198604 202085 + 2 3631996 3635458 +
16 5398 603878 + 4 2149095 2793525 -
17 110731 130267 + 7 3000976 3015729 -
17 135571 141859 + 7 2992869 2999379 +
17 143268 156033 + 7 2977762 2990480 +
17 158339 160805 + 7 2974535 2976505 -
17 162867 166090 + 7 2968753 2972065 +
17 169174 218442 + 7 2906524 2966389 -
17 221347 226894 + 7 4036119 4041422 +
17 229032 280185 + 7 3975283 4010971 +
17 300525 302934 + 7 4021157 4023475 -
17 308735 317142 + 7 4025361 4031817 +
17 322952 337592 + 7 3962679 3971958 +
17 338783 467052 + 7 3839693 3960829 -
17 65437 68975 + 3 1706865 1710368 -
17 694 20418 + 6 3609001 3629593 +
17 21052 23092 + 6 3651203 3653265 -
17 23593 59346 + 6 3653882 3680254 +
17 75052 109234 + 6 3681086 3708408 +
18 60206 61284 + 5 5912045 5913120 -
18 4362 45411 + 7 1433 38505 +
18 67535 141101 + 7 39673 108824 +
18 162366 191677 + 7 114798 155324 -
18 192315 212790 + 7 159663 180817 +
18 213262 224320 + 7 181927 200166 -
18 226510 279140 + 7 203194 256212 +
18 283337 296264 + 7 292979 305549 -
18 296644 306451 + 7 264805 273875 -
18 309062 310749 + 7 307754 311310 +
18 310791 311862 + 7 312850 313997 -
18 312869 314450 + 7 257826 259447 +
18 329495 331024 + 7 315127 316497 +
18 337714 350349 + 7 371778 384499 -
19 13497 22358 + 5 3423292 3432502 +
19 22391 342482 + 5 3447670 3750048 +
20 1571 20767 + 7 1682104 1698033 +
20 40548 111055 + 7 1700288 1757396 +
20 112152 117951 + 7 1758109 1764148 -
20 118188 293498 + 7 1764973 1946836 +
20 294894 385784 + 7 1947957 2040475 -
20 386502 418285 + 7 2041228 2075803 +
20 419114 448305 + 7 2105394 2134864 +
20 27963 32855 + 1 3955689 3960584 +
21 643 38200 + 4 509136 542835 +
21 54799 76452 + 4 556025 580192 -
21 91492 184839 + 4 584458 654208 +
21 205860 233379 + 4 663017 686597 +
21 236425 237894 + 4 705107 706432 +
21 259352 270496 + 4 707494 719603 +
21 290196 300225 + 4 688235 692866 -
21 312348 321795 + 4 698398 703022 -
21 327028 353303 + 4 725373 746200 +
21 248369 251157 + 5 594660 597345 -
21 197311 200544 + 1 267130 270361 +
22 1198 23571 + 5 2813309 2837802 +
22 24903 338198 + 1 7205388 7438453 -
23 1630 3345 + 1 673717 675390 +
23 50752 57729 + 2 1366431 1372873 +
23 61222 88819 + 2 1374531 1402708 -
23 92567 142665 + 2 1406371 1453653 +
23 143138 152508 + 2 1454397 1464713 -
23 161592 181153 + 2 1468809 1488529 -
23 185692 304502 + 2 1496578 1619221 +
23 307932 324065 + 2 1621957 1640674 -
23 331950 336546 + 2 1645375 1650104 +
23 43316 46291 + 3 3724570 3727552 +
24 1272 250842 + 5 4532594 4802692 +
24 251101 286105 + 5 4804640 4822996 -
24 286864 331930 + 5 4823409 4866757 +
25 4228 212312 + 4 4660201 4849880 -
25 213246 497166 + 4 4339054 4624355 -
25 511946 515439 + 4 4334491 4338334 -
25 517887 519788 + 4 4331408 4333328 +
25 527717 566043 + 4 4301839 4329837 -
25 566309 571120 + 4 4246132 4250012 -
25 509461 511744 + 7 502832 505119 -
26 201868 204260 + 1 9287547 9289940 +
26 185682 187714 + 5 6079099 6080729 +
26 1527 38208 + 4 3017148 3086319 -
26 39661 55584 + 4 3000091 3015332 +
26 68980 135761 + 4 2936252 2994655 -
26 154590 175712 + 4 2918483 2935967 +
26 189673 201118 + 4 2904776 2917143 -
26 209648 211481 + 4 4658009 4659846 +
26 212996 321627 + 4 2795945 2903024 -
27 487 145361 + 3 2171691 2349083 +
27 145811 163153 + 3 2349922 2364396 -
27 163812 221196 + 3 2364757 2423726 +
27 221549 354916 + 3 2444832 2562416 +
27 379374 424265 + 3 2563353 2599709 +
27 425726 427681 + 3 2600374 2602047 -
27 430972 529973 + 3 2604127 2703063 +
27 361157 363950 + 5 499186 501997 +
28 229021 233316 + 5 3432522 3436853 +
28 1914 13751 + 6 663971 675130 -
28 22130 44018 + 6 600684 620632 -
28 51416 67243 + 6 625743 642319 +
28 92635 105058 + 6 644270 657124 -
28 111352 157760 + 6 561029 599176 -
28 158423 179879 + 6 534273 556031 -
28 183324 202508 + 6 489590 501429 +
28 203643 220916 + 6 506523 524936 +
28 240415 324478 + 6 423776 487071 -
29 892 31654 + 5 5822124 5856310 -
29 32822 63616 + 5 5805716 5820256 +
29 65710 160208 + 5 5713624 5803083 -
29 160514 315939 + 5 5501686 5699840 -
30 886 55298 + 4 4871250 4927408 +
30 57413 71126 + 4 4928484 4942083 -
30 72868 74878 + 4 5787217 5789151 +
30 81583 305260 + 4 3327437 3512593 -
31 649 301033 + 5 1809080 2099693 +
32 9135 308514 + 2 3141910 3470948 -
33 14911 19051 + 1 6501702 6505026 -
33 3116 8443 + 5 2127682 2132113 +
33 19778 307157 + 5 2133335 2391742 +
34 1615 114280 + 6 1409 94018 +
34 116685 119085 + 6 101361 103924 -
34 124630 160285 + 6 120903 156626 +
34 187507 237335 + 6 157825 202781 -
34 238979 249644 + 6 215539 226514 +
34 251805 339233 + 6 243683 350053 -
34 341033 344340 + 6 237413 240846 +
34 348538 353795 + 6 227712 234278 -
34 367861 379462 + 6 398457 409994 -
35 890 199205 + 5 2838152 2973876 +
35 200252 207109 + 5 2976472 2980715 -
35 209612 257425 + 5 2981127 3005117 -
35 263122 300191 + 5 3005544 3044349 +
36 1834 16589 + 1 7521466 7536749 -
36 16933 107550 + 1 7547202 7625288 +
36 108015 126183 + 1 7627191 7645408 -
36 127775 298826 + 1 7646644 7797401 +
37 3177 6367 + 4 4139847 4143028 -
37 7437 9343 + 4 4137493 4139455 +
37 15876 213736 + 4 3944620 4131564 -
37 213901 224684 + 4 3932993 3943970 +
37 225521 283237 + 4 3868333 3929163 -
38 16526 19850 + 6 95814 99067 -
38 81285 83931 + 6 3786765 3789423 +
38 1723 15664 + 7 1252662 1258427 -
38 21277 73465 + 7 1215639 1251540 -
38 88550 122038 + 7 1189128 1214872 -
38 143796 145168 + 7 1135999 1137802 -
38 158037 159635 + 7 1185029 1186632 -
38 160735 161974 + 7 1183112 1184324 +
38 175353 190770 + 7 1166745 1181154 -
38 191307 214290 + 7 1149849 1161803 -
38 215986 261852 + 7 1079347 1116046 -
38 274747 281412 + 7 1032465 1039418 -
38 269643 272921 + 5 982149 985416 +
38 163480 170285 + 3 182022 188207 +
39 255105 256333 + 1 5753212 5754441 -
39 27002 120597 + 5 797926 891315 -
39 125101 149100 + 5 481978 492778 +
39 186602 225953 + 5 509915 545855 +
39 227110 228716 + 5 547776 549432 -
39 238770 246412 + 5 552336 558443 +
39 268123 280563 + 5 559812 573281 +
39 177923 180257 + 6 3074852 3076208 +
40 532 45231 + 6 2071034 2103153 +
40 46041 49248 + 6 2103773 2107011 -
40 50335 75894 + 6 2108160 2134309 +
40 100205 205016 + 6 2134332 2241962 +
40 228047 279948 + 6 2242247 2297007 +
40 211986 217679 + 2 2132032 2138351 -
40 92237 95752 + 1 3767421 3770932 +
40 97451 98765 + 7 1163532 1164784 -
41 10170 54235 + 7 3207646 3218740 +
41 55137 158794 + 7 3100379 3199325 -
41 168917 180912 + 7 3084407 3096794 +
41 182169 212314 + 7 3053602 3082893 +
41 214068 249085 + 7 3016099 3052373 -
42 738 65541 + 3 1552529 1611581 +
42 66176 85220 + 3 1614061 1624957 -
42 87205 136880 + 3 1626279 1676313 +
42 141583 157862 + 3 1680169 1697078 -
42 158356 161896 + 3 1698657 1702536 +
42 162125 265188 + 3 1750018 1830782 +
43 880 267064 + 2 2414991 2654588 +
44 12514 186827 + 3 3915182 4073256 +
44 186996 262549 + 3 4095698 4170871 +
45 17008 33305 + 2 4125636 4150695 -
45 43761 58956 + 2 4086052 4125597 -
45 72694 92533 + 2 4190191 4212617 +
45 96403 99770 + 2 4170651 4174188 -
45 106687 114561 + 2 4181542 4188803 -
45 116639 121109 + 2 4213397 4217954 +
45 124307 125327 + 2 4219500 4220520 -
45 127601 150631 + 2 4222522 4241082 +
45 151290 154520 + 2 4262960 4266302 +
45 184726 186302 + 2 4268721 4270334 +
45 209139 213496 + 2 4270774 4274953 +
45 215500 260201 + 2 4279508 4310240 -
45 35224 37448 + 5 1158904 1161134 -
45 200689 203432 + 5 5228710 5231468 -
45 176873 182042 + 6 352691 357740 -
46 750 30659 + 5 2392428 2429401 +
46 57253 253905 + 5 2429800 2651379 +
46 34120 35347 + 6 4178136 4179363 -
47 5330 297655 + 1 7798376 8057376 -
47 892 1960 + 7 4019806 4020936 +
48 1648 4970 + 1 922605 924835 +
48 5990 21106 + 1 62129 105699 -
48 24664 37884 + 1 45711 57229 +
48 44761 75534 + 1 1513 44564 -
48 133063 185251 + 1 215291 254543 +
48 186583 192092 + 1 256858 259349 -
48 194510 197473 + 1 259556 260850 +
48 204512 207675 + 1 289166 294628 +
48 222162 231377 + 1 305703 315159 -
48 238635 242218 + 1 324918 328503 -
49 17680 31941 + 6 3473897 3488275 -
49 41182 48721 + 6 3465043 3470600 +
49 57752 118975 + 6 3421575 3464380 -
49 120156 192543 + 6 3339925 3406956 -
49 193387 226035 + 6 3303335 3334609 -
49 239424 241107 + 7 4208791 4210447 -
50 16806 28782 + 4 228413 242490 +
50 30011 34403 + 4 218968 223517 -
50 35173 36853 + 4 216505 218205 +
50 37893 41257 + 4 212511 216017 +
50 74136 78325 + 4 201300 204637 -
50 80230 207195 + 4 329735 420196 +
50 207861 210838 + 4 420753 423688 -
50 211817 234569 + 4 424839 463933 +
50 254091 255207 + 4 4174373 4175491 -
50 265523 287204 + 4 476576 489644 +
50 301403 312006 + 4 497123 506601 +
50 296047 298825 + 3 791631 794347 -
51 952 39887 + 7 641091 678166 +
51 41702 43792 + 7 679158 681399 -
51 45427 139716 + 7 682263 767156 +
51 140492 144563 + 7 769995 771800 -
51 145597 235578 + 7 772658 868293 +
52 230658 232316 + 4 5244108 5245814 -
52 3749 213823 + 6 1452804 1625018 +
52 221557 225756 + 2 3670007 3674164 +
53 525 11544 + 3 2704560 2716189 +
53 18362 21552 + 3 359969 363128 +
53 25071 50338 + 3 2716507 2742838 +
53 79183 135877 + 3 2746240 2791091 +
53 137141 140090 + 3 2791917 2794885 -
53 140478 217996 + 3 2795639 2881147 +
53 220157 234241 + 3 2892573 2906328 +
53 55372 76165 + 4 4976410 4986520 -
54 6083 86718 + 6 1989113 2069734 -
54 87959 97320 + 6 1978005 1987478 +
54 97772 225725 + 6 1823792 1977181 -
54 225761 228503 + 6 1792683 1795046 -
55 57352 206666 + 6 3076602 3213492 +
55 209207 225966 + 6 3214356 3230682 -
56 6565 42324 + 2 2170758 2209476 -
56 42437 79275 + 2 2076274 2113342 -
56 81440 89323 + 2 2066132 2074454 +
56 89767 108713 + 2 2045374 2065869 -
56 110059 117286 + 2 2036736 2044105 +
56 118208 156391 + 2 1984400 2035827 -
56 158267 170006 + 2 1971615 1983840 +
56 170474 226679 + 2 1914858 1970464 -
57 795 10881 + 7 1561050 1571262 +
57 13517 85217 + 7 1490409 1554615 -
57 87308 125298 + 7 1449437 1485840 +
57 128973 221647 + 7 1376861 1448906 -
58 130156 132364 + 7 2090434 2092601 -
58 17604 127383 + 1 3417667 3536841 +
58 148163 162370 + 1 3537574 3552457 +
58 163153 191139 + 1 3566024 3595691 +
58 192141 224473 + 1 3638567 3734680 +
59 904 184602 + 4 1823509 2102685 -
59 194377 205784 + 4 1811645 1823129 -
59 190738 192748 + 9 58958 60765 -
60 5025 172612 + 2 2211747 2375515 +
61 2566 116657 + 3 1437858 1549609 -
61 117638 123369 + 3 1431348 1437512 +
61 123692 135914 + 3 1415816 1428374 +
61 139174 150173 + 3 1403949 1415211 +
61 150652 169130 + 3 1380803 1403076 -
61 173274 195501 + 3 1355624 1379670 +
62 1291 38592 + 3 493893 527720 +
62 41642 42855 + 3 530164 531331 -
62 46356 83520 + 3 535063 556421 +
62 84461 98027 + 3 560604 575066 -
62 102363 201848 + 3 575157 679097 +
62 219858 239709 + 2 2946551 2967599 -
63 641 199122 + 3 3728809 3908344 -
64 9361 76344 + 4 1357896 1417341 +
64 86156 101896 + 4 1423920 1434287 -
64 106062 171152 + 4 1435150 1521978 -
64 171419 173701 + 4 1522654 1525190 -
64 174753 176907 + 4 1550717 1553088 -
65 764 197861 + 2 2659671 2858313 +
66 2171 20042 + 4 5129666 5141641 +
66 26552 98498 + 4 5156827 5207845 +
66 102790 154874 + 4 5250262 5307676 +
66 155589 187676 + 4 5332351 5378691 +
67 1139 55607 + 7 1625328 1681613 -
67 100997 104373 + 7 615312 618676 -
67 120218 147878 + 7 1601007 1618640 -
67 171134 195549 + 7 1573951 1598338 -
67 157495 165450 + 1 454329 462462 +
68 1084 8218 + 4 1614279 1621467 -
68 10301 25955 + 4 1661711 1674870 +
68 27386 42288 + 4 1675566 1688555 -
68 49565 57410 + 4 1690390 1700343 -
68 76675 175399 + 4 1714769 1811003 +
68 203933 267022 + 5 431352 480105 +
68 271523 288636 + 5 732119 749444 +
69 793 96765 + 3 4315403 4399058 +
69 105851 188977 + 2 2969682 3041567 -
70 2864 16430 + 7 394424 407303 -
70 17282 22822 + 7 433279 438789 +
70 24616 45970 + 7 440348 450630 -
70 50694 53814 + 7 454871 458475 -
70 56966 99086 + 7 460302 501969 +
70 100112 113856 + 7 526435 541457 +
70 114103 128127 + 7 542267 553288 -
70 129729 134559 + 7 555847 561161 +
70 143007 190809 + 7 562047 606470 +
70 138980 140298 + 1 1184329 1185694 -
71 1183 15852 + 3 4642241 4651258 -
71 39068 92086 + 3 4597793 4639683 -
71 97478 138803 + 3 4538845 4578680 +
71 150263 151835 + 3 4525940 4527507 -
71 157512 164469 + 3 4518782 4525241 +
71 166944 183101 + 3 4498655 4514942 -
71 27376 32091 + 6 374602 377327 +
72 133329 137321 + 4 4175630 4179549 -
72 56436 91856 + 1 3380437 3417203 -
72 100769 129658 + 1 3349959 3380025 -
72 153195 183603 + 1 3317535 3348828 -
72 95414 97255 + 3 2884267 2887507 -
73 16394 18705 + 2 2906383 2908664 +
73 54256 225973 + 3 965993 1150183 +
74 29371 43213 + 2 769016 783845 -
74 71477 101529 + 2 709424 738600 +
74 111658 135370 + 2 739731 766893 +
74 140934 142732 + 2 696098 698030 -
74 148805 175928 + 2 654194 683591 +
74 103380 106844 + 1 6449805 6453245 -
75 837 167675 + 1 5573165 5734593 +
75 168035 178629 + 1 5773140 5784021 +
76 1751 24687 + 3 45718 85205 +
76 25842 29732 + 3 94325 98735 -
76 30827 34727 + 3 99670 103482 +
76 39036 42200 + 3 104248 107373 -
76 42708 121426 + 3 109802 171154 +
76 148072 155552 + 3 189650 197196 +
76 156402 161246 + 3 174515 179182 -
77 1344 71212 + 5 1311936 1358810 +
77 72815 83079 + 5 1359081 1369763 -
77 83521 155567 + 5 1371619 1447054 +
77 156779 171447 + 5 1447667 1461804 -
78 3061 23623 + 5 749511 771252 +
78 25793 34594 + 5 719969 729298 -
78 39544 42718 + 5 714952 718226 -
78 42975 44637 + 5 699157 700820 +
78 47012 52643 + 5 701772 707581 -
78 53395 56219 + 5 710336 713950 +
78 56921 160882 + 5 614816 698929 -
78 160996 166662 + 5 574989 580659 -
78 34945 37354 + 1 5805265 5807573 +
79 1219 32100 + 6 3754926 3781876 +
79 33337 35333 + 6 3796191 3798072 +
79 44717 64502 + 6 3807379 3826944 -
79 68157 127093 + 6 3829089 3867376 +
79 134659 144079 + 6 3881821 3891811 -
79 148329 153071 + 6 3871902 3876586 +
79 155150 158250 + 6 3892061 3895558 -
80 146933 147956 + 1 5961183 5962209 +
80 11227 21289 + 3 330194 340178 -
80 31554 48994 + 3 406363 423614 -
80 109746 121232 + 7 3600331 3611708 -
80 122844 140018 + 7 3569483 3588224 +
80 148593 156152 + 7 3590546 3598346 +
80 157360 190981 + 7 3533809 3568715 -
80 193020 226097 + 7 3497733 3531668 +
80 226832 282483 + 7 3450809 3497452 -
80 320545 324545 + 7 3441419 3445412 -
81 155637 161874 + 4 4293162 4299373 +
81 1324 26369 + 7 3612459 3627909 +
81 26784 44453 + 7 3628367 3635450 -
81 45261 63577 + 7 3636898 3650081 +
81 69142 120418 + 7 2855921 2903738 -
81 123867 125508 + 7 2853851 2855672 +
81 126045 143047 + 7 2836623 2853417 -
82 2624 99484 + 2 786998 885451 +
82 107158 139483 + 2 887154 907505 -
82 140372 173707 + 2 908351 937819 +
83 16375 173475 + 5 4867018 5015209 -
83 997 11115 + 2 3089138 3098431 +
84 8018 159658 + 2 4324091 4470525 +
85 11211 71153 + 4 1202373 1255700 +
85 72102 74087 + 4 1256514 1258627 -
85 75632 81460 + 4 1259859 1265896 +
85 81957 164181 + 4 1278074 1357781 +
86 7061 105808 + 4 4995996 5123100 -
86 116311 155375 + 4 4945138 4966262 -
87 3170 4847 + 6 3710398 3712067 +
87 15929 17964 + 6 2796380 2798494 +
87 18662 22536 + 6 384998 388870 +
87 40131 138905 + 6 3714262 3744789 -
87 139670 156199 + 6 3745832 3753561 +
88 970 114312 + 1 8132928 8223347 -
88 114821 154981 + 1 8477689 8519024 +
89 3689 16468 + 3 5147604 5162226 -
89 18869 30468 + 3 5184762 5195554 +
89 32214 38022 + 3 5196636 5202749 -
89 38965 41911 + 3 5204082 5207160 +
89 80591 84570 + 3 5220098 5223574 +
89 102092 147632 + 3 5224401 5260461 +
89 88073 92219 + 7 2155177 2159282 -
89 60365 64703 + 4 5990740 5995096 +
90 5030 142717 + 7 3219198 3359101 -
90 149437 153876 + 7 3201405 3205957 +
91 4837 10862 + 5 1574453 1580520 -
91 11586 35348 + 5 1592638 1615614 +
91 36152 37484 + 5 1616397 1617733 -
91 39089 116756 + 5 1618228 1675533 +
91 120518 140514 + 5 1682484 1708458 -
91 162330 178047 + 5 1712345 1728938 +
92 3286 103756 + 4 3120734 3210604 -
92 142417 171822 + 4 3090833 3118959 -
92 113312 116591 + 6 1335324 1338592 -
93 26474 52113 + 1 106253 129712 +
93 52719 65654 + 1 130325 144262 -
93 68165 127918 + 1 144768 177766 +
94 2370 65103 + 6 4072811 4132669 -
94 65939 71811 + 6 4063880 4072286 +
94 75874 104443 + 6 4035488 4059293 -
94 117195 148203 + 6 3977780 4010813 +
94 153022 173783 + 6 3957552 3976722 -
94 176029 185323 + 6 3948313 3956762 +
94 188921 190058 + 6 3945697 3946819 +
94 190464 254316 + 6 3899421 3942898 -
95 4861 18305 + 1 5853094 5867434 +
95 21128 40483 + 1 8450871 8470887 +
95 40652 45104 + 1 8471026 8475422 -
95 47211 123179 + 1 8080676 8132516 -
95 133554 151519 + 1 8058854 8076613 -
95 125089 127455 + 6 3489302 3491639 +
96 116181 118013 + 6 3413967 3415772 +
96 7214 87192 + 7 921588 973422 +
96 125451 160301 + 7 974010 1007147 +
96 161251 162341 + 7 1028285 1029426 +
97 1076 223305 + 1 8652812 8813229 -
98 1650 143449 + 5 5264983 5405740 -
99 4315 6002 + 5 393275 395063 +
99 11647 142389 + 5 295779 381202 -
100 1317 6501 + 3 2166051 2171326 -
100 8354 16213 + 3 2154042 2161661 +
100 22374 131787 + 3 2057345 2152809 -
100 132439 137719 + 3 2043888 2049372 +
101 2340 5815 + 2 3925971 3929564 +
101 7990 89028 + 2 172077 248417 -
101 102175 136705 + 2 79803 105068 +
102 86888 158903 + 4 1088082 1193373 +
102 49037 51991 + 5 1075994 1078368 -
102 58542 63726 + 7 2220806 2225250 +
103 8745 10185 + 4 904621 905636 +
103 15242 43456 + 1 8623702 8651569 -
103 47021 65135 + 1 8616290 8621329 +
103 67449 124603 + 1 8558497 8615209 -
103 124813 127433 + 1 8555822 8558468 +
103 128007 164803 + 1 8520739 8555649 -
104 1135 39412 + 4 1621887 1660303 +
104 43686 101529 + 4 1553535 1611363 -
104 102267 126006 + 4 1525873 1548912 +
105 1257 96685 + 1 3972730 4162491 -
106 4511 245481 + 3 3490733 3721851 -
107 12196 122619 + 6 2454392 2551951 -
108 20581 23313 + 5 6068180 6070765 -
108 12508 13968 + 1 6990862 6992168 +
108 28357 117795 + 1 6994660 7093365 +
109 45133 98930 + 3 4724196 4776801 -
109 109751 117588 + 3 4664544 4672716 +
110 8703 83268 + 7 4043352 4104599 -
110 96568 115519 + 7 4106386 4126453 +
111 1580 33010 + 6 3579650 3608229 -
111 34516 37204 + 6 3576356 3579284 +
111 38318 86453 + 6 3538246 3575123 -
112 48280 72658 + 1 9483617 9513774 -
112 10679 23774 + 6 2361185 2374411 +
112 29015 45540 + 6 2334491 2351580 -
112 75901 93600 + 6 2316349 2332709 -
112 101333 117385 + 6 2298480 2313008 -
113 10721 25876 + 3 2908597 2923664 +
113 26366 82655 + 3 2924055 2989882 -
113 82826 178234 + 3 2990041 3070055 +
114 4695 11596 + 6 1288338 1296417 +
114 13519 29061 + 6 1299466 1314720 -
114 34343 41721 + 6 1321699 1328779 -
114 48254 115157 + 6 1341921 1411913 +
115 3279 26105 + 5 165936 200794 -
115 37009 113930 + 5 203037 245038 +
116 2524 39745 + 5 5857811 5891021 +
116 40127 79737 + 5 5917153 5962928 +
116 81389 84131 + 5 5966965 5969853 -
116 92216 93714 + 5 5978536 5980043 -
116 99273 100671 + 5 6023174 6024545 +
116 111103 113469 + 5 6035867 6038245 -
117 34193 112486 + 5 1218622 1299760 +
117 11842 15084 + 2 1272235 1274843 -
118 35282 45868 + 3 4868148 4878053 +
118 47297 104325 + 3 4880811 4925359 -
119 3699 9886 + 1 1186794 1193131 -
119 10822 29933 + 1 1160867 1181610 -
119 30467 40577 + 1 1153195 1160585 +
119 41422 110553 + 1 1083976 1152149 -
120 53275 55146 + 5 1137820 1139674 +
120 48735 51060 + 3 2426061 2430159 -
120 6697 44474 + 4 142033 179976 -
120 55857 68297 + 4 105343 113049 -
120 81250 84945 + 4 98771 102359 +
120 86488 108761 + 4 71094 97319 -
121 1344 48200 + 3 3071210 3118066 +
121 48725 50385 + 3 3118348 3119971 -
121 50816 53778 + 3 3122529 3125320 -
121 56479 68176 + 3 3126386 3138368 +
121 85242 106768 + 3 3139348 3158665 +
121 80471 81924 + 1 2287080 2288173 -
122 1793 105487 + 3 1876843 1975868 +
122 125549 133441 + 3 1976189 1984444 +
122 135090 168026 + 3 1986713 2017684 -
122 168911 192395 + 3 2018247 2042786 +
122 193947 198337 + 3 2051970 2056621 -
122 115225 117249 + 2 3683074 3685097 +
123 3989 98479 + 5 3751586 3839253 +
124 2226 98486 + 5 3845298 3962568 -
125 1417 96179 + 5 6310164 6409564 +
126 1395 101375 + 1 2537344 2633806 -
127 1565 100075 + 5 5015375 5110600 +
128 18368 94734 + 7 3730616 3805463 +
129 14853 50423 + 5 6236383 6274323 -
129 71805 83557 + 5 6198696 6210839 +
130 7862 51639 + 1 2788838 2832020 +
130 55573 68192 + 1 2833217 2846118 -
130 71282 89309 + 1 2846622 2865659 +
130 90766 94650 + 1 2881885 2885759 -
131 1763 17780 + 2 1023150 1039462 -
131 18053 25162 + 2 1011390 1022981 +
131 25704 95277 + 2 937932 1010813 -
132 6786 100764 + 2 1755203 1833322 -
133 1958 54677 + 1 1002338 1054189 +
133 55277 82847 + 1 1054784 1082145 -
134 1653 55972 + 3 4932414 4982109 +
134 60775 72452 + 3 5001435 5013378 -
134 80995 83125 + 3 5018941 5021128 +
134 100613 101909 + 3 5060527 5061769 +
134 110327 130766 + 3 5033529 5059279 -
134 139632 141006 + 3 5090323 5091697 +
134 141789 143211 + 3 5016298 5017771 -
134 147794 178036 + 3 5092398 5119168 +
135 1442 6144 + 3 283041 287590 +
135 27503 91950 + 3 219522 282827 -
135 94110 108043 + 3 201935 217665 +
136 5444 120975 + 1 1925091 2024780 -
136 122714 124114 + 2 3602434 3603832 +
137 22157 42069 + 2 1837590 1855237 -
137 52050 105765 + 2 1861458 1914745 +
137 110485 112107 + 7 2497243 2498850 +
138 1918 88662 + 2 1651113 1752081 +
139 5289 83948 + 6 1625869 1702297 +
140 1501 49318 + 3 1219077 1289709 +
140 51053 57611 + 3 1291594 1299448 -
140 58551 67320 + 3 1301783 1310654 +
141 1972 84684 + 5 2652184 2735347 -
142 3212 32221 + 6 1748986 1792432 -
142 33108 44343 + 6 1735923 1747897 +
142 49043 83882 + 6 1705005 1734133 -
143 17293 73045 + 1 6945268 6973725 +
144 2845 82746 + 1 7127380 7204146 +
145 4747 45724 + 6 2552252 2587930 +
145 50759 70773 + 6 2588899 2610106 +
145 48327 49502 + 7 610876 612103 -
146 23032 32786 + 5 1581514 1592001 +
146 33372 48486 + 5 1556748 1572399 +
146 52330 147723 + 5 1464347 1554380 -
146 14518 16504 + 3 171657 173703 -
147 4849 8603 + 7 278388 282058 +
147 24765 57966 + 7 4165750 4196364 -
148 17 1177 + 7 4162453 4163525 -
148 10075 13124 + 4 5959368 5962406 -
148 23593 80424 + 4 5678915 5724610 -
148 19923 21886 + 3 779618 781571 -
149 14910 40996 + 7 4216451 4233790 -
149 41735 44124 + 7 4200435 4202761 -
149 46072 79611 + 7 4127029 4161277 +
150 1629 77020 + 6 1106527 1201290 -
151 6447 41908 + 1 1438692 1473751 +
151 42692 55269 + 1 1474602 1487458 -
151 56071 65491 + 1 1489310 1498947 +
152 5920 50967 + 6 3240951 3286941 +
152 54530 64330 + 6 3288774 3299988 -
153 1960 10046 + 4 5937731 5945178 -
153 11936 71461 + 4 5842678 5914325 -
154 57 1232 + 1 6298636 6299809 -
154 4240 68715 + 2 8935 32999 -
154 85960 87218 + 2 34632 35825 -
154 89028 106128 + 2 36675 49117 +
154 119802 130198 + 2 57477 68018 -
154 132118 147902 + 2 154010 166367 -
155 12563 14788 + 5 1741183 1743415 +
155 15213 69817 + 5 1743755 1798469 -
155 70801 73227 + 5 1799456 1801817 +
156 1987 43194 + 7 2775304 2831870 -
156 46675 63431 + 7 2755983 2773191 +
156 64730 71691 + 7 2747910 2755206 -
157 64606 84193 + 7 2483306 2494653 +
157 85362 121132 + 7 2507137 2555570 +
158 31016 40482 + 4 185130 198353 +
158 48527 72302 + 4 300726 320991 -
159 14612 74434 + 1 1704944 1762276 +
160 27646 55884 + 1 934687 963867 +
160 76577 94585 + 1 964227 982349 +
160 74219 76457 + 3 1702558 1704790 -
161 32351 34703 + 4 1267375 1270080 +
161 35096 54309 + 4 4214604 4230123 -
162 2364 88340 + 1 1873822 1924137 -
163 4472 27431 + 7 3359203 3390459 +
163 48628 50767 + 7 3699694 3702091 +
163 52807 68856 + 7 3392452 3405034 +
164 1891 94396 + 1 2636480 2728628 -
165 95 1399 + 1 2634001 2635263 -
165 26602 55158 + 4 4180600 4201742 -
165 56366 76167 + 4 4147105 4167457 -
166 3942 68921 + 1 1209950 1276981 +
167 2202 7178 + 7 3657043 3661451 +
167 8225 39341 + 7 3703759 3729212 -
167 43681 55198 + 7 3663480 3670584 -
168 7498 62555 + 4 3264546 3326830 -
169 1710 44132 + 2 2859275 2902684 +
169 44227 66650 + 2 2921215 2944009 +
170 51661 54787 + 4 5924618 5927723 +
170 2611 46245 + 7 1258938 1318372 +
170 57180 67099 + 7 1346667 1354901 +
171 2005 52642 + 4 5796592 5842083 -
171 53061 54982 + 4 5794108 5796035 +
171 56107 85731 + 4 5645139 5676467 +
172 2483 37887 + 6 1259889 1287829 -
172 39070 49864 + 6 1247261 1259148 +
172 51270 57742 + 6 1239558 1245942 +
172 59595 66054 + 6 1231115 1237450 -
173 1824 39701 + 3 1179903 1218973 -
174 25 1349 + 3 1150787 1152216 -
174 1947 65405 + 7 2684132 2746006 -
175 3028 65249 + 1 2730881 2788514 -
176 12397 16873 + 1 3553399 3555550 -
176 2900 9447 + 4 747321 754671 +
176 17054 63801 + 4 757103 789899 +
177 2005 13029 + 5 153066 163666 +
177 14664 21133 + 5 123974 130329 -
177 25402 48670 + 5 95460 119625 +
177 53261 55268 + 5 90336 91638 -
178 2359 61315 + 5 5112201 5172089 +
179 3224 38798 + 1 5808725 5843588 -
179 45607 62930 + 1 5786141 5803484 -
180 92 1291 + 1 5784692 5785814 -
180 2267 13324 + 1 7493623 7504144 +
180 15418 61494 + 1 7443527 7491159 -
181 4825 63990 + 3 4436394 4498598 -
182 6165 26948 + 1 1574651 1595234 -
182 31844 46145 + 1 1566509 1572711 +
182 47886 63265 + 1 1532630 1547905 +
183 1940 56958 + 5 5173161 5224463 -
184 4470 9839 + 1 319252 324470 -
184 14080 24303 + 1 332271 342708 +
184 25222 28052 + 1 343652 346567 -
184 29208 52546 + 1 348771 369042 +
185 2131 54736 + 4 3210940 3263757 +
186 4211 44472 + 6 2611413 2657026 -
187 11403 19856 + 5 385191 392594 -
187 24369 57491 + 5 397513 428194 +
188 3270 59566 + 1 4279466 4376906 -
189 4412 6706 + 4 5726294 5727501 -
189 7977 58711 + 4 5727911 5785639 +
190 1905 56913 + 1 1617249 1675132 +
191 1902 57211 + 3 4172942 4225505 -
192 5 1267 + 3 4171677 4172927 -
192 4740 51355 + 1 8841922 8878344 +
193 54304 56731 + 3 691072 693285 -
194 21182 23917 + 1 3870716 3873194 -
195 3831 21951 + 3 5163275 5183889 +
195 23232 41441 + 3 5130161 5146424 +
195 42959 50822 + 3 5120925 5129243 -
196 2585 41975 + 6 1414058 1452363 +
197 21244 25580 + 5 4240100 4244437 +
197 2959 6440 + 7 913643 917490 -
197 32632 51058 + 7 869528 887375 -
198 3942 5869 + 1 3746877 3748913 -
198 27358 29874 + 7 2280156 2282773 -
199 535 1647 + 7 1063724 1064839 -
199 13821 49278 + 1 6910314 6944505 +
200 2848 3949 + 5 5710798 5711852 +
200 6393 23118 + 3 33438 45418 -
200 24258 28295 + 3 29237 31757 +
200 30842 49667 + 3 9289 28891 -
201 7703 61829 + 5 21418 73465 +
202 2492 40715 + 3 4227878 4291002 +
202 41000 44733 + 3 4291349 4295117 -
202 45143 50009 + 3 4295508 4302223 +
203 299 1324 + 3 4302327 4303351 +
203 33850 35748 + 2 573052 574911 +
203 3636 32907 + 6 2730759 2760853 -
203 38902 51435 + 6 2714283 2726907 -
204 9083 48876 + 4 243795 286148 -
205 2617 41424 + 2 2375717 2414646 -
206 4754 40323 + 4 790793 829665 +
206 40494 70102 + 4 842482 871075 +
206 79087 80302 + 5 893144 894326 +
207 22133 63359 + 4 3842601 3865894 +
208 3485 46837 + 1 4231308 4276543 -
209 22171 25451 + 4 5324587 5327874 +
209 2516 18413 + 7 2635692 2652147 -
209 35586 46555 + 7 2624170 2635306 -
210 2482 46007 + 4 2103040 2146852 +
211 11932 51436 + 1 9672497 9766531 +
212 3776 35644 + 3 4693754 4723085 +
212 41983 45520 + 3 4653007 4658504 -
213 3512 20693 + 3 4807879 4823818 +
214 11 1543 + 2 4178185 4179641 +
214 2473 25356 + 7 321726 371404 -
215 2405 44683 + 3 1833034 1876490 -
216 359 1899 + 3 1831137 1832671 -
217 3166 35965 + 5 5421185 5456700 +
217 37203 44224 + 5 5459229 5466567 -
218 159 1417 + 5 5457880 5459183 -
218 12069 43815 + 6 2657216 2712167 +
219 552 1771 + 6 2712640 2713820 +
219 6864 43766 + 1 2496582 2533989 +
220 119 1872 + 1 2534002 2536268 +
220 6891 11329 + 7 3833142 3837577 -
220 12764 14243 + 7 3830455 3831870 +
220 30158 42874 + 7 3806984 3820025 +
221 2612 20272 + 5 2735354 2753113 +
221 21442 32653 + 5 2753414 2764968 -
221 34272 45619 + 5 2765846 2776036 +
221 48136 79237 + 5 2783978 2812338 -
222 251 1551 + 5 2781993 2783375 -
222 7190 35847 + 7 407789 432099 +
222 38404 42431 + 7 387991 392149 -
223 35347 38704 + 3 725509 729103 -
223 42543 43744 + 3 817242 818434 -
224 52601 55922 + 5 1210090 1213362 -
224 5368 52559 + 7 2556818 2586581 +
224 56419 71444 + 7 2587581 2601792 +
225 8328 39952 + 5 6154789 6193752 -
226 3669 40550 + 5 248244 291696 +
227 632 1996 + 5 293492 294877 +
227 17798 23448 + 5 3044461 3050052 +
227 31454 41361 + 5 3050385 3052257 +
227 7537 9578 + 2 4248764 4250806 +
227 23476 26867 + 6 501919 505311 +
227 28590 31164 + 6 3336617 3339179 +
228 652 1936 + 5 3052652 3054097 +
228 2552 23695 + 6 2414126 2436254 +
228 25020 40409 + 6 2437171 2453036 -
229 5613 27672 + 1 1389536 1413494 +
229 29441 40854 + 1 1421895 1434919 -
230 4731 39398 + 1 1302773 1336137 -
231 984 2291 + 1 1299173 1300230 -
231 2994 18346 + 6 4149127 4162731 -
232 4504 24587 + 5 6082654 6097147 -
232 31020 68693 + 5 6038495 6062362 -
234 2486 5132 + 5 5224652 5227046 +
234 9700 23186 + 5 5238252 5252376 +
234 27150 30841 + 5 5253179 5256964 +
234 24526 26076 + 7 3446588 3448140 +
235 2977 36338 + 1 4167072 4227640 +
236 6097 36347 + 4 33142 66932 -
237 163 1367 + 4 31912 33125 -
237 2556 36346 + 1 7097678 7123835 +
238 174 1538 + 1 7123840 7125394 +
238 5132 36060 + 2 3488843 3528706 +
239 2515 36299 + 2 3045816 3079411 -
240 7059 28573 + 5 6122950 6138119 -
242 2459 34170 + 1 2024820 2056572 -
243 2681 4828 + 4 5998398 5999891 +
244 7276 28897 + 2 1076993 1093852 -
245 2683 26494 + 2 1039811 1064345 +
246 2593 32568 + 3 4401328 4433049 +
247 117 1778 + 3 4433080 4434807 +
247 2853 32109 + 1 1675416 1704889 +
248 4515 32263 + 6 1203542 1231079 -
249 11269 31821 + 1 1365939 1388170 -
250 9309 31692 + 1 1799655 1821228 +
250 4101 7432 + 7 1144328 1147646 +
251 12850 27722 + 1 6977226 6990506 -
252 4182 29883 + 5 2100088 2125751 +
253 4087 16307 + 5 5481347 5493517 -
253 16717 29633 + 5 5467282 5479656 +
254 480 1741 + 5 5479720 5481008 +
254 10633 30015 + 3 461495 492827 +
255 6371 29925 + 2 3116216 3140735 +
255 31111 36739 + 8 93991 99775 -
256 5115 28292 + 1 6184895 6190444 +
257 33752 36612 + 3 5269818 5273287 -
258 7271 28616 + 1 8814354 8836437 -
259 4038 28458 + 6 2386728 2412446 -
260 18352 22079 + 3 4795368 4799173 -
261 12920 25229 + 6 4133646 4146265 -
262 2825 6347 + 2 3084976 3089026 -
262 7968 24218 + 2 3098994 3115976 +
264 4121 26185 + 4 4851996 4868273 -
265 6244 11337 + 3 4676807 4682240 +
265 23958 26607 + 3 4688168 4690851 +
265 16872 18125 + 6 558108 559285 -
266 178 1207 + 3 4691005 4692077 +
266 10439 25286 + 1 1599145 1613690 +
267 889 2309 + 1 1615510 1616934 +
267 20406 23030 + 1 5941797 5944413 +
267 23166 29128 + 6 2353653 2359923 -
267 32516 41851 + 6 2375102 2384022 +
267 3533 5110 + 3 887841 894691 +
268 12128 14687 + 7 1017153 1019005 +
269 4141 25707 + 7 1357442 1374982 -
271 113 2638 + 6 2313171 2315733 -
273 9491 18832 + 1 7511941 7520892 +
273 19400 25605 + 1 7540466 7546809 -
274 2824 5796 + 7 606983 610324 +
274 12961 24473 + 7 626032 637970 +
275 7 2731 + 7 638113 640836 +
276 3437 18332 + 5 6293199 6309468 -
276 19705 23648 + 5 6276528 6280458 +
277 9570 20466 + 1 378736 391929 +
278 5566 8085 + 2 3471080 3473020 -
279 4871 6702 + 2 1066461 1068229 +
279 9292 19405 + 4 288306 298213 +
281 3597 5368 + 4 693855 695650 +
281 11898 22131 + 4 831092 841269 -
282 5870 12244 + 2 3477754 3484825 +
283 12207 16284 + 1 3835593 3837061 -
284 285 2575 + 2 2656915 2659331 +
284 2952 21923 + 7 2658989 2679329 +
285 1041 2777 + 7 2679971 2681824 +
285 2842 21144 + 1 1779842 1797672 +
286 200 2042 + 1 1797772 1799040 +
288 3572 34233 + 4 3813998 3840330 -
289 212 1484 + 4 3812802 3813996 -
290 3554 19454 + 1 1510380 1527636 +
291 679 2865 + 1 1527813 1529984 +
291 4645 18597 + 7 2606576 2620674 -
292 51 2616 + 7 2603775 2606372 -
293 3186 17441 + 1 983993 998287 +
294 171 2184 + 1 999262 1001370 +
294 6379 16463 + 2 252039 259307 -
294 19040 20127 + 2 3924273 3925380 +
295 4416 17463 + 1 1550114 1564448 -
296 6474 16816 + 1 8887133 8898950 -
297 382 2743 + 1 8884309 8886196 -
298 2975 17016 + 1 1762302 1776530 +
299 36 2971 + 1 1776560 1779828 +
300 3205 5095 + 7 3654263 3656535 -
301 5086 12262 + 1 1193852 1201200 -
301 12896 17152 + 1 1201666 1205880 +
302 4123 17513 + 1 1828107 1842217 +
303 4395 16493 + 3 1319421 1332608 -
304 3071 4807 + 3 4093309 4095565 -
306 9559 11146 + 5 81278 83392 -
308 11875 14883 + 1 3850551 3853600 +
311 5887 13811 + 3 3162211 3170480 +
312 241 3101 + 3 3170490 3173423 +
312 3992 13191 + 1 1353560 1362790 -
313 986 2658 + 1 1351663 1353090 -
313 5651 10989 + 5 6100419 6115078 -
315 6934 10895 + 3 1332806 1336757 -
317 9022 11588 + 5 1801880 1804598 +
318 439 3125 + 5 1805980 1808699 +
319 5164 11940 + 3 4305550 4311502 +
320 103 3101 + 3 4311568 4314840 +
320 3251 15025 + 1 1843698 1855486 +
331 4871 5913 + 2 149789 150995 -
332 6245 9959 + 1 1283688 1287346 +
333 619 2783 + 1 1287931 1290131 +
335 3929 20188 + 5 133097 152867 -
342 6425 8503 + 1 1860099 1862288 -
343 407 3150 + 1 1857047 1859809 -
343 3422 8508 + 1 1503791 1509644 -
344 7112 8281 + 5 1043129 1044301 -
345 4129 6803 + 3 679686 682419 +
346 3941 5337 + 5 5497917 5499275 -
351 5532 7743 + 1 8899539 8901756 +
352 103 2247 + 1 8901763 8903742 +
356 5139 7478 + 6 410954 413302 +
359 3582 10502 + 1 1864539 1872453 -
362 173 1477 + 4 3086795 3088086 +
362 9760 12593 + 6 415640 418066 -
371 670 1958 + 4 5153132 5154567 +
371 4543 6634 + 7 2653353 2655528 +
372 449 2913 + 7 2655586 2658133 +
373 4335 5828 + 5 583504 584987 +
384 4100 5656 + 5 2780082 2781685 -
385 223 2527 + 5 2777227 2780003 -
391 5817 8106 + 4 4205958 4208209 +
397 29 3141 + 7 4016049 4019123 +
400 309 3980 + 1 1295160 1298687 -
404 1659 3975 + 4 5145090 5147355 -
417 886 4151 + 1 6454298 6458659 +
443 4812 5829 + 1 1291193 1292219 +
453 1530 2960 + 2 4276615 4278039 +
474 401 2138 + 1 1417272 1419098 +
479 156 1844 + 1 1419341 1421008 +
