1 42 884167 + 1 1955664 2831928 +
1 887448 900516 + 1 2832554 2846118 -
1 902718 921751 + 1 2846622 2865659 +
1 923423 942933 + 1 2866000 2885783 -
1 943324 945950 + 1 2887586 2890302 +
1 948710 950047 + 1 2891084 2892404 -
1 951786 1044269 + 1 2894607 2984983 +
1 1045762 1048857 + 1 2996964 3000080 -
1 1052795 1062221 + 1 2986264 2995815 -
1 1062454 1064210 + 1 3001050 3002825 -
1 1064917 1240717 + 1 3003240 3188561 +
1 1246507 1264926 + 1 3190264 3209123 +
1 1265132 1279260 + 1 3209784 3224945 -
1 1280038 1372671 + 1 3225330 3322431 +
1 1376777 1385048 + 1 215841 221703 -
1 1428781 2050946 + 1 6205323 6948473 +
1 1050956 1052331 + 6 3337851 3339179 +
1 1243199 1245581 + 6 365243 367064 -
2 11475 12649 + 6 1272585 1273716 -
2 912985 914822 + 1 8252272 8254146 +
2 1313926 1709432 + 1 4920283 5309777 -
2 1727469 1762804 + 1 4883857 4920013 -
2 1764011 1797059 + 1 4844561 4878064 -
2 1716578 1719382 + 4 2020165 2022952 +
2 32524 34402 + 2 3777615 3779599 +
2 36881 45781 + 2 3781175 3790491 -
2 47674 76145 + 2 3793407 3821847 +
2 81524 90350 + 2 4045050 4050842 +
2 95085 104607 + 2 4053639 4063654 -
2 113631 198816 + 2 3477813 3575288 -
2 214275 534894 + 2 3098969 3470527 -
2 537023 549060 + 2 3085217 3098133 +
2 550500 910079 + 2 2703695 3083034 -
2 925337 1311302 + 2 2308412 2703041 -
3 50819 62856 + 5 5481360 5493484 -
3 64499 76691 + 5 5468434 5481011 +
3 78076 86266 + 5 5457968 5466569 +
3 87173 680645 + 5 4823409 5457144 -
3 681277 697894 + 5 4804618 4822987 +
3 698920 2113130 + 5 3251080 4801972 -
4 1924 300961 + 6 1341782 1639582 -
4 307462 314441 + 6 1321489 1328677 +
4 316502 354470 + 6 1276233 1316772 -
4 376234 405070 + 6 1248392 1271749 -
4 408434 413983 + 6 1239273 1244993 +
4 417349 455674 + 6 1198444 1237470 -
4 456300 496698 + 6 678732 718030 +
4 497270 500316 + 6 719331 722406 -
4 504342 780490 + 6 726241 1004945 +
4 782453 800659 + 6 1006915 1026058 -
4 801840 807506 + 6 1089181 1094994 -
4 809768 837569 + 6 1040099 1069680 +
4 837840 849535 + 6 1027073 1038267 -
4 850354 928979 + 6 1096124 1171815 +
4 929798 937541 + 6 591525 599176 +
4 943961 956462 + 6 644270 657514 +
4 958735 999296 + 6 600648 642319 -
4 1006197 1019782 + 6 663991 677640 -
4 1020436 1024468 + 6 1193435 1197721 -
4 1029900 1078017 + 6 534037 587033 -
4 1081257 1116206 + 6 489612 531120 +
4 1118327 1150902 + 6 456723 486666 -
4 373849 374991 + 1 5805265 5806382 -
5 4452 45649 + 5 2765846 2802850 -
5 48688 58152 + 5 2755173 2765449 +
5 59171 266809 + 5 2509091 2753082 -
5 267060 270205 + 5 2504183 2508630 +
5 271260 347929 + 5 2423021 2503509 -
5 348518 618344 + 5 2150378 2416023 -
5 635585 979211 + 5 1799450 2146316 -
5 980775 1019826 + 5 1744271 1798317 +
5 1020417 1053609 + 5 1712733 1743415 -
5 1063770 1076242 + 5 1682890 1707394 +
5 1078731 1080985 + 5 1675337 1678227 -
5 1089430 1153728 + 5 1616249 1674944 -
5 621896 623954 + 4 5958532 5960130 +
5 631910 633410 + 6 3061570 3065811 -
5 1085374 1089295 + 2 390950 394809 -
6 1030898 1035875 + 7 4016352 4020936 -
6 257924 260415 + 1 9768393 9770881 -
6 597914 599364 + 1 1183978 1185208 +
6 1105646 1108712 + 1 879817 882851 +
6 41985 50144 + 2 4313537 4321822 +
6 4311 6016 + 4 4990407 4992001 +
6 7584 40277 + 4 5751887 5785226 -
6 62969 83284 + 4 4945685 4966180 +
6 84690 86196 + 4 2794194 2795765 +
6 127688 250656 + 4 4995996 5141641 +
6 266639 282117 + 4 5153238 5167445 +
6 284355 307836 + 4 5169138 5194463 -
6 309145 346302 + 4 5196268 5275124 +
6 348694 489677 + 4 5282625 5455790 +
6 494645 509716 + 4 5458573 5474892 -
6 511147 517998 + 4 5479161 5486248 +
6 518886 527086 + 4 5486641 5495455 -
6 527555 585887 + 4 5496383 5559587 +
6 601043 682394 + 4 5564139 5643848 +
6 682931 684883 + 4 5791833 5793836 -
6 687640 829382 + 4 3513402 3651294 +
6 831590 846965 + 4 3651888 3666862 -
6 857707 999311 + 4 3667237 3840354 +
6 1019642 1023694 + 4 5277636 5281758 -
6 56728 57965 + 3 3727881 3728903 +
6 261952 264441 + 6 2313171 2315697 -
6 1051959 1071942 + 6 3479722 3505640 +
6 1078062 1099558 + 6 3538246 3556730 +
6 1122326 1193779 + 6 3556928 3629330 +
6 1195405 1197634 + 6 3646271 3648470 -
6 1197996 1199912 + 6 3651347 3653263 -
6 1201751 1271412 + 6 3653882 3711741 +
6 1276964 1282515 + 6 3739607 3745152 -
6 1286984 1288525 + 6 3736318 3737902 +
6 1288817 1296644 + 6 3727804 3735181 -
6 1305001 1311002 + 6 3719934 3726497 +
6 1314314 1316175 + 6 3714262 3715888 -
6 1316783 1358168 + 6 3745827 3780544 +
6 1365238 1386655 + 6 3807232 3826944 -
6 1391297 1427045 + 6 3829053 3867503 +
6 1429946 1534683 + 6 3076602 3187676 -
7 211 137298 + 1 7190850 7316280 +
7 143699 156001 + 1 7318077 7333826 -
7 160668 305027 + 1 7341128 7491154 +
7 306497 315628 + 1 7495015 7504144 -
7 321447 330791 + 1 7504837 7520892 +
7 331382 355630 + 1 7521367 7546809 -
7 355865 430007 + 1 7547191 7625244 +
7 430560 448093 + 1 7627191 7645376 -
7 450151 971548 + 1 7647253 8127500 +
8 747 2111 + 1 9771010 9772332 -
8 3491 192712 + 1 9518812 9767058 -
8 193784 202043 + 1 9474180 9517044 +
8 203494 247881 + 1 9426404 9472552 -
8 251867 286336 + 1 9386793 9421519 +
8 289797 346411 + 1 9270607 9385829 -
8 351374 365484 + 1 9209539 9224519 -
8 367154 372715 + 1 9200665 9206549 +
8 376487 390247 + 1 9184675 9198644 -
8 391959 406495 + 1 9154371 9182369 +
8 408437 423445 + 1 9227171 9242656 +
8 426027 445253 + 1 9245171 9264841 -
8 447272 510355 + 1 9080892 9151199 -
8 513851 568022 + 1 9031780 9077856 +
8 571994 587236 + 1 9013851 9030471 +
8 589460 613992 + 1 8976449 9010058 -
8 615283 629417 + 1 8960769 8975767 +
8 632517 962192 + 1 8633089 8959363 -
8 964051 968344 + 1 8624021 8628067 +
9 4028 82591 + 4 3031786 3141529 -
9 97232 99002 + 4 3020452 3022227 +
9 102014 117442 + 4 2999978 3014507 +
9 121691 202592 + 4 2925881 2995649 -
9 203109 455883 + 3 3126386 3372718 -
9 458354 461169 + 3 3122529 3125322 +
9 461954 605367 + 3 2990078 3119965 -
9 605575 658615 + 3 2924075 2987640 +
9 661254 770685 + 3 2795550 2923664 -
9 770986 773771 + 3 2791917 2794744 +
9 775149 782751 + 3 2783496 2791161 -
10 662258 666732 + 6 2791804 2796384 -
10 161 102558 + 5 624470 700829 +
10 104594 110417 + 5 701772 707990 -
10 111421 166945 + 5 710337 771252 +
10 171466 286715 + 5 384951 480105 -
10 294059 479942 + 5 166487 369499 -
10 491425 524338 + 5 132930 163638 +
10 526044 531486 + 5 124750 130329 -
10 537946 562351 + 5 95587 119625 +
10 585514 656757 + 5 21424 84732 -
10 668596 674867 + 8 92697 99290 -
11 2911 8779 + 4 3141985 3148167 +
11 518146 520792 + 1 459247 461938 -
11 669705 674057 + 1 1182836 1183902 -
11 26512 84624 + 7 994853 1116046 +
11 86006 114227 + 7 1149849 1181154 +
11 118801 119986 + 7 1183112 1184306 -
11 120743 362942 + 7 1184592 1448613 +
11 366989 405037 + 7 1449416 1485649 -
11 409042 469333 + 7 1492353 1554271 +
11 470933 482874 + 7 1559396 1571262 -
11 487401 512376 + 7 1573497 1598324 +
11 545550 664178 + 7 1601180 1708186 +
11 675183 721071 + 7 1708669 1757833 +
11 721802 727385 + 7 1758109 1764148 -
11 727770 779241 + 7 1765017 1822573 +
11 782815 1041556 + 7 1839412 2134860 +
12 849 4566 + 4 4246304 4249954 +
12 9605 608502 + 4 4310481 4927458 +
13 947 276720 + 6 1989146 2283714 -
13 277852 286346 + 6 1977845 1986427 +
13 287739 350704 + 6 1910646 1977151 -
13 351592 544532 + 6 1642084 1886926 -
14 1156 21910 + 4 5903697 5945176 +
14 31703 49439 + 4 5889527 5903106 -
14 51404 52736 + 4 5869642 5870969 +
14 58197 110690 + 4 5794508 5847286 -
14 111764 209517 + 4 5645151 5743715 +
14 237852 242455 + 4 5144420 5147635 -
14 268526 772821 + 3 3729640 4290992 +
14 773140 776856 + 3 4291352 4295128 -
14 777276 792590 + 3 4295515 4313264 +
15 8517 22208 + 3 1385686 1403076 +
15 23319 34115 + 3 1403949 1415194 -
15 37458 49334 + 3 1415818 1428177 -
15 49685 55415 + 3 1431391 1437512 -
15 56347 232683 + 3 1437858 1611586 +
15 233628 243499 + 3 1613874 1624775 -
15 245288 311873 + 3 1626255 1676390 +
15 317265 333203 + 3 1680169 1697078 -
15 333745 534907 + 3 1698730 1959701 +
16 2602 156404 + 4 2051483 2202075 -
16 157576 309083 + 4 1800621 2017389 -
16 310321 336277 + 4 1368028 1395841 +
16 341830 347576 + 4 1398352 1404126 -
16 350007 354347 + 4 1412812 1417325 +
16 358750 372034 + 4 1421432 1433703 -
16 373882 424746 + 4 1435150 1522202 -
16 425655 426857 + 4 1523381 1524647 -
16 428087 454281 + 4 1525649 1553089 -
16 454864 515149 + 4 1553587 1611634 +
16 516907 562468 + 4 1614277 1660583 -
16 563878 579089 + 4 1661555 1674874 +
16 580212 595141 + 4 1675573 1688555 -
16 601968 604451 + 4 1695730 1700343 -
17 5119 281702 + 1 5895333 6204163 -
17 282454 291302 + 1 5885977 5894973 +
17 291501 307697 + 1 5869374 5885698 -
17 310317 483714 + 1 8267229 8450520 -
17 485465 521390 + 1 8190875 8226447 -
18 1760 408628 + 1 5313418 5803839 +
18 410045 463677 + 1 5809273 5868465 +
18 465138 490896 + 1 8450774 8477082 +
18 491401 495282 + 1 8128472 8132564 -
19 11079 15124 + 4 211636 216027 -
19 15376 16517 + 4 216932 218097 -
19 19531 21938 + 4 221052 223517 +
19 23555 34353 + 4 229406 242490 -
19 47559 134094 + 4 243795 319424 +
19 142624 153876 + 4 188075 199239 -
19 180507 438952 + 4 331931 580192 +
20 20966 166026 + 5 6035373 6175792 +
20 183367 194876 + 5 6198655 6210839 -
20 207853 209862 + 5 6194703 6196740 -
20 227713 297858 + 5 6224077 6293293 +
20 298635 311104 + 5 6294060 6306876 -
20 312977 413825 + 5 6308982 6411556 +
20 196170 197472 + 3 4991684 4992989 +
21 6190 47793 + 3 2444832 2487926 -
21 48163 105081 + 3 2364835 2423713 -
21 105809 119558 + 3 2349922 2364397 +
21 120010 175149 + 3 2296692 2349078 -
21 175868 176913 + 3 2286968 2288122 +
21 178016 242667 + 3 2166425 2285859 -
21 245503 253012 + 3 2154043 2162287 +
21 253928 361482 + 3 2058015 2152730 -
21 362660 374147 + 3 2043888 2056621 +
21 375707 398949 + 3 2018247 2042786 -
21 400275 416574 + 3 1987129 2003931 +
22 7987 293556 + 3 3411885 3721566 -
22 297186 331930 + 3 3373387 3410632 +
22 333328 459565 + 4 2798939 2924302 -
23 33912 156104 + 2 401611 526591 -
23 164223 203878 + 2 337865 382948 -
23 205485 224545 + 2 314821 332912 +
23 229378 230806 + 2 312027 313362 -
23 232614 248992 + 2 291861 309700 +
23 250917 361834 + 2 172641 290201 -
24 5182 19498 + 5 1601891 1615614 +
24 23581 28027 + 5 1592094 1596502 -
24 28260 41992 + 5 1574454 1589214 +
24 42566 44748 + 5 1589792 1592001 -
24 46220 60465 + 5 1557346 1572406 +
24 63294 146410 + 5 1463664 1554213 -
24 149885 160468 + 5 1449354 1461885 +
24 161860 226162 + 5 1371450 1446737 -
24 226438 236841 + 5 1359082 1369763 +
24 238630 360429 + 5 1218622 1358786 -
25 15623 41644 + 7 257826 305605 -
25 44349 49835 + 7 306428 311848 -
25 59810 96685 + 7 321726 385045 -
25 99756 107341 + 7 386582 391440 +
25 111828 154927 + 7 394424 432075 -
25 157803 160938 + 7 435503 438789 +
25 162805 172532 + 7 440333 450754 -
25 177319 181888 + 7 453137 458475 -
25 183314 234862 + 7 460302 533478 +
25 235471 241894 + 7 535000 541343 -
25 242944 256053 + 7 542267 553205 -
25 258252 263596 + 7 555829 562083 +
25 264897 266621 + 7 562860 564846 -
25 269454 284108 + 7 569935 584672 +
25 286400 296286 + 7 586996 596405 -
25 297918 384928 + 7 598051 694517 +
26 831 76064 + 5 2897973 2973753 +
26 77697 83739 + 5 2976806 2980715 -
26 88862 94388 + 5 2999647 3005117 +
26 94869 116823 + 5 2981133 2999167 -
26 122203 369911 + 5 3006528 3249744 +
26 375400 377565 + 5 376921 379113 +
27 11034 29085 + 1 853930 871876 +
27 29996 36938 + 1 925779 932678 +
27 37576 365927 + 1 3972735 4481007 -
28 17596 19532 + 5 5978174 5980086 +
28 22124 26104 + 5 5964884 5969085 +
28 28501 134243 + 5 5822333 5962928 -
28 135218 148473 + 5 5805716 5820260 +
28 150675 236778 + 5 5697676 5803083 -
28 237375 273443 + 5 5617064 5655757 -
28 274059 277825 + 5 5612621 5616546 +
28 278270 289385 + 5 5599310 5610811 -
28 289873 295409 + 5 5593220 5598907 +
28 295718 389453 + 5 5497917 5592484 -
29 1580 25331 + 7 2845058 2864867 +
29 25653 31020 + 7 2865435 2871640 -
29 31459 62453 + 7 2871927 2904145 +
29 67004 79907 + 7 3636898 3650120 -
29 80788 86824 + 7 3628421 3635450 +
29 87247 88624 + 7 3626523 3627909 -
29 96793 126586 + 7 3600395 3624601 -
29 127856 153252 + 7 3569483 3597243 +
29 155460 292611 + 7 3392452 3568715 -
29 297851 457024 + 7 3219195 3390023 -
29 458801 476349 + 7 3201405 3218740 +
29 478572 515294 + 7 3159537 3198124 -
29 90833 95073 + 1 4878734 4882669 +
29 523504 611226 + 2 2211747 2305437 -
29 294467 296078 + 6 1908707 1909923 +
30 4702 51426 + 1 4483319 4531318 +
30 51488 346540 + 1 4544041 4842559 +
31 7881 58568 + 4 4139948 4201742 -
31 68290 70153 + 4 4137493 4139455 +
31 76521 232752 + 4 3944610 4131870 -
31 233005 243346 + 4 3933103 3943971 +
31 248304 318490 + 4 3853948 3928406 -
31 325786 337373 + 4 3842601 3853628 -
31 337754 341995 + 4 4304255 4307739 +
31 319637 322071 + 3 360375 362882 +
32 9665 139746 + 6 3339923 3476326 -
32 140272 152116 + 6 3322962 3335077 -
32 152200 167302 + 6 3306805 3321922 +
32 168878 172359 + 6 3303346 3306316 -
32 174667 184402 + 6 3288774 3300487 +
32 187079 229293 + 6 3242400 3286941 -
32 238170 252267 + 6 3214357 3230976 +
32 254496 283892 + 6 3188942 3213491 -
32 294541 337699 + 6 3896214 3942897 -
33 576 474037 + 1 1489287 1955370 -
33 475721 487571 + 1 1475308 1487473 +
33 488577 523163 + 1 1438320 1473450 -
33 527910 544735 + 1 1416300 1433687 +
33 547247 618659 + 1 1326665 1413494 -
34 403 7618 + 2 2036450 2044013 +
34 9129 41246 + 2 2001910 2035355 -
34 47473 58971 + 2 1971789 1983896 +
34 59372 107237 + 2 1921952 1970464 -
34 109015 135639 + 2 1890737 1919295 +
34 138908 167250 + 2 1860136 1889340 -
34 175413 188775 + 2 1837591 1855269 +
34 194241 284026 + 2 1739098 1833233 -
34 287762 320241 + 2 562968 582682 +
35 1247 12698 + 6 398264 410000 +
35 21130 25988 + 6 227691 233904 +
35 32937 36009 + 6 237430 240815 -
35 37235 41766 + 6 243683 248631 +
35 46535 48599 + 6 249117 251430 -
35 48950 50576 + 6 255630 257325 -
35 51532 124555 + 6 258346 349836 +
35 127130 137395 + 6 215539 226395 -
35 144484 181005 + 6 164312 202784 +
35 192727 228217 + 6 120907 156626 -
35 229185 232700 + 6 100221 103924 +
35 233403 326712 + 6 1409 99995 -
36 3626 248774 + 7 2483306 2754896 +
36 250275 265411 + 7 2755990 2773205 -
36 269065 320802 + 7 2775381 2843567 +
37 372 5595 + 4 1690430 1695643 -
37 12259 106183 + 4 1703595 1799708 +
37 106976 190916 + 4 1278062 1366519 -
37 191439 197025 + 4 1259864 1265816 -
37 198233 200278 + 4 1256514 1258628 +
37 201218 301107 + 4 1094499 1255654 -
37 301849 309106 + 4 1088082 1094282 +
38 640 300318 + 4 2442078 2793728 +
38 308415 310520 + 4 2795981 2798007 +
39 23582 119939 + 6 2454392 2550809 +
39 131666 302130 + 6 2551792 2769572 +
39 123403 130789 + 7 2324396 2326240 -
40 644 261553 + 1 3322758 3734283 +
40 266313 268131 + 7 2334195 2335996 -
41 1509 29217 + 2 532040 558022 -
41 32106 79025 + 2 1672400 1735204 -
41 81884 106521 + 2 1645370 1670829 +
41 110135 128089 + 2 1622021 1644495 +
41 128511 241030 + 2 1496588 1619215 -
41 244525 267969 + 2 1468810 1494483 +
41 269732 272193 + 2 1464633 1467821 -
42 679 31353 + 4 4928581 4942759 -
42 32633 34901 + 4 5786943 5789142 +
42 41043 258356 + 4 3314686 3512506 -
42 259517 260716 + 3 4987463 4988570 +
43 566 148469 + 3 4314940 4471156 +
43 149693 164607 + 5 481978 513082 -
43 167417 255617 + 5 798064 891315 +
44 8313 11184 + 3 384971 387678 -
44 18597 39749 + 3 297326 343619 -
44 44910 49308 + 3 283041 287579 +
44 57165 114497 + 3 219449 282843 -
44 118084 134821 + 3 201823 217677 +
44 135878 136989 + 3 199476 200505 -
44 138701 154791 + 3 174524 197203 +
44 157550 159802 + 3 170971 172679 -
44 198973 222034 + 3 109861 153965 -
44 222581 225129 + 3 104248 106780 +
44 231285 235016 + 3 99670 103482 -
44 235710 247139 + 3 86077 98735 +
44 247971 283711 + 3 33438 85048 -
44 284837 288839 + 3 29237 31781 +
44 290761 310007 + 3 9289 28980 -
44 171704 173190 + 13 8377 9848 -
45 234201 246122 + 3 5034305 5051783 -
45 13348 16708 + 1 8629444 8632533 +
45 17899 23520 + 1 8616290 8622149 +
45 24408 164174 + 1 8478107 8615482 -
45 165353 222117 + 1 8132928 8189613 +
46 5102 34865 + 1 228226 257030 +
46 44395 47306 + 1 264213 266766 -
46 56709 58982 + 1 295924 297164 -
46 65584 81318 + 1 300615 315367 +
46 86966 95371 + 1 319284 328440 -
46 99833 109989 + 1 332271 342706 +
46 111019 113807 + 1 343697 346565 -
46 115071 167716 + 1 348760 393177 +
46 168263 169914 + 1 399813 401477 -
46 176164 211419 + 1 402380 440831 +
46 215738 227835 + 1 464552 478197 -
46 229229 233575 + 1 446771 451849 -
46 239274 240904 + 1 483959 485650 -
46 242366 338955 + 1 492168 590003 +
46 353540 400950 + 1 593278 643384 -
46 402308 458780 + 1 644693 730245 +
46 459218 470892 + 1 732918 746762 -
46 474353 569569 + 1 748251 847535 +
46 571304 575641 + 1 848019 852326 -
47 6738 51283 + 2 3834186 3868131 +
47 65622 96572 + 2 3872951 3948764 -
47 97500 107681 + 2 3950499 3958240 +
47 108370 126121 + 2 3960605 3978953 -
47 129229 181484 + 2 3979304 4037102 +
47 183834 223742 + 2 3738176 3776731 -
48 9433 70570 + 3 4663809 4723677 -
48 73600 224208 + 3 4724191 4871204 +
49 13751 16249 + 4 4971561 4974138 -
49 40690 83294 + 4 698371 722810 +
49 86097 87210 + 4 725378 726494 -
49 96532 105068 + 4 732725 741453 +
49 110922 120196 + 4 746869 758076 -
49 122730 189642 + 4 761133 829665 +
49 190040 220678 + 4 842741 874200 +
49 234602 237562 + 3 733923 736334 +
50 4799 6800 + 7 3830455 3831870 +
50 21298 35414 + 7 3806965 3822227 +
50 41857 62956 + 7 3783786 3805459 -
50 64471 69799 + 7 3775809 3780987 +
50 72314 95972 + 7 3747831 3774041 -
50 96204 99691 + 7 3740867 3744407 +
50 100539 111077 + 7 3729817 3739756 -
50 124007 158860 + 7 3664064 3729253 +
50 159330 166932 + 7 3654263 3662029 -
50 170289 173561 + 7 4101330 4104599 -
50 200982 208348 + 7 4025591 4031758 +
50 213859 218670 + 7 4036277 4041005 -
50 222001 246797 + 7 2906536 2943268 +
50 269187 292923 + 7 2943632 2966382 +
50 295844 299000 + 7 2968726 2972065 -
50 300731 316583 + 7 2974159 2990480 +
50 318845 325149 + 7 2992820 2999381 -
50 332108 384851 + 7 3004979 3052369 +
50 386021 412947 + 7 3053702 3083049 -
50 414846 426921 + 7 3083927 3096073 -
50 436614 487455 + 7 3100388 3155582 +
50 248343 253179 + 1 1221646 1226078 +
51 10207 282089 + 1 6950464 7189632 +
52 7030 72873 + 2 1023216 1093852 -
52 73197 80093 + 2 1011387 1022981 +
52 80639 179413 + 2 908331 1010813 -
52 180301 200179 + 2 887154 907399 +
53 11887 174002 + 4 3148560 3306744 +
54 2067 182724 + 3 1109063 1311689 +
54 183168 189316 + 3 1312027 1317089 -
55 7401 60353 + 1 1230034 1287415 -
55 60968 77457 + 1 1201651 1219155 -
55 77919 90094 + 1 1193852 1201205 +
55 90445 96715 + 1 1187131 1193573 -
55 97954 117039 + 1 1160867 1181600 -
55 117572 124475 + 1 1153195 1160585 +
55 125230 184612 + 1 1090654 1152296 -
56 996 195701 + 4 2202735 2441237 -
57 314688 316380 + 4 4976410 4978087 -
57 16469 128827 + 3 2489241 2599709 +
57 129959 131821 + 3 2600374 2602016 -
57 132995 175694 + 3 2603400 2647389 +
57 199214 295116 + 3 2647773 2745793 +
57 319273 384887 + 3 2746240 2781575 +
57 191178 194429 + 2 4353909 4356974 +
58 5052 7393 + 7 4234022 4235931 -
58 7548 63524 + 7 4043369 4097619 +
58 64179 101084 + 7 3975252 4011246 -
58 105043 112443 + 7 3962679 3971958 +
58 113675 176807 + 7 3898816 3960856 -
58 179069 184650 + 7 3891384 3897110 +
58 188653 249477 + 7 3833193 3889308 -
59 642 42746 + 3 4471376 4515822 +
59 45225 53310 + 3 4518785 4524999 -
59 59076 63539 + 3 4525875 4535035 +
59 72642 102934 + 3 4546047 4577116 -
59 106555 110634 + 3 4540728 4545566 +
59 113330 175872 + 3 4598612 4653117 +
60 1039 40836 + 3 5231703 5269537 -
60 42682 53014 + 3 5222058 5230549 +
60 56064 83253 + 3 5184762 5219338 -
60 83912 85242 + 3 5130182 5131500 -
60 87228 117530 + 3 5147604 5183075 -
60 119041 135080 + 3 5131867 5146454 +
60 136599 176826 + 3 5092398 5129246 -
61 755 4316 + 7 869383 873420 -
61 19504 22715 + 7 861779 865070 -
61 27379 29171 + 7 858084 859858 +
61 29889 65422 + 7 818700 856691 -
61 66151 68581 + 7 807595 810016 +
61 70258 102162 + 7 773087 806081 -
61 103509 109116 + 7 769835 771800 +
61 109831 171395 + 7 708420 767156 -
61 12457 17334 + 4 4203054 4207918 +
62 17474 24409 + 1 1082328 1089209 -
62 24792 51391 + 1 1054784 1082145 +
62 51994 167628 + 1 935483 1054189 -
63 16707 158186 + 2 768734 884789 +
64 13224 28416 + 6 4027415 4040199 +
64 41885 43847 + 6 4051792 4053817 -
64 48240 53303 + 6 4056756 4062001 +
64 54673 60491 + 6 4063880 4072287 -
64 62436 158668 + 6 4073725 4162105 +
65 55704 59306 + 7 1142477 1146066 +
65 2098 41578 + 3 1066469 1108963 -
65 64624 149097 + 3 965948 1066392 -
65 41800 43297 + 1 4531563 4533069 +
66 182248 208462 + 3 405598 430203 +
66 217602 233327 + 3 456162 467764 +
66 236763 246081 + 3 470405 492826 -
66 248405 252020 + 3 533928 537717 -
66 254209 255392 + 3 530167 531331 +
66 259290 295466 + 3 494428 527717 +
66 7892 42190 + 2 4279465 4310646 +
66 42979 47239 + 2 4269369 4274953 -
66 56391 89363 + 2 4214273 4266845 -
66 92442 100052 + 2 4181543 4188684 +
66 100869 104731 + 2 4170021 4174506 +
66 108284 128521 + 2 4190190 4212617 -
66 53680 56162 + 6 355472 357897 +
67 16080 145127 + 5 2805639 2896672 +
68 13977 52143 + 7 205360 240486 -
68 57602 68802 + 7 181927 200166 +
68 69014 89359 + 7 159685 181074 -
68 93262 103476 + 7 114798 125423 -
68 103949 112534 + 7 128083 155007 -
68 121878 228364 + 7 1479 109190 -
69 1353 130653 + 4 1438 154680 +
70 5729 37134 + 2 3595588 3731410 -
70 38370 43735 + 2 3588417 3594206 +
70 46815 48978 + 2 3582874 3585033 -
70 62333 81270 + 2 4066331 4085056 -
70 97328 127991 + 2 4085591 4151187 +
71 14050 97153 + 2 4360103 4444784 -
71 97954 123623 + 2 4322869 4344518 -
72 18267 24963 + 2 4176992 4179641 +
72 27017 96906 + 2 2076274 2205968 -
72 99060 106594 + 2 2066134 2074377 +
72 107072 125665 + 2 2045394 2065866 -
72 8433 10670 + 4 4988622 4990168 +
73 126668 128307 + 6 420921 422648 -
73 206327 212895 + 4 829895 842153 -
74 11178 14668 + 2 589522 593456 +
74 18372 30560 + 2 597514 613215 -
74 33182 61507 + 2 616102 648666 +
74 77643 110709 + 2 654194 693767 -
74 113993 115225 + 2 696326 697734 -
74 141672 183615 + 2 708974 749331 +
74 185173 186579 + 2 750933 752340 -
74 188748 196566 + 2 756309 764107 +
75 1017 22369 + 2 9158 32999 -
75 56328 57522 + 2 34632 35805 -
75 59226 92634 + 2 36675 71711 +
75 101995 103616 + 6 3522183 3523846 -
76 5750 115015 + 4 588635 695670 -
77 14594 151852 + 3 540603 682945 -
78 1202 38860 + 1 93829 129712 +
78 40319 52049 + 1 130629 143360 -
78 53750 94661 + 1 144768 178293 +
79 1290 34471 + 6 3977780 4010758 +
79 38483 70961 + 6 3948325 3977050 -
79 80036 81102 + 6 3890743 3891811 -
79 88160 90459 + 6 3885951 3888338 +
79 93019 96856 + 6 3872633 3876503 -
79 97118 98796 + 6 3870407 3872353 +
80 2193 22336 + 7 4200435 4233679 -
80 24405 33664 + 7 4127029 4136635 +
80 35960 106600 + 6 2375000 2450030 -
80 108604 125701 + 6 2356472 2374411 +
80 131003 171210 + 6 2316349 2351580 -
80 176240 205792 + 6 2284953 2313008 -
81 7135 15358 + 3 5053885 5061740 +
81 17960 22466 + 3 5020052 5024668 +
81 24579 35690 + 3 5002221 5013602 +
81 45153 85096 + 3 4931302 4973424 -
81 92166 138629 + 3 4880982 4925359 +
82 19027 65822 + 2 74389 148296 -
82 74656 86670 + 2 153785 166367 +
82 9107 12854 + 5 5661018 5664862 -
82 15363 16448 + 5 1129525 1130601 -
83 846 51939 + 5 551940 624446 -
83 57825 59429 + 5 547776 549430 +
83 60577 91607 + 5 514164 545855 -
84 1265 85070 + 7 928585 993568 -
86 2810 5836 + 1 3765808 3768847 +
86 22188 79219 + 1 1513 62879 +
87 82337 84857 + 2 3830216 3832910 +
88 1334 14551 + 7 4109988 4126446 +
88 22102 73286 + 7 4141328 4196135 -
89 4333 51801 + 2 1400827 1453836 +
89 52555 54064 + 2 3824944 3826378 +
89 55332 63070 + 2 1454193 1462494 -
90 2108 5852 + 3 1381352 1385066 -
90 11913 32360 + 3 1356699 1379858 +
90 41117 59385 + 3 1317422 1336757 -
92 3910 35202 + 2 1366431 1398399 -
92 38194 41268 + 3 3724474 3727552 -
94 25894 28287 + 1 3868870 3871268 +
95 1006 14641 + 3 2004158 2017684 +
95 16152 38022 + 3 1961298 1984398 -
96 29965 31415 + 4 4232384 4233825 +
97 2807 22675 + 4 157715 179976 +
99 7676 9667 + 2 4276088 4278039 +
100 59913 61029 + 2 765780 766909 +
101 1009 22322 + 7 873491 917488 +
104 3361 40285 + 1 1287931 1325389 -
105 19861 26842 + 4 4214437 4221954 +
105 30851 35211 + 4 4222773 4227712 -
105 38921 40571 + 4 4228537 4230123 +
105 40725 43055 + 4 1267375 1270085 -
105 45083 47797 + 4 4241694 4243221 +
108 2562 26320 + 2 4447645 4470525 +
111 7851 15302 + 5 2416201 2422750 -
113 30187 34089 + 6 423776 427751 -
113 34220 36109 + 5 6417705 6419594 -
119 8678 13099 + 7 2420168 2424633 -
125 6315 7668 + 7 1831302 1832623 -
126 7423 10387 + 3 2424708 2427641 -
129 3198 7146 + 4 1068596 1072554 +
129 16167 18233 + 3 441622 443644 -
131 2751 5270 + 2 3471080 3473020 -
134 4057 5861 + 4 4301839 4303646 +
142 1412 4121 + 6 2450314 2453036 +
164 62 1505 + 2 2305530 2306975 -
