1 2788 44124 + 1 4442412 4482205 +
1 151828 154987 + 1 6434487 6437643 +
1 176724 1463305 + 1 4483020 5868465 +
1 1465127 1484343 + 1 8450876 8470885 +
1 1484512 1488995 + 1 8471025 8475422 -
1 1489535 1490883 + 1 8475976 8477361 +
1 1491038 1584701 + 1 8058854 8132642 -
1 1597199 1598972 + 1 3854593 3856365 +
1 1605635 2463564 + 1 7223442 8057393 -
1 66933 71301 + 4 5277652 5281939 +
1 139259 143659 + 6 420508 422536 -
2 202 230054 + 5 3006528 3219928 -
2 235011 268379 + 5 2981133 3005117 +
2 271202 277289 + 5 2976781 2980722 +
2 278849 394631 + 5 2871073 2974084 -
2 405221 480845 + 5 2795388 2868423 +
2 497174 720863 + 5 2541549 2785094 -
2 744600 860458 + 5 2423082 2540659 -
2 861096 1263291 + 5 2004021 2416023 -
2 1263524 1267213 + 5 1999835 2003662 +
2 1267730 1550594 + 5 1708915 1999420 -
2 1553114 1568229 + 5 1681360 1707571 +
2 1569541 1632222 + 5 1618125 1679277 -
2 1633414 1636556 + 5 1593019 1596173 +
2 1640770 1655647 + 5 1601626 1615614 -
2 1659111 1660695 + 5 1616240 1617733 -
2 1661386 1727196 + 5 1525926 1591880 -
2 1730552 1788410 + 5 1460448 1519519 -
2 396350 397669 + 2 1358370 1359687 -
2 728767 731923 + 13 3669 6822 -
3 10762 242974 + 3 461007 682946 -
3 248688 504201 + 3 971623 1246352 +
3 505261 507323 + 3 1247028 1249082 -
3 508354 633651 + 3 1250391 1415211 +
3 636615 648393 + 3 1416039 1428201 -
3 649280 1866986 + 3 1431551 2745793 +
3 1872997 1874792 + 3 2746337 2748490 -
3 1875260 2386028 + 3 2748566 3277398 +
4 449 209402 + 1 8207680 8450496 +
4 210820 653293 + 1 5868614 6383467 +
4 656301 1087687 + 1 6459158 6904572 +
4 1144374 1491039 + 1 6905088 7221229 +
4 1122707 1124433 + 6 1908632 1910636 +
4 1132439 1137084 + 6 2688265 2692916 +
5 198119 199385 + 1 2309838 2311104 +
5 803775 817779 + 1 45559 57326 -
5 828106 832540 + 1 193766 195971 -
5 844073 877256 + 1 1225 44564 +
5 880277 926823 + 1 214187 254548 +
5 936453 947451 + 1 261535 293802 -
5 954536 966399 + 1 295206 302471 +
5 969230 993233 + 1 305693 328478 -
5 994825 997178 + 1 328689 331097 -
5 997455 1024466 + 1 332277 361705 +
5 1024987 1029458 + 1 364413 369220 -
5 1044972 1104213 + 1 378277 441449 +
5 1107674 1130583 + 1 444131 478197 -
5 1131896 1133618 + 1 488768 490493 -
5 1137648 1139698 + 1 491879 493936 -
5 1145245 1222298 + 1 494788 569943 +
5 1230133 1242957 + 1 571621 584621 +
5 1249196 1254001 + 1 638754 643392 -
5 1255155 1256334 + 1 636895 637951 +
5 1256571 1295855 + 1 594147 636208 -
5 1298523 1322361 + 1 643863 669291 +
5 1325001 1764155 + 1 698748 1193573 +
5 1764694 1766143 + 1 1199827 1201229 +
5 1766523 1771874 + 1 1193852 1199470 -
5 1772294 2007595 + 1 1201660 1447183 +
5 2087 185401 + 2 1631434 1817661 +
5 206693 235301 + 2 1818369 1851249 +
5 235555 243677 + 2 1855099 1860272 -
5 243947 274755 + 2 1860458 1889397 +
5 277658 305660 + 2 1892049 1919385 -
5 309714 488379 + 2 1921952 2113250 +
5 488604 523481 + 2 2170760 2205966 +
5 526473 618595 + 2 2211747 2305496 +
5 618639 620003 + 2 572698 574064 +
5 623289 784285 + 2 2305530 2465818 +
5 1223981 1227395 + 2 4275424 4277788 +
6 29654 31951 + 4 890402 892696 +
6 131904 133460 + 4 4990550 4992010 +
6 2134965 2145618 + 4 2721507 2725307 +
6 58904 61686 + 3 3727847 3728903 -
6 1159 4136 + 6 2316349 2319401 -
6 153839 358786 + 6 2107696 2312943 -
6 359680 362761 + 6 2103995 2107134 +
6 363416 477850 + 6 1989233 2103255 -
6 479121 488536 + 6 1977845 1987341 +
6 489043 505470 + 6 1960925 1977167 -
6 508683 521344 + 6 1946503 1958583 +
6 521709 556002 + 6 1910671 1945631 -
6 557001 611645 + 6 1823904 1886940 -
6 612063 1240673 + 6 1198434 1794819 -
6 1259742 1628149 + 6 678052 1038267 +
6 1628423 1654228 + 6 1043147 1069669 -
6 1659674 1749447 + 6 1089185 1172042 +
6 1759640 1824466 + 6 600659 664062 +
6 1837550 1884256 + 6 534273 587947 -
6 1887253 1925605 + 6 489104 531080 +
6 1927619 1992863 + 6 423776 487065 -
6 2213526 2249700 + 2 4222464 4274953 +
6 2250611 2288839 + 2 4279508 4310652 -
6 2437031 2580960 + 2 4324088 4470525 +
7 433276 436696 + 6 362141 365225 +
7 3611 12830 + 7 321724 356072 -
7 20354 26053 + 7 386582 390601 +
7 26939 73307 + 7 394219 432103 -
7 76452 79735 + 7 435484 438658 +
7 81482 91406 + 7 440353 450630 -
7 96295 101206 + 7 453129 458475 -
7 102997 375507 + 7 460742 766912 +
7 376494 379886 + 7 768711 771729 -
7 381815 427877 + 7 773084 826246 +
7 442362 640307 + 7 830697 1007147 +
7 641196 722465 + 7 1028264 1181154 +
7 738178 739751 + 7 1182788 1184326 -
7 740218 769075 + 7 1184592 1210376 +
7 770879 772751 + 7 2146713 2150896 +
7 783305 804594 + 7 1211292 1226214 +
7 808098 842625 + 7 223303 256699 +
7 846064 871348 + 7 257826 305584 -
7 872980 878700 + 7 306422 311997 -
7 881205 883232 + 7 314329 316208 +
7 890747 899630 + 7 377050 385070 +
7 901028 1096984 + 7 1285630 1501041 -
7 1098024 1137945 + 7 1228678 1266806 -
7 1146101 1151420 + 7 215730 221072 +
7 1155166 1165101 + 7 204302 214241 -
7 728356 731108 + 3 321889 324734 +
7 437581 439139 + 2 2157741 2159302 +
8 3420 94216 + 6 4117206 4162220 -
8 94509 98883 + 6 4112451 4116964 +
8 101259 253545 + 6 3957329 4110378 -
8 254539 264514 + 6 3947483 3956769 +
8 272476 318138 + 6 3896170 3942514 -
8 323348 326966 + 6 3892061 3895558 +
8 328875 409714 + 6 3828233 3891829 -
8 412624 432667 + 6 3807244 3826707 +
8 435726 479888 + 6 3745827 3806196 -
8 480482 484262 + 6 3714262 3717206 +
8 486050 490382 + 6 3722247 3727318 -
8 502122 524357 + 6 3727799 3745073 +
8 530003 590633 + 6 3667606 3712294 -
8 594855 733292 + 6 3476014 3629272 +
8 734900 746484 + 6 3653892 3661676 -
8 771482 1119985 + 6 3108386 3466874 -
8 750254 751576 + 4 3929719 3931030 +
9 101 57293 + 2 252928 313883 +
9 61442 78868 + 2 315581 333067 -
9 83721 157790 + 2 337701 423667 +
9 159272 169977 + 2 424157 434317 -
9 171889 299841 + 2 437327 562397 +
9 339898 355578 + 2 562968 571706 +
9 361115 384515 + 2 577730 592357 +
9 389005 402867 + 2 597515 613565 -
9 405232 528784 + 2 615897 749336 +
9 533123 535539 + 2 750148 752531 -
9 535922 684495 + 2 755091 885150 +
9 688943 709584 + 2 887149 907399 -
9 711683 861413 + 2 909268 1065684 +
9 873876 890488 + 2 1077197 1093852 +
9 866779 869601 + 4 1468937 1471757 -
9 319219 320589 + 3 4987288 4988570 -
10 876516 951976 + 1 58841 148964 +
10 562456 563851 + 5 6139973 6141369 +
10 212 251859 + 2 3098994 3362866 -
10 253616 267079 + 2 3084977 3098333 +
10 267949 562343 + 2 2773836 3083420 -
10 566940 874986 + 2 2466114 2773404 -
11 1165928 1169711 + 1 3610123 3614945 -
11 1245 103225 + 4 1570525 1655342 +
11 116185 119474 + 4 2353605 2356903 -
11 155010 160388 + 4 4202332 4208206 +
11 241250 264679 + 4 1655895 1674783 +
11 265752 280513 + 4 1675568 1688699 -
11 289377 551532 + 4 1690126 2017847 +
11 552178 838780 + 4 2051277 2336427 +
11 839245 1162080 + 4 2379699 2701052 +
11 1182165 1183701 + 4 2794134 2795688 -
11 1207859 1220930 + 4 2702100 2718221 +
11 1221241 1277083 + 4 2737991 2793737 +
11 1283160 1854435 + 4 2795866 3372829 +
11 226037 227269 + 7 4234573 4235851 +
11 201153 217966 + 2 4176540 4179641 +
12 277 57899 + 5 798064 857711 -
12 64299 265269 + 5 482997 701249 +
12 266875 273017 + 5 701797 707949 -
12 273838 331936 + 5 710327 771252 +
12 336379 637518 + 5 202928 480292 -
12 639935 654130 + 5 165693 200794 +
12 656601 685425 + 5 132357 163653 +
12 686506 824786 + 5 19175 130825 -
13 3064 1252069 + 5 3751590 5118004 +
13 1252908 1257857 + 5 5118827 5123794 -
13 1258474 1272313 + 5 5126334 5140856 -
13 1274460 1303731 + 5 5141823 5170532 +
14 1118 26729 + 1 2455335 2480628 +
14 27152 41282 + 1 2481593 2495096 -
14 45066 544466 + 1 2496582 2985222 +
14 545534 559116 + 1 2986285 3000080 -
14 559432 561152 + 1 3001040 3002774 -
14 562330 566119 + 1 3003227 3007191 -
14 566686 737801 + 1 3008466 3178199 +
15 174 182973 + 3 3533934 3721871 +
15 195173 735542 + 3 3729225 4314823 +
16 575 160136 + 1 1447394 1594088 +
16 190101 238756 + 1 1597529 1646279 +
16 243887 732118 + 1 1650857 2137141 +
16 241238 243482 + 4 4976014 4978251 -
16 166000 173391 + 2 3532532 3539863 -
17 4775 7919 + 1 3680083 3681963 -
17 297 4187 + 7 371783 375670 +
17 9059 294167 + 7 1503993 1749807 +
17 304841 654632 + 7 1749856 2134894 +
17 296245 299408 + 6 2696235 2699395 -
18 1640 22334 + 3 4889012 4909864 -
18 27609 45545 + 3 4913362 4924868 +
18 48303 179111 + 3 4724160 4878055 -
18 181670 240050 + 3 4663809 4723676 +
18 241341 309962 + 3 4597476 4662871 -
18 316382 351230 + 3 4538566 4574926 +
18 364994 576276 + 3 4315451 4528043 -
19 2877 37898 + 1 8881870 8917908 -
19 44760 46358 + 1 8876052 8877699 +
19 48020 475894 + 1 8477691 8874871 -
19 476379 553841 + 1 8132926 8206762 +
20 4893 43596 + 5 6371876 6409460 -
20 44205 49777 + 5 6366100 6371412 +
20 50624 205914 + 5 6219165 6365306 -
20 212055 214112 + 5 6194703 6196665 +
20 245598 257311 + 5 6198696 6210839 +
20 282600 311467 + 5 6154701 6175485 -
20 317468 719289 + 5 5617064 6138119 -
20 720197 723810 + 5 5612911 5616550 +
20 724544 819889 + 5 5516286 5610516 -
20 219965 221609 + 3 4991481 4993011 +
21 204 534315 + 5 3220023 3750048 +
22 460 159839 + 4 3373903 3512507 +
22 164454 168774 + 4 5786912 5789642 -
22 170025 185687 + 4 4928484 4942083 +
22 187339 456729 + 4 4671837 4927630 -
22 471349 524755 + 4 3555297 3609353 -
22 525800 532881 + 4 3547544 3554904 +
22 533691 565685 + 4 3513448 3546231 -
22 569919 572105 + 4 5791659 5793836 +
22 572682 715535 + 4 5496383 5643848 -
22 715984 724778 + 4 5486645 5496125 +
22 724975 924369 + 4 5282623 5486186 -
22 933785 960649 + 4 5250262 5275874 -
22 964100 1105450 + 4 5055526 5205930 -
23 4231 88977 + 4 1488702 1568655 -
23 92733 252569 + 4 1278046 1442504 -
23 296731 426772 + 4 1174165 1265578 -
23 427652 465455 + 4 1088090 1125375 -
24 13531 173218 + 4 331164 511361 -
24 179403 307917 + 4 201292 319567 +
24 318797 408185 + 4 105543 199256 -
24 410441 414010 + 4 98771 102224 +
24 415225 465259 + 4 48802 97890 -
24 468274 472030 + 4 2021669 2025503 -
24 476567 499508 + 4 20698 36579 -
25 242 31064 + 1 3178292 3209145 +
25 31627 46023 + 1 3209543 3224561 -
25 46530 293820 + 1 3225303 3461824 +
25 294660 322987 + 1 3463322 3510481 -
25 326016 395727 + 1 3510906 3595433 +
25 396544 415104 + 1 3638139 3679921 +
25 416807 428681 + 1 3709162 3734711 +
26 278 144386 + 1 9463712 9638683 -
26 154891 178697 + 1 9436509 9461109 +
26 190656 229932 + 1 9379732 9421369 -
26 231692 250664 + 1 9356261 9378465 +
26 252288 290875 + 1 9265484 9354909 -
26 292193 331766 + 1 9184699 9224529 -
26 333552 349347 + 1 9154373 9182373 +
26 350756 379359 + 1 9226471 9256269 +
26 380702 388336 + 1 9256554 9263770 -
26 390505 427907 + 1 9113448 9151199 -
27 9795 229445 + 5 1218605 1460322 +
27 229764 322198 + 1 2348344 2454111 -
27 323192 461872 + 1 2137430 2271813 -
28 20409 37653 + 6 398587 413241 +
28 39290 148751 + 6 227807 350055 +
28 151241 271314 + 6 120903 226416 -
28 272799 276328 + 6 100811 104386 +
28 278217 374763 + 6 1409 94333 -
29 1981 301891 + 4 4328511 4671357 -
29 355564 360764 + 4 4323426 4326298 -
29 347764 349949 + 1 1648205 1650317 -
29 378889 403779 + 2 3842253 3868402 +
29 407689 442067 + 2 3872732 3949620 -
29 442659 527836 + 2 3950499 4037088 +
29 528540 599365 + 2 3595927 3777293 -
29 600733 606071 + 2 3588528 3594161 +
29 607374 611383 + 2 3583181 3587247 -
29 613087 614374 + 2 3581159 3582567 +
29 625399 646198 + 2 4066218 4085052 -
29 659488 691195 + 2 4086564 4151101 +
30 357 61267 + 6 2374330 2437233 +
30 61653 76153 + 6 2438437 2452955 -
30 78097 295958 + 6 2454392 2676309 +
30 296610 358353 + 6 2700132 2769572 +
31 670 56802 + 4 4241694 4321999 -
31 59517 60944 + 4 1268458 1269888 +
31 61524 77857 + 4 4214360 4230123 -
31 84504 314140 + 4 3933008 4201964 -
31 350582 353048 + 4 2370647 2375413 -
31 361104 670596 + 4 3610476 3929163 -
31 315016 323555 + 2 4313602 4320496 +
32 40025 343518 + 7 2483306 2796998 +
32 343560 373085 + 7 2811160 2841562 +
33 10500 29755 + 7 4200433 4232585 -
33 32204 101958 + 7 4127000 4196236 +
33 111187 119830 + 7 4118348 4126445 +
33 166158 175674 + 7 4106633 4116586 +
33 178078 200914 + 7 4046757 4068284 -
33 206364 208679 + 7 1283275 1285447 +
33 352431 355558 + 7 4069183 4072363 -
33 357770 360006 + 7 4043352 4045594 +
33 425531 456970 + 7 4075947 4104599 +
33 458645 474603 + 7 3653464 3670559 +
33 311368 313075 + 3 4533314 4534997 -
33 248969 261538 + 4 829895 842202 +
33 332712 333876 + 4 5243426 5244590 -
33 337723 339540 + 11 15684 17500 -
34 436 17188 + 5 5498061 5515983 -
34 37502 344324 + 5 5171640 5493449 -
34 21064 24154 + 2 2206527 2209471 -
34 346451 352487 + 9 23984 30021 -
35 466 304536 + 1 3972730 4439493 -
36 3817 43448 + 4 5891870 5945176 -
36 49124 50573 + 4 5883282 5886322 +
36 53387 110727 + 4 5794116 5847138 -
36 111487 136926 + 4 5645142 5671571 +
36 137386 156787 + 4 5672034 5690562 -
36 158130 182945 + 4 5691184 5714158 +
36 184001 186454 + 4 5715177 5717515 -
36 186780 214763 + 4 5717653 5743726 +
36 287047 288820 + 4 4988854 4990227 -
37 124370 159757 + 4 5751504 5785639 +
37 289504 310329 + 4 4944624 4966287 -
37 413905 446290 + 4 4995992 5053384 +
37 317244 320671 + 1 6454298 6458721 -
37 351084 352374 + 5 5494678 5495899 -
37 376655 380448 + 10 33894 37697 +
37 104386 109150 + 7 1011066 1024214 +
37 250578 251608 + 3 5269818 5270863 -
37 194174 196696 + 2 3830216 3832910 -
38 9244 15893 + 3 4880688 4887622 +
38 18607 47049 + 3 4931343 4960732 -
38 47352 71148 + 3 4961771 4984881 +
38 72632 83933 + 3 5002224 5013719 -
38 113607 137756 + 3 5033093 5060745 -
38 138953 147043 + 3 5088866 5091699 +
38 147640 149482 + 3 5016068 5017950 -
38 152901 221367 + 3 5092510 5146424 +
38 224949 259510 + 3 5147604 5183725 -
38 263262 267665 + 3 5184994 5189330 +
38 270845 308417 + 3 5190019 5223512 -
38 309403 333959 + 3 5225445 5246372 +
38 335868 355146 + 3 5250275 5268348 -
39 308060 345663 + 1 149858 181642 +
39 679 77170 + 3 219454 281416 -
39 80786 102279 + 3 201269 217677 +
39 110702 128749 + 3 174524 197211 +
39 131366 166879 + 3 153857 173703 -
39 167880 170277 + 3 149716 152261 +
39 170871 205820 + 3 99669 149509 -
39 207238 240725 + 3 86211 99058 +
39 241928 280278 + 3 32670 85046 -
39 280331 286575 + 3 29070 31780 +
39 288488 307531 + 3 9289 28980 -
40 909 358043 + 3 3278947 3533853 +
41 1166 230666 + 7 3364162 3625714 -
42 28789 216610 + 4 513659 695649 -
42 3648 8651 + 1 672882 677996 +
43 1436 103798 + 7 3804719 3889308 +
43 105507 111553 + 7 3891384 3897550 -
43 114132 180676 + 7 3899203 3960829 +
43 181342 190224 + 7 3962902 3971961 -
43 202875 269916 + 7 3975250 4041517 +
43 273994 291950 + 7 2905611 2935320 +
43 293676 308058 + 7 2936355 2951484 -
43 309898 323845 + 7 2953626 2966423 +
43 327687 331018 + 7 2968744 2972175 -
43 332598 584205 + 7 2974070 3181180 +
44 932 85325 + 1 8920233 9009961 +
44 87731 105511 + 1 9013851 9030634 -
44 108727 152777 + 1 9031637 9077987 +
45 68487 71770 + 1 6404710 6408002 -
45 893 63045 + 2 1464633 1523610 -
45 95801 180989 + 2 1366431 1454261 -
45 194261 195765 + 2 1131347 1132921 +
46 608 171004 + 7 3201405 3364089 -
47 462 5916 + 5 2417435 2422750 +
47 52296 86473 + 2 3487397 3530796 +
47 96100 134042 + 2 3547608 3578102 +
47 137108 146131 + 2 4054411 4063654 +
47 148130 150682 + 2 4048234 4051094 -
47 48914 51278 + 6 2313171 2315566 -
48 14435 15597 + 2 94712 95876 -
48 28631 150682 + 2 96900 252368 +
49 3392 42070 + 2 59103 91894 -
49 45588 46681 + 2 57477 58573 +
49 71597 84010 + 2 36678 49728 -
49 85217 86958 + 2 33930 35448 +
49 113227 135301 + 2 8935 32999 -
50 2588 125974 + 7 1433 100198 -
51 47120 51278 + 3 965987 970310 +
51 53584 119390 + 3 385173 457046 -
51 19162 21137 + 7 2799899 2801867 -
52 30252 67718 + 4 842731 874198 -
52 68723 127175 + 4 771650 829191 -
53 705 102349 + 2 3363056 3484573 +
53 115909 120159 + 2 4214059 4217948 -
53 122914 153063 + 2 4181545 4212625 +
53 102439 105385 + 5 1522118 1525398 +
54 1250 99971 + 2 1524540 1629032 -
55 605 84715 + 1 9638709 9769945 +
56 30609 32550 + 3 359785 361727 -
56 65663 93389 + 6 3076602 3107134 +
57 16567 18367 + 4 1273129 1274938 -
57 21819 91236 + 5 858187 1161000 -
58 3489 16217 + 2 3834054 3840383 -
58 36724 82436 + 2 3777599 3821848 -
58 83196 85083 + 2 4037917 4039939 +
59 2276 22876 + 4 698390 717537 -
59 28378 52401 + 4 723445 741995 +
59 59161 71793 + 4 745124 758373 -
59 72414 87163 + 4 761133 769938 +
60 1445 8562 + 7 101624 108515 +
60 19254 26973 + 7 126947 135035 -
60 28719 39289 + 7 114797 125782 +
60 46039 76640 + 7 160501 198503 +
61 132589 135732 + 4 1142693 1145833 +
61 21434 24209 + 10 69074 71866 +
61 43348 46075 + 6 1814305 1817043 +
62 1698 2871 + 3 887102 888290 +
63 622 64692 + 6 2320188 2374266 -
64 1096 71860 + 7 2843063 2902777 -
65 816 21608 + 7 3783854 3804157 -
65 25209 31290 + 7 3775796 3781845 +
65 33149 57439 + 7 3747832 3773996 -
65 57759 62565 + 7 3740869 3745514 +
67 666 2544 + 7 3745733 3747542 +
67 3661 53928 + 7 3705551 3739955 -
68 64860 68489 + 2 4170381 4174185 +
69 1366 11432 + 3 330196 340178 -
69 18676 21490 + 3 296507 299031 -
69 24509 29356 + 3 283041 287410 +
70 6456 30606 + 7 3626516 3650086 -
74 8791 10412 + 3 793393 794897 +
76 1400 18095 + 7 3183303 3199325 -
79 1121 13389 + 7 358040 371409 -
81 1378 3064 + 4 5990719 5992313 -
