1 98551 479588 + 1 5246038 5947644 -
1 517967 528005 + 1 522408 538359 -
1 551012 853161 + 1 3171271 3517501 +
1 862297 869921 + 1 8502413 8510972 -
1 891657 893156 + 1 4554015 4555599 -
1 933728 936507 + 1 9337789 9339916 +
1 979355 980826 + 1 2580346 2581907 -
1 1009552 1019838 + 1 2616497 2627059 -
1 1054201 1055472 + 1 5031195 5032521 +
1 1409111 1580980 + 1 4145881 4204500 -
1 1583193 1714299 + 1 8945059 9093249 +
1 1849854 1858032 + 1 4876920 4891077 -
1 1991963 1995945 + 1 3092484 3096286 +
1 2166375 2174828 + 1 9573905 9585444 -
1 2613751 2614968 + 1 2694753 2696024 -
1 2645847 2770507 + 1 2750924 3057621 -
1 2786738 2817986 + 1 1272160 1453325 +
1 2837312 2846229 + 1 4590518 4603159 +
1 3192538 3722764 + 1 6636647 6844276 -
1 4043728 4046862 + 1 2461810 2465751 +
1 2439500 2441735 + 2 623343 625639 -
1 2467483 2469518 + 2 713496 715571 -
1 2494197 2508632 + 2 60267 82492 +
1 2533686 2535876 + 2 2492760 2494941 +
1 2940505 2941858 + 2 808231 809528 -
1 3021345 3022780 + 2 3398420 3399809 +
1 3025266 3026560 + 2 4378526 4379832 -
1 2209266 2211177 + 7 1732123 1734047 +
2 13814 53473 + 5 4695406 4754788 +
2 219785 241235 + 5 2531770 2562170 -
2 347748 349121 + 5 2441096 2442458 +
2 434012 437995 + 5 4301655 4306864 +
2 462910 491844 + 5 5087453 5119120 -
2 648612 649645 + 5 2318521 2319625 +
2 738584 798524 + 5 2184983 2226787 -
2 1347588 1351920 + 5 5144647 5151141 -
2 1514833 1661891 + 3 3622013 3800081 -
2 2225630 2237060 + 3 4372162 4386186 -
2 2271233 2273851 + 3 3545722 3548337 +
2 2362349 2702625 + 3 1370262 2550143 +
2 2739100 2742010 + 3 4405437 4409215 -
2 3012342 3172513 + 3 3134519 3198663 +
2 3204747 3286605 + 3 5006628 5200762 +
2 977270 978610 + 1 4387812 4389270 +
2 1079464 1082563 + 1 2545636 2549301 -
2 1140286 1182670 + 1 8275857 8354838 +
2 1756223 1767464 + 1 4305218 4359862 -
2 1919777 1972491 + 1 5991948 6011371 +
3 1272310 1279726 + 1 1127722 1135992 +
3 1286781 1423869 + 1 7904027 8040784 -
3 1457223 1459851 + 1 4727151 4730768 -
3 1493664 1500235 + 1 768593 775417 -
3 1518650 1600690 + 1 622303 755643 +
3 1674459 1676399 + 1 579076 581307 -
3 2169853 2171884 + 1 10931 12996 +
3 2172932 2175036 + 1 36311 38415 -
3 2283888 2285663 + 1 7744749 7747358 +
3 2316248 2320532 + 1 7629716 7634207 +
3 2383447 2395380 + 1 598253 613365 +
3 2717540 2849298 + 1 1711900 1755110 +
3 2972949 2975015 + 1 1775400 1777784 -
3 3020032 3131560 + 1 1851844 1957833 +
3 3140429 3178881 + 1 463786 491836 -
3 3215547 3270518 + 1 2047889 2117680 +
3 468424 469955 + 7 1305960 1307505 +
3 1065459 1096715 + 6 3119852 3147085 -
3 1779082 2039009 + 6 863953 1023751 +
3 2417778 2628688 + 6 1550967 1827942 -
3 766229 767844 + 2 4286957 4288450 -
4 216585 220055 + 4 748067 752111 -
4 1261850 1349474 + 4 5369164 5534142 +
4 1431075 1438831 + 4 3881255 3890677 -
4 45072 60455 + 7 602107 635308 -
4 1023754 1032864 + 7 28854 38096 -
4 368336 369885 + 6 62635 64298 -
4 1457486 1461174 + 5 3642103 3646018 -
4 1606946 1687584 + 5 2071908 2143514 -
4 1833805 1838052 + 5 2417292 2422107 +
4 1895873 1898014 + 5 4975016 4977177 +
4 1910076 1913018 + 5 633577 636519 -
4 1942961 1983620 + 5 3290359 3299145 +
4 2171568 2172932 + 5 876569 877978 -
5 586920 590673 + 7 4006405 4010832 +
5 2638142 2663723 + 7 3875657 3910374 +
5 1148008 1372541 + 5 5361163 5849200 +
5 1383158 1384299 + 5 4407959 4409114 -
5 1721682 1773420 + 5 1802894 1838237 +
5 2009092 2023285 + 5 3672821 3688314 +
5 2029254 2348720 + 5 1365107 1380767 -
5 2466148 2474817 + 5 5329405 5341373 +
5 2548526 2554192 + 5 1503421 1510331 -
5 2572414 2578267 + 5 5255170 5291920 -
5 1073238 1095112 + 6 2723760 2741118 -
5 1435846 1444414 + 6 2633120 2642746 +
5 1448181 1453796 + 6 2425155 2431022 -
6 1989303 2002001 + 4 2053846 2063357 -
6 2130173 2132305 + 4 3538582 3540720 -
6 2190556 2226246 + 4 4731303 4961618 +
6 2320525 2324658 + 4 2537399 2540326 +
6 2448128 2463704 + 4 4423371 4438926 +
6 398446 399502 + 1 6853664 6854721 -
6 1084375 1173418 + 6 2459944 2538853 +
6 1210673 1250536 + 6 1963072 1982779 +
6 1712826 1930995 + 6 1996925 2312626 -
7 771786 814478 + 1 4104153 4117995 +
7 1500149 1534506 + 5 283362 327360 +
8 1563006 1605740 + 6 3991824 3995633 +
9 1912774 2324976 + 7 2487798 3102196 -
9 611048 617224 + 5 1958068 1964416 +
9 618041 624349 + 5 3471311 3479104 +
9 628079 629232 + 5 1912754 1913918 +
9 792995 830463 + 5 1884622 1889200 -
9 877250 1820004 + 2 1747075 2329213 -
10 48332 50151 + 1 7818582 7820688 -
10 1545363 1549238 + 1 7152082 7157015 -
10 1727202 1749813 + 1 7215563 7243999 +
10 102273 120513 + 4 2603038 2655251 +
10 288152 1241709 + 4 2088314 2285616 +
10 1276558 1280860 + 4 1995732 2001206 -
10 1805610 1814567 + 7 265791 297355 -
10 2001968 2005778 + 7 3331296 3335899 -
10 2232853 2241832 + 20 192 1279 -
10 2071899 2202419 + 8 5207 189958 -
11 902542 980349 + 4 2969148 3286129 +
11 1233756 1234937 + 3 1131324 1132528 -
11 1412792 1414014 + 3 2984848 2986076 +
11 1554551 1589378 + 3 3020612 3071666 -
11 1807502 1808805 + 3 3593150 3594391 +
11 1824505 1868464 + 3 1172367 1238881 +
11 473646 606728 + 5 723910 809044 -
11 1292724 1382750 + 5 644726 656325 +
11 1132144 1135071 + 1 9614564 9617491 +
11 1155238 1159482 + 1 2560092 2564333 +
11 1182025 1194246 + 1 6514178 6577241 -
12 261341 266301 + 2 1454126 1465641 -
12 1338 63729 + 5 1592110 1600560 +
13 82448 83854 + 1 1574794 1576276 +
13 5876 29147 + 4 3447332 3476020 +
13 476230 478727 + 4 666253 668753 +
13 545551 560000 + 4 5651710 5692890 -
13 1060954 1075126 + 7 3797080 3799312 -
13 1152158 1154954 + 6 3687704 3690425 +
13 259575 273717 + 3 491322 516075 +
13 783450 836200 + 3 2787064 2910640 +
13 873419 874581 + 3 2738647 2739828 -
13 930125 949058 + 3 1009020 1033487 +
13 951389 954284 + 3 998495 1001665 -
13 956050 958341 + 3 1003445 1005742 -
14 883734 886025 + 1 8451004 8453198 -
14 1188402 1192406 + 1 4615108 4619070 +
14 1561285 1564868 + 1 8597849 8601950 -
14 1574464 1578759 + 1 2683792 2688836 +
14 615486 617545 + 2 3860318 3862771 -
14 636815 673266 + 2 967007 1088592 +
14 1018845 1020234 + 2 449885 451280 +
14 1405880 1411909 + 2 2567665 2573766 -
14 1546581 1552159 + 7 772757 778937 +
15 112434 314472 + 4 1206849 1345938 +
15 354658 355944 + 4 433345 434812 +
15 977550 978693 + 4 1371043 1372194 +
15 412547 467203 + 3 1038584 1128130 -
15 470972 606696 + 3 3833459 4126064 -
18 30362 34306 + 2 173357 177221 -
18 90993 95788 + 2 3965381 3971011 +
18 376971 378542 + 2 4430827 4432401 -
18 554715 587874 + 2 3522879 3752028 +
18 676410 682168 + 2 858194 864749 -
18 172800 189995 + 3 3384402 3394315 +
18 193726 228725 + 7 3140796 3149016 -
18 797666 798987 + 7 849143 850441 -
18 800147 802043 + 7 1463521 1465382 +
18 807841 809563 + 7 500052 501894 -
19 1205589 1219842 + 2 562323 583712 -
20 416153 447037 + 5 6314589 6359626 -
20 207195 209671 + 6 1398378 1400821 +
20 729819 1137477 + 2 2866165 3256726 -
24 618362 620198 + 4 4967835 4969737 -
25 34671 49432 + 1 1599155 1650950 -
25 92888 96995 + 5 466769 471440 -
27 767039 768447 + 7 1895124 1896613 +
28 650429 681497 + 1 9378946 9387208 -
29 27904 36560 + 1 8458366 8467198 -
30 546888 673511 + 9 252 126974 +
30 327293 329138 + 2 724556 778336 -
35 400840 459620 + 1 8910221 8927395 -
36 345602 346979 + 2 4273613 4274957 +
36 177467 239080 + 1 4766392 4789194 +
