1 2309472 2312875 + 10 2023942 2027360 -
1 5322877 5326975 + 10 1202500 1206491 +
1 1520 13306 + 13 417896 429985 -
1 17887 38859 + 13 404898 415361 +
1 43905 48739 + 13 315580 321360 -
1 49464 51789 + 13 277688 280021 +
1 53561 56863 + 13 305687 309280 +
1 58411 62879 + 13 270635 275620 -
1 89791 102106 + 13 184260 269459 -
1 102610 103770 + 13 147739 148947 -
1 104019 127885 + 13 149565 183111 +
1 130325 143383 + 13 133531 146629 -
1 144782 178469 + 13 71767 107550 +
1 193081 195240 + 13 441788 445574 +
1 216105 221811 + 13 521756 529249 +
1 223077 259322 + 13 540379 579351 +
1 260758 265306 + 13 647277 653779 -
1 290379 294485 + 13 611368 614928 -
1 300629 328440 + 13 682370 713730 +
1 328835 331092 + 13 729120 731349 -
1 332246 361705 + 13 731742 765398 +
1 364755 369182 + 13 765947 770116 -
1 378344 393102 + 13 790401 803973 +
1 396909 401477 + 13 804837 809881 -
1 402589 407185 + 13 814075 818621 +
1 408988 419439 + 13 820101 830336 -
1 420013 442181 + 13 831746 858337 -
1 444509 451854 + 13 862306 869875 +
1 464647 478290 + 13 871902 885185 +
1 479869 481908 + 13 891439 895157 -
1 489053 490493 + 13 859590 861062 +
1 492168 519122 + 13 900422 928318 +
1 519650 541366 + 13 929038 949540 -
1 541796 592982 + 13 949873 1002612 +
1 594512 643384 + 13 1046032 1098141 -
1 644292 668607 + 13 1101649 1125779 +
1 698748 772976 + 13 1128889 1210529 +
1 774777 805595 + 13 1229765 1258090 +
1 805634 860708 + 13 1276615 1335928 +
1 861124 871998 + 13 1375799 1386678 +
1 925154 932223 + 13 1387259 1394434 +
1 932446 957228 + 13 1445422 1476237 +
1 959470 973858 + 13 1477677 1492146 -
1 974883 1106013 + 13 1494304 1631752 +
1 1106539 1152296 + 13 1653718 1699352 +
1 1153189 1160585 + 13 1700533 1707433 -
1 1160870 1181600 + 13 1707958 1729025 +
1 1186594 1201207 + 13 1729839 1745083 +
1 1201665 1219156 + 13 1762917 1780035 -
1 1229622 1245909 + 13 1746172 1762602 -
1 1247090 1277401 + 13 1780782 1811537 +
1 1283592 1290164 + 13 1817796 1824039 +
1 1291195 1296045 + 13 1826388 1831280 -
1 1298312 1336663 + 13 1832236 1899983 +
1 1351637 1413491 + 13 1902638 1968777 +
1 1416300 1435197 + 13 1970687 1989012 -
1 1438320 1498937 + 13 1993026 2053762 +
1 1503237 1530716 + 13 2058559 2085698 -
1 1532406 2146238 + 13 2087190 2758512 +
1 2148988 2176655 + 13 2780230 2809299 +
1 2176801 2220367 + 13 2855387 2906748 +
1 2220781 2273346 + 13 2940004 2995989 +
1 2342821 2366715 + 13 2996191 3020729 +
1 2383383 2384773 + 13 2760871 2762264 +
1 5752584 5756351 + 13 1428240 1432076 -
1 6404806 6407897 + 13 1638385 1641482 -
1 7053191 7133069 + 36 206565 326100 -
1 7133305 7253044 + 36 3934 160876 -
1 9790904 9796075 + 27 3457 10922 +
1 1184426 1185701 + 2 1379712 1380945 -
1 1219282 1221101 + 2 563968 565940 +
1 1344753 1347868 + 2 366789 369904 -
1 3478748 3482034 + 2 2957662 2960966 +
1 4083271 4088824 + 2 1124974 1130639 -
1 8261975 8264337 + 2 2520120 2522518 +
1 1221345 1225100 + 20 290766 295087 +
1 2336583 2341855 + 5 889695 895191 +
1 5868911 5919947 + 5 1793813 1846648 +
1 5944460 5955155 + 5 1846746 1857455 +
1 5976929 6091679 + 5 1858195 1981563 +
1 6093172 6116173 + 5 1982725 2017084 -
1 6117623 6185213 + 5 2018822 2095692 +
1 8132928 8227082 + 5 1498035 1599762 +
1 8267229 8450523 + 5 1600832 1792058 +
1 8477650 8529307 + 5 1446010 1497590 -
1 8536708 8866122 + 5 986816 1363521 -
1 8870756 8911006 + 5 904012 947838 -
1 8911492 8929302 + 5 851800 870237 -
1 8930335 8934882 + 5 841451 846349 +
1 8939674 8959425 + 5 819876 838894 -
1 8961217 8975767 + 5 802768 817041 +
1 8976452 8992233 + 5 785150 800928 -
1 9000322 9010219 + 5 775791 784803 -
1 9013851 9030479 + 5 756389 772785 +
1 9031637 9077987 + 5 704740 752958 +
1 9080990 9107434 + 5 672526 699858 -
1 9108871 9151034 + 5 586377 628915 -
1 9154383 9161410 + 5 538719 545357 -
1 9175876 9182801 + 5 529456 536292 -
1 9184699 9224485 + 5 487147 527876 +
1 9226699 9256173 + 5 547061 576110 +
1 9256554 9263770 + 5 577556 585160 -
1 9270066 9354909 + 5 441147 482148 +
1 9356263 9480370 + 5 313959 437217 -
1 9515399 9523278 + 5 303815 312105 -
1 9525764 9567205 + 5 248873 294284 -
1 9567749 9632358 + 5 171193 239286 +
1 9633459 9638868 + 5 241137 248451 -
1 9640040 9647031 + 5 162729 169597 -
1 9650517 9685806 + 5 87737 122975 +
1 9687714 9704857 + 5 66088 85256 -
1 9759275 9770812 + 5 45836 64426 -
1 64120 65717 + 1 3889068 3890674 +
1 3646170 3649782 + 1 2776738 2780265 -
1 3870362 3874419 + 1 1479913 1483047 -
1 4188165 4191533 + 1 2092871 2096362 +
1 4347491 4348754 + 1 2071004 2072351 -
1 5962080 5964015 + 1 2069002 2070980 +
1 6250767 6255450 + 1 714262 719042 -
1 673843 677907 + 3 3066301 3070308 -
1 3610728 3614347 + 3 25444 28036 +
1 4050968 4052850 + 3 3083666 3087020 +
1 5920749 5944413 + 3 2535522 2583139 -
1 6324332 6326953 + 3 3129 5752 -
1 6436024 6439245 + 3 1020786 1024004 -
1 8993225 8996589 + 3 3315706 3319056 +
1 9163652 9165320 + 3 2616258 2617928 +
1 3559026 3561973 + 8 610476 613411 -
1 3738378 3739868 + 8 579430 580928 -
1 3966038 3969849 + 8 173611 177410 +
1 9491599 9497070 + 8 6429 9841 -
1 879265 885765 + 4 878283 884882 -
1 3746876 3752608 + 4 1127664 1131545 +
1 3781126 3783246 + 4 900240 901551 -
1 4336118 4344866 + 21 412744 421501 +
1 3765806 3770138 + 17 946459 950824 +
1 3773992 3776251 + 17 110249 112530 +
1 8255160 8258517 + 17 101692 105094 +
1 5967928 5976675 + 34 152881 161637 -
1 6939100 7009468 + 34 193430 273329 -
1 7011007 7052607 + 34 10804 143343 -
1 2367518 2381656 + 7 1412626 1433523 -
1 2404581 2442449 + 7 1373850 1412488 -
1 2443447 2480634 + 7 1324519 1372863 +
1 2482082 2915725 + 7 873504 1321515 -
1 2915911 2934660 + 7 825282 845050 -
1 2936681 2942343 + 7 818164 823877 +
1 2943716 2985222 + 7 773104 817011 -
1 2986285 3000080 + 7 758251 771844 +
1 3001040 3002849 + 7 756228 758010 +
1 3003192 3209129 + 7 546278 755733 -
1 3209531 3224945 + 7 531385 546073 +
1 3225331 3294845 + 7 456001 530846 -
1 3295361 3461966 + 7 200781 409336 -
1 3463255 3476625 + 7 170950 184147 +
1 3496076 3510452 + 7 185906 200102 +
1 3511086 3553375 + 7 126518 167453 -
1 3566096 3595499 + 7 97660 126339 -
1 3638784 3641443 + 7 89664 91606 -
1 3664328 3679921 + 7 73815 89448 -
1 3708763 3734711 + 7 60088 72585 -
1 3651481 3659041 + 29 284964 301193 -
1 3836220 3837953 + 6 296708 298434 -
1 4025303 4029418 + 37 12104 15397 +
1 3826219 3827607 + 11 10678 12075 +
1 3987081 4009159 + 11 247251 268949 +
1 4096171 4162305 + 11 273933 339608 +
1 4167148 4168866 + 11 340836 342541 +
1 4195978 4335090 + 11 344861 505670 +
1 4356224 4481042 + 11 507279 643905 +
1 4484252 4556035 + 11 659110 764639 +
1 4556562 4921559 + 11 775460 1143994 +
1 4921848 5170540 + 11 1155615 1402344 +
1 5170899 5317578 + 11 1474975 1642111 +
1 5339862 5394756 + 11 1642129 1702882 +
1 5402255 5529907 + 11 1703160 1843151 +
1 5545239 5733184 + 11 1843253 2045348 +
1 5750493 5752128 + 11 768298 769936 +
1 5773140 5867630 + 11 2087967 2191462 +
1 6298555 6300235 + 11 1441525 1443193 +
1 7254588 7301232 + 11 3304946 3372110 -
1 7303657 7475744 + 11 3030752 3213577 -
1 7476203 7491803 + 11 2951293 2968121 -
1 7495034 7504140 + 11 2940422 2950931 +
1 7504787 7805688 + 11 2644468 2934588 -
1 7806065 7939334 + 11 2451449 2621457 -
1 7939864 7975670 + 11 2414454 2451089 +
1 7976196 8132327 + 11 2226739 2413662 -
1 8228056 8229807 + 11 2057017 2058780 +
1 8450872 8462510 + 11 2192331 2203958 +
1 8462910 8470694 + 11 2211757 2219528 +
1 8471026 8475422 + 11 2219932 2224403 -
1 5756846 5758885 + 23 77162 78805 -
1 453981 461938 + 15 50258 69867 +
1 6188854 6249465 + 22 722187 789695 -
1 6263048 6297061 + 22 679395 721632 -
1 6329730 6383467 + 22 612804 677256 -
1 6449891 6453332 + 22 126366 129825 -
1 6459197 6723662 + 22 353834 609226 -
1 6723737 6868075 + 22 147704 297201 -
1 6868486 6936707 + 22 2792 85877 -
1 5542383 5544522 + 12 730851 732860 -
1 6316636 6318320 + 12 139266 140989 -
1 1226573 1228106 + 14 483151 484684 +
1 5747630 5749708 + 14 2443 5350 -
1 9742830 9749251 + 14 444434 451014 -
1 3694495 3699922 + 38 53201 58616 -
1 6388480 6391271 + 38 169391 172149 +
1 2306084 2308858 + 9 791427 794244 -
1 2321249 2325656 + 18 791654 796061 +
1 4163017 4165143 + 24 55401 57505 -
1 3661227 3663700 + 33 182737 185235 -
1 3488099 3491073 + 32 134548 137899 -
1 5395080 5397862 + 32 30223 33157 -
1 3956322 3962504 + 16 1464584 1470810 -
1 2333622 2336515 + 30 137669 140368 +
1 5739266 5747047 + 30 140493 150970 +
1 8251122 8252898 + 30 286514 288284 +
1 9167998 9173179 + 47 65870 71226 -
2 572831 577029 + 27 301795 306018 -
2 3581643 3586828 + 27 740834 752050 +
2 3588433 3594226 + 27 753587 759143 -
2 3595573 3601130 + 27 760509 766813 +
2 3715749 3731523 + 27 773410 789677 +
2 3738870 3773073 + 27 833459 870125 -
2 3773585 3777298 + 27 807964 814244 -
2 3813040 3821848 + 27 1064056 1072331 -
2 3834172 3871501 + 27 999595 1062731 -
2 3872364 3886852 + 27 953489 969147 +
2 3937428 3949616 + 27 975777 990484 +
2 3954223 4027110 + 27 871058 946416 -
2 4028525 4036556 + 27 798682 806659 +
2 4067678 4097536 + 27 681760 715959 -
2 4123279 4136375 + 27 665823 679263 -
2 4147146 4151915 + 27 635299 640092 -
2 4164765 4174197 + 27 614805 623872 -
2 4181543 4212828 + 27 572712 610552 +
2 4213406 4218258 + 27 564865 570189 -
2 4219500 4221695 + 27 554448 556826 +
2 4222552 4223772 + 27 526394 527692 -
2 4224946 4238304 + 27 493237 506406 -
2 4239195 4266859 + 27 390983 397745 +
2 4269078 4275277 + 27 405517 413758 +
2 4279506 4310659 + 27 346688 389406 -
2 4324088 4344481 + 27 170704 192717 +
2 4359692 4385746 + 27 193231 220127 +
2 4386834 4416891 + 27 222778 253578 -
2 4418047 4426696 + 27 254667 298632 +
2 4429832 4433761 + 27 307662 311488 +
2 4434604 4444835 + 27 158764 169272 +
2 4447645 4453129 + 27 137664 143410 -
2 4453901 4470348 + 27 63151 81453 -
2 948872 1066095 + 44 1268 142609 +
2 1077428 1093852 + 44 143604 160766 +
2 1175908 1178435 + 14 751954 754405 -
2 111717 116490 + 13 285647 298630 +
2 143763 147382 + 13 532248 535890 -
2 2851092 2853087 + 13 619969 621990 -
2 3633327 3635497 + 13 506274 508458 +
2 3827103 3829455 + 13 1043334 1045653 -
2 4177775 4179304 + 13 1814246 1815777 +
2 1551787 1590893 + 31 561 39491 +
2 1591656 1615623 + 31 40484 64837 -
2 1616936 1619248 + 31 67961 70257 +
2 1622062 1644046 + 31 71260 92624 -
2 1645354 1670836 + 31 95353 120635 -
2 1672369 1684274 + 31 123081 134566 +
2 2633170 2846819 + 31 203828 418293 -
2 2855787 2862609 + 31 190353 197511 -
2 2864774 2897359 + 31 156755 188447 +
2 2901090 2931242 + 31 140642 153225 -
2 3620388 3622071 + 5 140323 142046 -
2 1348112 1349174 + 3 1576079 1577142 -
2 1360727 1362825 + 3 1395181 1397303 -
2 3318998 3321197 + 3 178726 187273 -
2 3920361 3922885 + 3 2093391 2095903 +
2 1345438 1346470 + 17 131017 132044 +
2 1993803 1996207 + 17 81442 83861 +
2 9690 33070 + 37 161235 198639 +
2 33706 35448 + 37 145683 147701 +
2 36675 50220 + 37 131073 145071 -
2 57227 78065 + 37 41872 69362 -
2 3658160 3660063 + 37 34687 36656 -
2 1366701 1372873 + 29 309826 316895 +
2 1374585 1402356 + 29 320710 349177 -
2 1406371 1551360 + 29 353064 522862 +
2 94654 95986 + 18 1158436 1159784 +
2 97178 107772 + 18 1087401 1099013 -
2 147668 313347 + 18 895874 1077651 -
2 315516 332613 + 18 865529 882511 +
2 337739 384260 + 18 805969 860262 -
2 389133 416293 + 18 760636 779267 -
2 416889 423667 + 18 754160 760262 +
2 424223 434315 + 18 741710 752193 +
2 438722 453290 + 18 722444 738313 -
2 456191 479440 + 18 647507 669273 -
2 479981 486513 + 18 635760 642290 +
2 491235 526591 + 18 601590 635359 +
2 529420 548061 + 18 577873 597526 +
2 549417 555967 + 18 569251 575819 +
2 563296 568451 + 18 556207 560614 -
2 569407 571650 + 18 466651 471503 -
2 578560 592724 + 18 341697 363986 +
2 597514 601557 + 18 412120 415912 -
2 606915 613184 + 18 367806 374536 -
2 616285 648834 + 18 418564 448208 +
2 653976 655559 + 18 297011 298591 -
2 656747 693840 + 18 298929 338203 +
2 696098 698048 + 18 288169 289948 -
2 698251 722770 + 18 260960 278665 -
2 725182 773449 + 18 177547 254270 -
2 778249 884789 + 18 68545 173071 -
2 887147 907399 + 18 47038 67151 +
2 908284 947730 + 18 5370 46137 -
2 1244949 1248716 + 18 1082248 1086021 -
2 79955 86161 + 48 50283 56222 -
2 87252 91667 + 48 42082 50019 +
2 3897410 3898658 + 2 2969072 2970308 +
2 4154087 4158800 + 2 532287 536983 -
2 1313299 1316148 + 11 235566 238404 +
2 1358040 1360336 + 11 122849 125136 +
2 3823729 3826394 + 11 649872 653102 -
2 1693424 1850741 + 16 762388 904544 -
2 1856233 1859420 + 16 757823 760841 +
2 1860136 1989362 + 16 615278 755467 -
2 2002282 2065869 + 16 553518 614876 -
2 2066132 2074361 + 16 545229 552995 +
2 2075823 2419451 + 16 252738 544039 -
2 2419492 2632660 + 16 207 237598 -
2 2933512 2940895 + 16 911612 919391 +
2 2942010 3010369 + 16 943794 1018201 +
2 3012240 3041594 + 16 1019539 1049932 -
2 3046258 3064180 + 16 1054428 1072967 +
2 3069153 3080145 + 16 1077599 1088466 -
2 3081157 3083034 + 16 1089968 1091866 +
2 3084977 3093553 + 16 1114195 1122675 -
2 3094680 3098136 + 16 1093262 1100592 -
2 3098648 3302717 + 16 1123640 1334741 +
2 3321336 3462257 + 16 1334985 1452199 +
2 3464715 3470946 + 16 1488269 1495177 +
2 3477290 3484418 + 16 1506661 1513512 -
2 3488103 3528395 + 16 1524754 1554990 +
2 3548778 3551910 + 16 1574300 1577302 -
2 3553460 3575043 + 16 1592372 1612356 +
2 3777603 3790690 + 16 1668031 1681337 +
2 3793191 3811424 + 16 1685961 1706631 +
2 4045049 4046209 + 16 1649051 1650209 +
2 4047787 4051099 + 16 1643649 1647068 -
2 4053639 4063657 + 16 1627013 1637017 +
2 1096180 1097523 + 1 2990217 2991568 +
2 3471825 3473020 + 1 3114328 3115515 +
2 3624468 3627158 + 1 539614 542366 -
2 4140319 4143025 + 1 1708662 1711304 -
2 1112898 1116756 + 4 1154304 1158169 +
2 1138632 1142153 + 4 2510938 2514453 +
2 1253653 1256650 + 4 1221066 1224049 -
2 775052 776664 + 20 172794 174402 +
2 4471302 4472346 + 20 834403 835503 -
2 1289774 1296867 + 30 275696 282838 +
2 1071470 1075946 + 15 444093 448557 +
2 1117126 1119648 + 9 340519 343041 -
2 1320576 1323382 + 8 654031 656834 +
2 4101111 4104187 + 8 1072051 1075192 +
2 131129 138708 + 33 330250 337912 -
2 4345263 4358559 + 35 7517 14538 +
2 3924839 3930097 + 47 88712 94564 -
2 1168549 1172070 + 7 436388 439903 +
2 1273076 1275568 + 7 26150 28812 +
2 1325673 1337566 + 7 855723 859251 -
2 3701008 3702693 + 45 130955 132649 +
2 3653986 3656631 + 53 22066 24705 +
3 180976 183066 + 1 2058328 2060287 +
3 186717 187773 + 1 2106609 2107645 +
3 474634 476333 + 1 1701750 1703439 +
3 901310 903701 + 1 4067548 4069954 -
3 2826716 2831367 + 10 273926 278712 -
3 4991829 4993059 + 10 2009098 2010259 -
3 909979 912056 + 13 1403614 1405692 +
3 2235334 2236699 + 13 2759147 2760549 -
3 5064788 5067319 + 13 57311 59944 -
3 322586 326569 + 23 318584 322615 +
3 359494 363037 + 23 574259 577823 -
3 2196665 2198313 + 23 151107 152790 +
3 2887165 2889692 + 23 307731 310395 -
3 4276848 4280611 + 23 262991 266875 -
3 4858581 4877291 + 23 716503 774755 -
3 4880819 4881864 + 23 622863 623932 -
3 4882123 4887594 + 23 624602 629520 +
3 4889011 4924867 + 23 666212 712575 +
3 4931341 4933077 + 23 613985 615266 +
3 4933560 4960714 + 23 632215 665031 -
3 4961797 4970200 + 23 603554 613516 -
3 4971842 4973492 + 23 600486 602081 +
3 4981327 4982461 + 23 593269 594394 +
3 5002224 5061748 + 23 470078 554767 -
3 5091087 5094116 + 23 443232 449710 -
3 5098789 5105859 + 23 429189 435525 +
3 5106957 5114541 + 23 392386 400286 +
3 5115457 5117286 + 23 403289 405080 -
3 5124314 5129245 + 23 380667 386568 -
3 5135632 5144165 + 23 344599 368367 -
3 5144985 5146424 + 23 377753 379100 +
3 5147581 5170254 + 23 283260 306337 +
3 5171678 5183524 + 23 325591 337260 +
3 5184903 5230428 + 23 170549 243924 -
3 5231333 5269532 + 23 82763 122457 -
3 9289 28872 + 24 575084 606928 -
3 29233 30415 + 24 526306 527505 +
3 33439 61541 + 24 490222 525185 -
3 78769 84616 + 24 482931 489182 -
3 94325 95579 + 24 425417 427817 -
3 100189 103555 + 24 429993 433310 +
3 104248 108725 + 24 436982 441953 -
3 109858 118160 + 24 442819 450955 +
3 121988 155587 + 24 456372 476084 -
3 160251 161361 + 24 422180 423221 -
3 167559 173896 + 24 302910 310289 -
3 174521 176232 + 24 242643 244324 -
3 176635 180157 + 24 247532 284356 +
3 189676 197112 + 24 290119 300601 +
3 201659 207914 + 24 210440 217099 +
3 209762 217668 + 24 233012 241130 +
3 219451 236967 + 24 182807 208984 -
3 239523 282827 + 24 89655 167680 -
3 283040 287402 + 24 76803 81414 +
3 296945 301068 + 24 68765 75298 -
3 330194 334451 + 24 63749 67706 -
3 334896 346605 + 24 38173 52978 -
3 456162 457301 + 24 32714 33940 +
3 2408318 2423859 + 26 6184 30415 +
3 2444840 2599767 + 26 30631 195816 +
3 2600374 2602016 + 26 197187 199086 -
3 2603349 2790995 + 26 199923 395969 +
3 2791917 2794929 + 26 397294 400421 -
3 2795599 2820896 + 26 400767 431560 +
3 2833523 2881147 + 26 432099 486420 +
3 2881689 2884436 + 26 2736 5561 -
3 2892599 2923664 + 26 488137 519427 +
3 2924227 2965714 + 26 535623 577279 -
3 2974431 2986822 + 26 522948 534894 -
3 2990041 3004756 + 26 577608 592208 +
3 3722126 3724043 + 9 1080648 1082623 +
3 1261650 1262979 + 11 2633495 2634906 -
3 564060 567542 + 4 2574365 2577855 -
3 720100 722244 + 4 2579198 2581428 +
3 772397 774238 + 4 2485597 2487372 +
3 854501 858725 + 4 1859689 1863901 +
3 2231946 2233987 + 4 1250700 1252729 +
3 1804796 1856275 + 28 514001 562563 -
3 1856728 1866450 + 28 504647 513631 +
3 1867116 2078941 + 28 291949 503701 -
3 2079930 2081000 + 28 290660 291712 +
3 2082000 2096513 + 28 268002 289540 +
3 2096845 2185266 + 28 179521 267122 -
3 2236973 2349083 + 28 66739 179364 -
3 2349718 2364269 + 28 51850 66111 +
3 2364790 2408116 + 28 8531 51360 -
3 437412 445445 + 17 608915 617216 +
3 780226 782398 + 17 618859 621045 +
3 119478 121336 + 15 76776 78647 -
3 867232 871707 + 15 779735 784198 +
3 4097826 4255001 + 15 861773 1030444 -
3 4282378 4290966 + 15 852265 860684 -
3 4291190 4295125 + 15 847886 851923 +
3 4295560 4349692 + 15 790832 847621 -
3 4350151 4451519 + 15 673741 770666 -
3 4453270 4467284 + 15 655881 670052 +
3 4469743 4478803 + 15 645392 654013 +
3 4480713 4489238 + 15 635935 644755 +
3 4489964 4514942 + 15 610052 634357 -
3 4518785 4524999 + 15 598828 606302 +
3 4525940 4535111 + 15 570410 575080 -
3 4536851 4572282 + 15 368295 407441 +
3 4573367 4578043 + 15 552499 561025 +
3 4597524 4657935 + 15 285299 367366 -
3 4663808 4723673 + 15 211782 278036 +
3 4724190 4808640 + 15 95815 209338 -
3 481360 483744 + 22 323127 325526 -
3 70408 73286 + 33 156981 159847 -
3 406363 429541 + 33 20279 44929 -
3 384775 396383 + 8 637379 647987 +
3 461075 467845 + 8 557617 564335 -
3 470187 473851 + 8 532128 535773 +
3 487623 492825 + 8 551427 555661 +
3 494433 512795 + 8 492369 511578 +
3 514054 517000 + 8 515477 518199 -
3 518081 522662 + 8 521200 526095 -
3 524068 527368 + 8 527049 530478 +
3 529942 532209 + 8 487551 489796 +
3 534307 563627 + 8 436249 484551 -
3 568876 682946 + 8 324518 435393 -
3 836209 840394 + 8 308783 312989 +
3 4261982 4263733 + 8 1086987 1088750 -
3 4838145 4840874 + 8 1237493 1240264 -
3 2432715 2434846 + 18 394964 397170 +
3 4080498 4081535 + 18 713958 714989 -
3 1271168 1274238 + 12 687405 690515 +
3 2194140 2195818 + 12 672275 673941 +
3 3170226 3544182 + 12 748857 1156697 -
3 3544571 3564040 + 12 691475 705245 -
3 3564894 3721871 + 12 406089 570795 -
3 3729636 3943180 + 12 165894 401822 -
3 3943729 4073191 + 12 10213 139183 -
3 4095624 4096839 + 12 8982 10041 -
3 690906 692771 + 3 1182894 1184778 +
3 749438 753912 + 3 2140051 2144513 +
3 817242 818441 + 3 1307814 1309073 -
3 917697 921215 + 3 2947577 2951089 -
3 939294 943291 + 3 1329374 1334388 -
3 944686 947230 + 3 1384866 1387397 +
3 2186638 2188743 + 3 2967925 2969996 -
3 2189940 2194047 + 3 2187544 2191230 -
3 2220032 2221105 + 3 804696 805851 +
3 1130907 1246343 + 25 550284 664605 -
3 1247028 1249082 + 25 547197 549247 +
3 1250487 1252394 + 25 544260 546116 -
3 1274334 1311704 + 25 492478 544084 -
3 1312027 1317089 + 25 485872 492035 +
3 1317414 1336757 + 25 463570 482582 -
3 1351263 1415206 + 25 361080 422143 -
3 1415818 1428374 + 25 346011 358125 +
3 1431572 1437424 + 25 340078 345492 +
3 1437969 1461177 + 25 317098 339139 +
3 1462704 1469680 + 25 309329 316028 +
3 1470674 1611584 + 25 156689 308445 -
3 1613865 1625037 + 25 144723 156031 +
3 1625931 1776582 + 25 41296 143250 -
3 1779733 1792483 + 25 28141 40677 +
3 1792836 1803758 + 25 14975 25566 -
3 303829 311302 + 21 751204 758458 -
3 2424809 2428285 + 14 331638 335114 -
3 966941 1129895 + 40 443 150842 -
3 320720 322363 + 38 118367 120019 +
3 793313 795131 + 38 195800 198341 -
3 3724563 3727552 + 30 407581 410579 -
3 3004796 3119977 + 41 492 129693 +
3 3120817 3125320 + 41 130326 135352 -
3 3126199 3168217 + 41 135876 184243 +
3 754111 760452 + 63 767 4794 -
3 2966756 2968031 + 48 60497 62445 +
4 5959345 5963843 + 27 469062 473737 +
4 5967691 5970084 + 27 984 3371 +
4 1476332 1479515 + 1 768343 771580 -
4 2019829 2021068 + 1 537473 538763 -
4 5046072 5076983 + 1 4293440 4322454 -
4 5212403 5215921 + 1 2078274 2081786 +
4 122847 126131 + 18 1165188 1168523 -
4 5744042 5747306 + 18 255749 258915 +
4 1141074 1144863 + 12 663999 667788 -
4 4658246 4660125 + 12 162777 164644 +
4 831929 835751 + 20 1338401 1342229 -
4 5018661 5020343 + 20 305162 306832 -
4 5029873 5038227 + 20 272423 280829 -
4 5277692 5279673 + 20 1168652 1170362 +
4 32300 33393 + 4 2623337 2624370 +
4 34505 63800 + 4 2587542 2618359 -
4 65004 97526 + 4 2537916 2573700 -
4 98771 102359 + 4 2532653 2536322 +
4 104343 109764 + 4 2526136 2531328 -
4 112028 113047 + 4 2475834 2476841 -
4 142043 173788 + 4 2439164 2473967 -
4 188078 196950 + 4 2404148 2413231 +
4 204179 205200 + 4 2177620 2179573 +
4 212143 216325 + 4 2200691 2204601 -
4 216738 218201 + 4 2205659 2207109 -
4 218978 223519 + 4 2208329 2213146 +
4 229335 242826 + 4 2218164 2230467 -
4 243716 250399 + 4 2253911 2261066 -
4 258680 274793 + 4 2266006 2282042 -
4 278177 300869 + 4 2360576 2386492 -
4 302165 314338 + 4 2323205 2337039 -
4 318082 319567 + 4 2392084 2399281 -
4 331215 435550 + 4 1991451 2167478 -
4 459432 463205 + 4 1954473 1958169 -
4 478128 487608 + 4 1889976 1898563 +
4 488081 489624 + 4 1887949 1889552 -
4 497126 641021 + 4 1656659 1832905 -
4 647911 686375 + 4 1524017 1578414 -
4 688144 695904 + 4 1471937 1485258 +
4 698397 703504 + 4 1432094 1437800 +
4 712237 717575 + 4 1507168 1512750 -
4 723329 743835 + 4 1399965 1428164 -
4 745559 758117 + 4 1383658 1395640 +
4 762184 829228 + 4 1296541 1382134 -
4 842731 871242 + 4 1260658 1295662 -
4 1088082 1125375 + 4 730587 773986 -
4 1173836 1193619 + 4 709570 729587 -
4 1202307 1255759 + 4 642238 695943 +
4 1256512 1258093 + 4 697487 699009 -
4 1259855 1265578 + 4 700461 706035 +
4 1278074 1366859 + 4 554762 641295 -
4 1367241 1369476 + 4 506794 508876 +
4 1370400 1387832 + 4 536619 553695 +
4 1389164 1396276 + 4 496780 505866 -
4 1398355 1403802 + 4 486405 491844 +
4 1412800 1417040 + 4 480160 484563 -
4 1421979 1434301 + 4 463651 476343 +
4 1435150 1442504 + 4 448508 462170 -
4 1456074 1457275 + 4 1142775 1143991 +
4 1489651 1524735 + 4 386495 444313 -
4 1525650 1553089 + 4 351990 384792 +
4 1554621 1567936 + 4 331969 350406 -
4 1570530 1588658 + 4 289888 307718 +
4 1590179 1600451 + 4 312783 322930 +
4 1605680 1875468 + 4 1346 288208 -
4 1887448 1889063 + 4 2343490 2345051 -
4 5224189 5227159 + 4 2345364 2348334 +
4 5241818 5246533 + 4 1836054 1840802 -
4 3443608 3480328 + 35 217561 253280 -
4 3481019 3512596 + 35 142135 185658 -
4 3843030 3846098 + 35 20835 23913 -
4 4304281 4307554 + 35 24785 27713 +
4 4852370 4927497 + 35 35850 121621 -
4 4928581 4930138 + 35 130353 131844 -
4 4931383 4937426 + 35 123508 129634 +
4 4938092 4942083 + 35 30165 34015 +
4 5787169 5789150 + 35 133587 135672 +
4 1893312 1897769 + 10 318321 322766 +
4 2794194 2795837 + 10 1113884 1115508 +
4 1079227 1085118 + 30 130538 136482 +
4 5645137 5697545 + 30 343020 406237 -
4 5697700 5725566 + 30 411299 444831 +
4 5726067 5727181 + 30 445553 447976 -
4 5727954 5735877 + 30 448828 457346 +
4 5794103 5796052 + 30 331262 333193 -
4 5796592 5805501 + 30 333598 342638 +
4 5805793 5808539 + 30 171303 174275 +
4 5809494 5823176 + 30 316812 330185 +
4 5824372 5828340 + 30 163860 167911 -
4 5829826 5847288 + 30 93206 112111 -
4 5869816 5871129 + 30 85650 86981 +
4 5891861 5914378 + 30 39066 74228 -
4 5928301 5946968 + 30 23290 39032 -
4 908860 911516 + 3 1424981 1427626 -
4 951161 954938 + 3 2935021 2938789 -
4 1448641 1452401 + 3 2475300 2479108 -
4 2030800 2032194 + 3 612206 613603 +
4 5921627 5923317 + 3 2906131 2907894 -
4 3513402 3596134 + 9 627149 772256 +
4 3596501 3839560 + 9 822638 1080438 +
4 4285577 4288376 + 9 367162 369886 +
4 4668307 4806893 + 9 1148645 1290261 -
4 4807755 4812561 + 9 1142230 1147248 +
4 4813847 4849745 + 9 1089487 1139565 -
4 4967098 4974247 + 9 147278 155150 +
4 5080320 5091025 + 9 11827 23466 +
4 5098911 5122745 + 9 33271 57716 -
4 5128091 5166317 + 9 63321 108522 +
4 5169102 5194858 + 9 111324 146825 -
4 5196320 5207854 + 9 156104 167325 +
4 5250884 5275134 + 9 172177 197996 +
4 5282627 5308147 + 9 220748 245707 +
4 5332351 5407299 + 9 246172 335307 +
4 5407796 5455765 + 9 378788 425042 +
4 5459236 5475569 + 9 429750 458800 -
4 5479278 5643848 + 9 460579 619242 +
4 5791659 5793848 + 9 619788 621950 -
4 1068512 1072080 + 36 188282 191934 +
4 2021649 2026579 + 14 432772 437635 +
4 898683 903666 + 2 636309 641190 +
4 1022192 1023307 + 2 2530510 2531730 -
4 1469921 1472020 + 2 199377 201476 -
4 2720242 2726699 + 2 905113 921076 -
4 2732611 2735717 + 2 1023533 1026741 +
4 3311347 3312909 + 2 2333237 2334833 -
4 4988526 4989992 + 2 2572594 2574076 +
4 1482057 1483158 + 5 299216 300329 +
4 5924028 5927723 + 5 125126 137088 -
4 3345388 3394374 + 46 23544 174404 -
4 1268462 1270282 + 19 460245 462060 -
4 3848336 4078001 + 19 11963 260902 +
4 4078076 4143029 + 19 298292 365779 +
4 4147037 4155709 + 19 369259 398865 -
4 4156047 4230125 + 19 399717 460029 +
4 4241694 4250012 + 19 464730 503888 +
4 4301819 4303993 + 19 504582 506774 +
4 4310520 4328740 + 19 508751 542412 +
4 4331844 4333328 + 19 549113 550581 -
4 4333895 4448300 + 19 553037 703608 +
4 4459455 4607868 + 19 704422 851518 +
4 4608085 4624517 + 19 867606 883887 +
4 4660752 4667662 + 19 885201 892043 +
4 140115 141262 + 6 851752 852957 -
4 1876119 1880136 + 6 1741097 1745055 -
4 1934667 2002265 + 6 1669038 1739787 -
4 2004211 2013777 + 6 1657491 1667984 +
4 2014846 2017847 + 6 1652447 1655443 -
4 2051567 2153969 + 6 1478126 1651448 -
4 2155458 2311225 + 6 1265427 1443864 -
4 2312048 2684424 + 6 871225 1225279 -
4 2684656 2718297 + 6 813880 849494 -
4 2738128 2793772 + 6 712189 813436 -
4 2795975 2924698 + 6 567957 707690 -
4 2925803 2973338 + 6 504748 557897 +
4 2976379 2996555 + 6 460066 500582 -
4 2996946 3015864 + 6 443641 459219 +
4 3020450 3022253 + 6 440848 442662 +
4 3028369 3051281 + 6 411809 433875 -
4 3083364 3173659 + 6 300569 409469 -
4 3174775 3306699 + 6 31593 209778 -
4 3314442 3343729 + 6 428 29463 -
4 1000865 1003704 + 29 188913 191889 -
4 940360 944507 + 8 260091 264260 +
4 1045015 1055480 + 8 153522 163389 +
4 3053782 3055643 + 8 603755 605603 -
4 5324603 5329097 + 8 695465 699965 +
4 1466149 1467754 + 37 1776 3396 +
4 446369 449021 + 16 1713378 1719134 +
4 1921954 1928453 + 16 239817 246448 -
4 5990407 5995756 + 16 926441 931863 -
4 1913014 1917970 + 13 1350335 1355273 -
4 3079322 3082222 + 13 1273470 1276421 +
4 4255007 4259552 + 13 1220175 1224650 -
4 4453273 4455890 + 13 457451 460059 +
4 4945138 4966117 + 43 84656 122039 +
4 4995756 5012901 + 43 7383 25459 -
4 5737094 5743556 + 43 172541 179015 -
4 5751797 5785639 + 43 128422 169294 -
4 4263379 4267855 + 40 171135 175599 -
4 4270810 4274122 + 48 6465 9763 -
4 5858443 5864242 + 48 21222 31234 -
4 5987016 5989793 + 45 154121 157060 -
4 878675 883111 + 47 54324 58635 +
4 3395269 3443086 + 47 2428 51103 +
4 4261735 4263362 + 47 71756 73404 -
5 19053 20325 + 32 13013 14286 +
5 21424 73891 + 32 33643 111372 +
5 82726 130329 + 32 168744 227297 +
5 133092 163642 + 32 228632 282932 -
5 166492 209272 + 32 289028 312087 -
5 210489 254340 + 32 321824 390405 +
5 269882 272024 + 32 395062 397329 +
5 499190 503114 + 14 588081 599565 -
5 1105274 1106891 + 14 181197 182787 -
5 994442 996948 + 12 726031 728272 +
5 1192475 1195993 + 12 142771 146283 -
5 5233577 5236078 + 5 653478 656003 -
5 2416668 2422750 + 27 790756 796664 -
5 3435274 3438779 + 27 93674 97212 -
5 4795600 4797797 + 27 13505 15802 +
5 5912019 5914662 + 27 425613 428299 +
5 5898942 5902509 + 37 97698 101308 +
5 4035117 4036503 + 11 1456614 1458003 -
5 4053205 4054733 + 11 1154031 1155531 -
5 5982537 5988093 + 11 3001544 3007211 +
5 6012908 6014422 + 9 3527 5083 -
5 923820 928292 + 29 53107 57570 -
5 938851 941738 + 29 262880 265817 -
5 1053577 1059515 + 29 181591 187521 +
5 1110948 1114068 + 29 268894 271966 -
5 1763559 1767363 + 29 20997 27245 +
5 1033996 1035960 + 45 128502 130193 -
5 2598263 2600980 + 13 2913416 2916325 -
5 4464365 4465573 + 13 2827477 2828672 -
5 9415 17065 + 3 1214185 1222078 -
5 1083574 1084715 + 3 1212117 1213333 +
5 1086993 1089109 + 3 1392473 1394223 +
5 1128870 1130425 + 3 1245081 1246633 -
5 1210093 1212029 + 3 1685918 1687922 +
5 4055252 4062892 + 3 1911154 1918987 +
5 5703865 5707208 + 2 1373528 1376862 -
5 6069714 6081390 + 2 2894190 2898635 -
5 263414 266546 + 4 1589217 1592189 -
5 1182942 1185509 + 4 1627855 1630431 +
5 5228338 5233134 + 4 527488 532258 +
5 1520843 1525336 + 16 1515728 1520355 +
5 5661005 5664839 + 16 1455754 1459871 -
5 6146126 6147790 + 24 8891 10555 +
5 593604 596084 + 33 128668 131148 -
5 967679 972158 + 33 91174 95644 -
5 3926208 3927339 + 18 673885 675019 -
5 1002176 1004058 + 1 3015051 3016873 +
5 1043129 1044552 + 1 2541862 2543282 +
5 1218622 1271670 + 1 4126190 4176335 -
5 1271881 1358786 + 1 3947839 4042822 -
5 1359093 1369763 + 1 3935219 3945825 +
5 1371450 1381522 + 1 3922583 3934924 -
5 1381622 1446737 + 1 3826978 3886192 -
5 1448093 1461807 + 1 3811380 3825387 +
5 1464053 1519152 + 1 3736475 3809006 -
5 1525656 1536892 + 1 3721989 3733068 +
5 1539419 1599078 + 1 3648366 3720497 -
5 1600414 1615573 + 1 3617032 3636742 +
5 1616240 1617732 + 1 3615374 3616854 +
5 1618411 1677648 + 1 3538459 3614314 -
5 1682052 1708458 + 1 3520649 3535956 +
5 1713726 1751988 + 1 3469751 3508590 -
5 1768334 1798499 + 1 3425886 3467704 -
5 1799450 1879771 + 1 2175002 2266355 +
5 1880429 1892757 + 1 2267539 2279623 -
5 1893725 2007312 + 1 2280449 2393149 +
5 2007629 2068779 + 1 2465707 2527398 +
5 2070370 2192804 + 1 2628441 2765178 +
5 2193413 2333085 + 1 2822754 2983466 +
5 2333685 2361409 + 1 3028764 3056164 +
5 2362225 2375071 + 1 3057955 3070374 -
5 2375702 2391095 + 1 3071055 3089654 +
5 2391546 2405521 + 1 3091816 3105307 -
5 2408026 2415926 + 1 3105994 3113572 +
5 2423082 2494165 + 1 3115821 3200668 +
5 2494982 2503503 + 1 3201872 3210215 -
5 2504138 2508644 + 1 3210743 3214075 +
5 2509067 2521274 + 1 3214408 3226458 -
5 2521897 2593893 + 1 3227212 3299538 +
5 2625883 2711492 + 1 3299681 3402600 +
5 2712844 2714090 + 1 3403966 3405301 -
5 2715996 2732969 + 1 3407686 3423878 +
5 2735040 2792429 + 1 2109673 2174290 -
5 2795387 2868424 + 1 1975666 2053695 +
5 2871081 2974361 + 1 1855531 1972292 -
5 2976917 2980724 + 1 1847924 1854202 +
5 2981336 2999167 + 1 1759566 1819453 +
5 3000564 3004863 + 1 1821095 1825397 -
5 3006063 3026097 + 1 1731311 1754336 -
5 3026436 3215374 + 1 1514366 1701491 -
5 3215691 3432361 + 1 1172807 1479904 -
5 3447670 3750042 + 1 870478 1172632 -
5 3751657 3774180 + 1 844826 867341 +
5 3774958 3839498 + 1 776084 843411 -
5 3840420 3841613 + 1 719753 720856 -
5 3845298 3906839 + 1 646897 706428 -
5 3932490 4026964 + 1 550631 646118 -
5 4027678 4033353 + 1 467644 473328 -
5 4065603 4159501 + 1 376399 467354 -
5 4171286 4235055 + 1 298849 375733 -
5 4249563 4441205 + 1 47836 284704 -
5 4472777 4530640 + 1 323 47024 -
5 5667060 5669273 + 1 4272575 4274766 -
5 1186031 1189732 + 10 292661 296395 -
5 4530957 4782741 + 10 412 258047 +
5 4800205 5118011 + 10 344837 684375 +
5 5119137 5123794 + 10 685497 690259 -
5 5124679 5140856 + 10 691195 706579 -
5 5141825 5227280 + 10 707404 801630 +
5 5238311 5261211 + 10 805600 845799 +
5 5264602 5300739 + 10 850886 886666 -
5 5302186 5405669 + 10 927747 1029697 +
5 5422378 5436692 + 10 1032551 1049119 +
5 5438137 5450166 + 10 1050134 1062004 -
5 5452012 5456712 + 10 1064214 1068902 +
5 5457847 5467367 + 10 1070128 1085046 -
5 5468436 5481014 + 10 1086250 1098431 -
5 5481655 5493586 + 10 1100100 1112572 +
5 5497917 5568956 + 10 1123279 1196726 +
5 5569778 5636257 + 10 1225264 1289176 +
5 5636519 5650165 + 10 1289733 1302283 -
5 5650663 5655816 + 10 1303141 1308267 +
5 5697676 5699860 + 10 1309138 1311331 +
5 5713624 5891136 + 10 1311679 1517813 +
5 5916967 5936407 + 10 1518052 1555458 +
5 5938882 5942705 + 10 1559075 1562749 -
5 5946649 5963019 + 10 1566949 1583699 +
5 5964685 5969862 + 10 1586973 1592091 -
5 5978157 5980073 + 10 1603209 1605204 +
5 6023170 6034019 + 10 1607138 1620991 +
5 6038495 6059460 + 10 1677600 1779350 +
5 6081934 6115577 + 10 1796093 1829031 +
5 6117577 6118771 + 10 1831851 1835499 -
5 6123423 6139911 + 10 1843459 1860194 +
5 6152203 6193755 + 10 1860546 1960741 +
5 6196085 6197351 + 10 2014784 2016042 -
5 6198701 6211238 + 10 1972655 1990285 -
5 6220024 6251065 + 10 2068619 2126204 +
5 6254585 6256105 + 10 2135347 2136857 -
5 6257703 6262866 + 10 2138586 2143549 -
5 6264196 6273790 + 10 2144657 2154367 +
5 6275571 6280457 + 10 2163395 2168768 -
5 6293191 6312517 + 10 2169747 2191874 +
5 6314461 6340580 + 10 2193268 2219655 -
5 6342416 6345964 + 10 2222539 2226729 -
5 6346483 6360643 + 10 2229689 2244069 +
5 6360981 6365153 + 10 2244195 2247258 -
5 6366552 6409576 + 10 2248573 2296808 +
5 272226 293087 + 17 993303 1016226 -
5 294347 303717 + 17 969073 977183 -
5 305432 318029 + 17 955104 967273 +
5 322567 343611 + 17 820745 841598 +
5 348255 352739 + 17 844325 852416 -
5 353141 362389 + 17 852542 925282 +
5 366320 370973 + 17 787001 791573 +
5 384951 392529 + 17 798019 807425 -
5 393498 395063 + 17 794716 796201 +
5 398922 400588 + 17 771888 775030 -
5 403405 415161 + 17 755186 767039 +
5 418326 438658 + 17 658120 681338 +
5 439910 471861 + 17 721007 753624 +
5 472612 480105 + 17 582990 590148 -
5 482997 491427 + 17 248498 258095 +
5 509597 527375 + 17 261411 283377 +
5 532597 545854 + 17 287789 303426 -
5 547751 549425 + 17 304063 305684 -
5 551057 579821 + 17 344156 386594 +
5 614822 619055 + 17 386990 413128 +
5 623075 637432 + 17 417923 432335 -
5 640925 710475 + 17 438148 557539 +
5 712494 713962 + 17 558400 559865 -
5 714952 729049 + 17 561328 574366 +
5 732133 745312 + 17 636801 654836 -
5 748295 763377 + 17 592867 607552 -
5 765128 770560 + 17 576264 581354 -
5 798064 826775 + 17 213201 244653 -
5 830016 857711 + 17 176902 207913 +
5 858187 891315 + 17 139387 174218 -
5 1004646 1009110 + 17 56406 60859 -
5 1076354 1077633 + 17 23310 24586 -
5 5688837 5693259 + 35 204056 208466 +
5 4162248 4166648 + 43 59933 64360 -
5 5406922 5408622 + 43 74923 76625 -
5 1124462 1127414 + 20 1037010 1039373 +
5 1157300 1161895 + 20 779534 784054 +
5 1121268 1124167 + 23 71721 74623 +
5 3907654 3908933 + 23 278823 280098 -
5 4238707 4245387 + 23 142620 149761 +
5 6417705 6419593 + 23 559365 561279 -
5 1204711 1208112 + 25 436929 440339 +
5 1136006 1139673 + 38 153371 157014 -
5 1175647 1179099 + 38 161072 164512 -
6 1409 46804 + 2 3083912 3134473 -
6 47326 54557 + 2 3015062 3022499 -
6 59682 64328 + 2 3006331 3011515 +
6 64609 76040 + 2 3068397 3083544 -
6 77530 94018 + 2 2988864 3005474 -
6 100825 103915 + 2 2941928 2945128 +
6 120905 142038 + 2 2919117 2940367 -
6 142469 156626 + 2 2901884 2917980 +
6 157813 171013 + 2 2876611 2892210 -
6 171145 172786 + 2 2873914 2875548 +
6 175817 224690 + 2 2800740 2872426 -
6 225271 226427 + 2 2799211 2800440 +
6 227812 230113 + 2 2634375 2637321 +
6 230681 240815 + 2 2639141 2649817 -
6 243837 257297 + 2 2763849 2777360 +
6 258467 267659 + 2 2703204 2712002 +
6 275820 296583 + 2 2737812 2762610 +
6 297442 330720 + 2 2655200 2675648 +
6 331820 335889 + 2 2650303 2654287 +
6 337655 349934 + 2 2782368 2797720 +
6 398590 410000 + 2 2606932 2618398 -
6 411439 413301 + 2 2624610 2626454 +
6 415622 422653 + 2 2562506 2572022 +
6 423785 427751 + 2 2554247 2558208 -
6 473100 476444 + 2 2398862 2400603 -
6 481142 487080 + 2 2325792 2331713 +
6 489590 501429 + 2 2374677 2386167 -
6 506529 524585 + 2 2343017 2373320 -
6 534273 599177 + 2 2259398 2322092 -
6 600680 658269 + 2 2195604 2253824 +
6 663943 677638 + 2 2176298 2189870 +
6 678769 778255 + 2 2069198 2175602 -
6 779031 816931 + 2 2031509 2068687 +
6 817291 991367 + 2 1830826 2029725 -
6 995557 1005088 + 2 1794244 1803537 -
6 1006778 1026058 + 2 1773845 1792675 +
6 1027785 1038267 + 2 1719081 1733988 +
6 1044062 1069677 + 2 1734429 1759673 -
6 1089248 1094986 + 2 1766659 1772439 +
6 1096157 1172042 + 2 1632994 1715260 -
6 1193356 1237470 + 2 1587797 1632612 -
6 1239280 1245942 + 2 1579133 1585907 +
6 1247460 1314806 + 2 1503089 1578352 -
6 1318831 1328445 + 2 1487802 1498562 +
6 1340101 1439201 + 2 1384199 1485262 -
6 1440749 1593498 + 2 1165149 1362343 -
6 1595552 1672193 + 2 1027338 1116068 -
6 1672696 1702251 + 2 964505 1003210 -
6 1704019 1705288 + 2 960544 961810 +
6 1705923 1741098 + 2 922392 957399 -
6 1742055 1765485 + 2 880469 903303 -
6 1777145 1794849 + 2 861693 879800 -
6 1823773 1837284 + 2 848266 861437 -
6 1837851 1842846 + 2 841340 846331 +
6 1852927 1977141 + 2 739332 840528 -
6 1978011 1987029 + 2 729595 738495 +
6 1989183 1996206 + 2 720934 728012 -
6 1996516 2044240 + 2 647301 695640 -
6 2045053 2095415 + 2 577726 628820 -
6 2095993 2103255 + 2 556543 563906 -
6 2103782 2106961 + 2 552900 555894 +
6 2107696 2116796 + 2 544077 552285 -
6 2117221 2230229 + 2 404293 531844 -
6 2232475 2351951 + 2 232409 363650 -
6 2356625 2374411 + 2 204777 222698 +
6 2375102 2529673 + 2 247 172227 -
6 2936952 2938938 + 2 377479 379541 +
6 3016635 3019554 + 2 705525 708507 -
6 3407609 3409554 + 2 1807403 1809318 +
6 4163399 4164721 + 2 2590655 2591932 -
6 375003 378473 + 24 269 3852 +
6 3034376 3035416 + 24 218242 219265 +
6 1844018 1846126 + 1 475261 478617 -
6 2796380 2800786 + 1 2996059 3000447 -
6 2943374 2945894 + 1 2429404 2432139 +
6 96163 99468 + 13 326547 329894 -
6 2955460 2957241 + 13 331141 332582 -
6 1771194 1773313 + 8 675655 678991 -
6 2907578 2909361 + 8 857294 859142 -
6 3024462 3025681 + 8 215536 216783 +
6 3076615 3122604 + 8 48407 91720 -
6 3777872 3780904 + 8 727343 730480 -
6 3794329 3796612 + 8 724651 726328 -
6 3798085 3840319 + 8 731688 785204 +
6 3840767 3845173 + 8 785423 789782 -
6 3846595 3853392 + 8 790927 797760 +
6 3858574 3867551 + 8 801287 809441 -
6 3870953 3891831 + 8 819144 841417 -
6 3892068 3895888 + 8 841968 846418 -
6 3896375 3898542 + 8 866141 868296 +
6 3899697 3946870 + 8 870140 916908 -
6 3947339 3956755 + 8 1020110 1030977 -
6 3957648 3977155 + 8 1032438 1054569 +
6 3980013 4011080 + 8 982698 1015192 +
6 4031501 4053995 + 8 934387 954262 -
6 4057138 4062603 + 8 920491 926144 +
6 4063865 4072267 + 8 1055348 1062038 -
6 4072606 4078595 + 8 1062571 1068719 +
6 4079883 4162220 + 8 1090936 1199651 +
6 371167 373018 + 20 931248 933096 +
6 389283 390302 + 20 1027390 1028444 -
6 2694623 2697821 + 20 728795 731993 +
6 503148 504833 + 3 197601 199227 -
6 2818141 2820233 + 3 1481694 1484043 +
6 2828364 2833996 + 3 1554632 1562717 -
6 2860971 2862993 + 3 1516093 1518117 +
6 2974287 2975904 + 3 1355522 1357133 +
6 4177536 4180802 + 3 3058789 3062043 +
6 3501518 3503616 + 16 1682518 1684672 +
6 2788275 2791806 + 4 801669 802919 +
6 2913808 2916379 + 4 1079806 1082443 +
6 2933641 2935293 + 4 1051293 1052987 -
6 3054346 3057005 + 4 1105642 1108374 +
6 4166624 4170371 + 4 2521653 2525334 -
6 352691 357606 + 27 398415 402709 -
6 2804620 2809096 + 14 200509 204976 +
6 3122957 3150548 + 14 1073250 1105570 -
6 3152717 3195650 + 14 1026389 1071089 +
6 3213397 3286941 + 14 933167 1003356 -
6 3288464 3301003 + 14 919060 931081 +
6 3305182 3334609 + 14 883163 913347 -
6 3335210 3337017 + 14 54691 56473 -
6 3339940 3375612 + 14 770145 873141 -
6 3375789 3406956 + 14 693425 724897 -
6 3421611 3466874 + 14 633074 692176 -
6 3473792 3495471 + 14 550683 570733 +
6 3538246 3556904 + 14 513890 542983 -
6 3578084 3593137 + 14 20794 38844 +
6 3598083 3617980 + 14 57355 81793 -
6 3618987 3629272 + 14 41567 51600 -
6 3653895 3663868 + 14 238130 254069 +
6 3667841 3670408 + 14 98138 100243 -
6 3672159 3712491 + 14 254842 306437 +
6 3714431 3717261 + 14 382611 385704 -
6 3724529 3725952 + 14 375652 377848 +
6 3727799 3745479 + 14 340364 363953 -
6 3745827 3763810 + 14 386453 413276 +
6 3011946 3016418 + 23 12875 17335 -
6 1807181 1810954 + 11 1405595 1409385 +
6 2645511 2647669 + 11 2205184 2207270 +
6 2775331 2777300 + 11 3301909 3303916 -
6 2893542 2897985 + 15 1039213 1043663 -
6 2999949 3004394 + 17 329187 333620 -
6 3785560 3787717 + 17 30427 32599 -
6 4174544 4177074 + 5 872675 875206 +
6 271166 272215 + 56 6686 7732 -
6 382262 389153 + 29 70957 78018 +
6 2953138 2955358 + 29 227312 229603 +
6 3074206 3075631 + 29 176920 178334 -
6 1176848 1180090 + 6 235651 238893 +
6 3066766 3069384 + 6 1465293 1467920 +
6 2689831 2692919 + 33 10606 13700 +
6 2820824 2824859 + 33 231220 235243 +
6 3556908 3564037 + 33 194496 203516 +
6 4017182 4018541 + 37 38654 39837 +
6 2530332 2644242 + 39 2882 117432 +
6 2652459 2676023 + 39 118122 141768 +
6 2700132 2769572 + 39 142682 205223 +
7 1274819 1277475 + 27 513420 516088 -
7 2242767 2248701 + 27 826761 832731 +
7 2281953 2285192 + 27 339041 342215 +
7 1017059 1019863 + 4 1040633 1043467 -
7 1067512 1069746 + 4 1181652 1184430 +
7 1341869 1343774 + 4 310059 312028 +
7 2342245 2344101 + 4 793851 795801 -
7 2351525 2356811 + 4 1032077 1037872 +
7 2366029 2370135 + 4 1133951 1138077 -
7 2476445 2478926 + 4 1926223 1928690 -
7 2798992 2804393 + 4 805699 811152 -
7 3368678 3372698 + 4 1047136 1051165 -
7 3408806 3410920 + 4 1160486 1162589 -
7 2427155 2428197 + 56 20339 21381 -
7 2253476 2256207 + 38 17886 20587 -
7 2428199 2430510 + 38 77349 79768 -
7 2142649 2143746 + 30 153799 154954 +
7 3287073 3336245 + 20 78455 128918 +
7 3337095 3338368 + 20 129032 130275 -
7 3339308 3363716 + 20 131635 171528 +
7 3365132 3367775 + 20 201664 203858 +
7 3375304 3404428 + 20 204665 238307 +
7 3440881 3457335 + 20 241340 261951 +
7 3459279 3568715 + 20 315555 436739 +
7 3569647 3597243 + 20 439048 485036 -
7 3600139 3624616 + 20 486303 517578 +
7 3642749 3650071 + 20 523131 531197 -
7 3654279 3661592 + 20 1090908 1097993 +
7 3665458 3670520 + 20 1054166 1058790 -
7 3703792 3751973 + 20 846587 912595 -
7 3754737 3761640 + 20 798110 810097 -
7 3765251 3773866 + 20 786808 795504 +
7 3775800 3782600 + 20 760777 767648 -
7 3783871 3786372 + 20 707679 710190 +
7 3790375 3805983 + 20 685295 701480 -
7 3806837 3822230 + 20 662915 677582 +
7 3830462 3831870 + 20 623394 624879 -
7 3833049 3848327 + 20 626440 645587 +
7 3853533 3928861 + 20 536074 614177 -
7 4043351 4072843 + 20 1116798 1149731 +
7 4074741 4076097 + 20 1111119 1112493 -
7 4077230 4086487 + 20 1100927 1109804 +
7 4088931 4104599 + 20 1061469 1084774 +
7 4106051 4116522 + 20 1194118 1206515 +
7 4118470 4126456 + 20 1207589 1219082 -
7 4127029 4196363 + 20 1227889 1306464 -
7 4200609 4202786 + 20 1308939 1311192 +
7 4217093 4235931 + 20 1312261 1333679 +
7 2416994 2418624 + 8 306649 308276 -
7 114798 125782 + 21 711847 722675 +
7 127181 131457 + 21 780176 784246 -
7 159915 305556 + 21 577160 709235 -
7 307525 311997 + 21 569054 572776 +
7 312465 313680 + 21 573339 574457 -
7 314329 316497 + 21 561469 563785 +
7 322401 325796 + 21 551210 554612 -
7 353459 386654 + 21 509815 548080 -
7 387661 392153 + 21 504839 509241 +
7 394424 398362 + 21 452120 456062 +
7 400863 408843 + 21 458192 467130 -
7 408959 432331 + 21 467520 501302 +
7 433248 438762 + 21 441080 449461 -
7 439715 445946 + 21 402084 409943 +
7 446480 450767 + 21 434891 439018 +
7 453137 458454 + 21 394557 399440 +
7 461072 584802 + 21 264144 392282 -
7 1507678 1682255 + 21 15826 263678 +
7 586994 610319 + 3 2213576 2237105 +
7 624665 762767 + 3 2237700 2375253 +
7 764079 767040 + 3 2376798 2379824 -
7 769995 771044 + 3 2402369 2403429 +
7 773091 781516 + 3 2392772 2400939 -
7 781950 810586 + 3 2407241 2435346 +
7 818684 851481 + 3 2490259 2535521 +
7 859678 878702 + 3 2594668 2615548 +
7 879505 888406 + 3 2620787 2635609 +
7 911771 942025 + 3 2637308 2676986 +
7 943433 944625 + 3 2683814 2684972 -
7 950112 1007147 + 3 2697129 2773894 +
7 1028047 1039623 + 3 2774607 2786090 +
7 1079907 1116254 + 3 2787283 2822721 +
7 1149849 1209862 + 3 2824192 2888892 +
7 1211583 1223408 + 3 2920951 2933989 +
7 1224130 1267713 + 3 2971645 3041818 +
7 1285621 1296300 + 3 3042436 3054065 +
7 1299184 1318404 + 3 3111589 3130683 +
7 1344558 1433155 + 3 3131363 3253233 +
7 1445032 1505124 + 3 3254061 3314006 +
7 1682784 1697283 + 3 2197034 2212313 -
7 1705919 1729507 + 3 2150331 2177460 -
7 1731163 1822573 + 3 1968921 2070721 -
7 1839391 1850954 + 3 1952662 1964221 -
7 1851971 1999536 + 3 1692228 1840875 -
7 2002640 2075730 + 3 1610364 1682904 -
7 2105612 2134894 + 3 1581699 1609240 -
7 2199154 2200906 + 3 1302097 1303913 +
7 2420168 2424249 + 3 2123178 2127247 -
7 2483306 2494653 + 3 1168777 1180169 -
7 2507158 2645833 + 3 1026501 1167598 -
7 2646702 2755066 + 3 896168 1017612 -
7 2755991 2773205 + 3 878284 894233 +
7 2775622 2788445 + 3 864395 876803 +
7 2789462 2790705 + 3 861809 862911 +
7 2791318 2796995 + 3 848126 853560 -
7 2811326 2833498 + 3 826272 847924 -
7 2834134 2841518 + 3 789185 797438 -
7 2842676 2847936 + 3 782840 788100 +
7 2849087 2853627 + 3 772440 777309 -
7 2854335 2855529 + 3 770820 771996 +
7 2856567 2903827 + 3 636850 768582 -
7 2905532 2920261 + 3 432091 446678 -
7 2931969 3052342 + 3 296157 431739 -
7 3053656 3083149 + 3 264980 294853 +
7 3083861 3096215 + 3 250400 263240 +
7 3100346 3127509 + 3 152252 177946 +
7 3129461 3170589 + 3 201960 242579 +
7 3172067 3287006 + 3 31571 150636 -
7 3626668 3632516 + 3 629188 634644 -
7 3632987 3638301 + 3 588606 593442 -
7 3929714 3960868 + 3 550448 585852 -
7 3962296 3971957 + 3 539371 548472 +
7 3975258 4031766 + 3 459311 527537 -
7 4036119 4041467 + 3 448612 454330 +
7 4237901 4242391 + 3 1537961 1542439 -
7 2077293 2081405 + 13 639330 643243 +
7 2804874 2809066 + 18 282940 287520 -
7 4246781 4249800 + 18 523900 527119 -
7 1049527 1050749 + 11 90324 91762 +
7 2179933 2181976 + 11 94901 96941 -
7 2288624 2290332 + 11 7650 9376 +
7 2095216 2100734 + 1 2609065 2616363 -
7 2344107 2348586 + 1 3017458 3021925 -
7 2497261 2500772 + 1 1714361 1716651 +
7 2922236 2923938 + 34 182666 184383 +
7 813431 814756 + 9 1294133 1295611 -
7 811913 813344 + 25 8951 10382 +
7 1144378 1146731 + 5 978683 981051 +
7 2375239 2377684 + 5 1417924 1420358 +
7 896948 907178 + 10 1651935 1655417 -
7 1009167 1010288 + 10 903014 904131 +
7 1327743 1329031 + 6 1456429 1457681 -
7 2454237 2458718 + 23 34233 38702 -
7 2152643 2156142 + 17 114805 118106 +
7 2431253 2435729 + 17 987970 992434 -
7 1433 45498 + 42 78072 133056 +
7 51481 52820 + 42 136158 137353 -
7 53272 58197 + 42 138139 143050 +
7 59189 85399 + 42 145942 168616 -
7 86749 96926 + 42 169669 180421 +
7 2407007 2409066 + 12 623591 625651 +
7 815525 817610 + 24 175198 177322 -
7 1442753 1444231 + 7 95310 96791 +
7 1071225 1073947 + 28 273 2709 +
7 1825516 1828682 + 29 59848 63145 -
7 1830267 1832644 + 29 12632 15008 +
7 2295443 2298283 + 29 114125 117175 -
7 143763 146310 + 15 462449 464997 +
7 615308 617710 + 15 16572 18989 -
7 4208762 4211164 + 15 457752 460169 -
7 610420 611689 + 19 851853 853120 +
7 3700809 3703206 + 19 261252 263561 -
7 98299 109366 + 51 24356 35791 -
7 2309556 2313484 + 57 37398 41314 -
7 329021 331378 + 72 2463 4922 -
7 2328205 2333277 + 50 9082 10598 +
8 179358 191775 + 58 4069 24320 +
8 7706 10998 + 75 909 4094 +
8 92374 99731 + 32 1501 8700 +
8 22038 23869 + 14 626688 627793 -
9 112454 118054 + 75 10307 15136 +
9 24273 30071 + 49 96036 101294 +
9 41961 47912 + 49 81045 88751 +
10 1205 2585 + 1 4203587 4206367 +
10 11904 17601 + 4 1198762 1204489 +
10 119913 122775 + 4 1868086 1870849 -
10 70840 74003 + 7 422190 425450 -
10 54961 57805 + 20 1033684 1036576 +
10 95750 99063 + 16 1107656 1110954 -
11 25384 27838 + 2 188413 190957 +
11 7520 11956 + 17 690942 695377 +
11 14699 16968 + 24 346146 348426 +
11 20079 21960 + 18 506814 508701 +
12 8214 19824 + 52 39165 53623 -
13 2040 6813 + 5 1430566 1442898 +
13 7423 8810 + 6 1242874 1244229 +
16 5848 8548 + 57 564 3433 -
