1 18274 127852 + 7 2635692 2746354 -
1 145084 191731 + 7 2588771 2635306 -
1 197481 310414 + 7 2483306 2586581 -
1 480311 509604 + 7 2105394 2134864 -
1 510433 542235 + 7 2041228 2075803 -
1 542953 633747 + 7 1947957 2040475 +
1 634170 810445 + 7 1764973 1947607 -
1 810682 816481 + 7 1758109 1764148 +
1 817578 820073 + 7 1754794 1757396 -
1 832541 888054 + 7 1700288 1753735 -
1 908187 1028128 + 7 1622906 1698033 -
1 1062324 1099921 + 7 1601007 1620846 -
1 1123736 1148155 + 7 1573951 1598338 -
1 1152585 1166915 + 7 1558360 1571262 +
1 1169551 1240573 + 7 1491329 1554615 -
1 1243596 1281082 + 7 1449437 1485001 +
1 1285566 1420881 + 7 1346307 1448906 -
1 1431471 1472599 + 7 1259401 1318372 -
1 3962085 3963635 + 7 3446588 3448140 +
1 1053917 1056084 + 6 3635494 3637636 -
1 1716815 1720206 + 6 501919 505311 +
1 4242944 4244073 + 6 415364 416488 -
1 823337 826668 + 4 4452541 4455887 +
1 1422928 1424516 + 4 5926132 5927723 -
1 894085 900990 + 1 3955689 3962500 -
1 1108087 1117893 + 1 452037 461938 +
1 1484334 1485435 + 1 9708044 9709146 +
1 1490139 1493461 + 1 881162 883810 -
1 1779610 1782229 + 1 9334596 9337213 +
1 2076882 2080180 + 1 3619213 3622514 -
1 4228500 4230086 + 1 1648557 1650161 +
1 130588 132927 + 5 5900698 5903021 -
1 194118 197123 + 5 1210090 1213031 +
1 1502866 1586701 + 5 2909797 2973876 +
1 1587748 1594241 + 5 2976969 2980715 -
1 1597277 1644893 + 5 2981336 3005117 -
1 1651789 1716787 + 5 3006528 3050052 +
1 1725238 1766076 + 5 3050662 3079270 +
1 1782425 2061844 + 5 3079491 3346357 +
1 2083176 2956552 + 5 3346849 4235055 +
1 2956842 3468224 + 5 4249549 4802692 +
1 3468483 3503486 + 5 4804640 4822996 -
1 3504245 3797206 + 5 4823409 5101624 +
1 3798149 3802597 + 5 1762393 1766188 +
1 3804650 3960385 + 5 5102384 5252062 +
1 3964584 4155760 + 5 5253026 5456700 +
1 4156998 4165293 + 5 5457880 5466567 -
1 4166875 4179627 + 5 5468427 5480806 -
1 4181316 4193536 + 5 5481347 5493517 +
1 431423 433609 + 3 793121 795136 -
1 470583 471684 + 3 816390 817423 -
2 10104 16510 + 4 1195176 1201406 -
2 694751 697381 + 4 901090 903792 -
2 1282743 1285479 + 1 2321244 2323978 -
2 698191 700215 + 2 3683074 3685097 +
2 43151 77679 + 3 1318182 1352320 +
2 79477 101890 + 3 1355624 1379858 -
2 105946 124437 + 3 1380714 1403004 +
2 124991 135990 + 3 1403949 1415211 -
2 140199 151472 + 3 1415816 1427445 -
2 151907 157526 + 3 1431348 1437415 -
2 158543 210373 + 3 1437858 1489869 +
2 210817 214554 + 3 1490470 1494522 -
2 215277 339688 + 3 1495514 1611581 +
2 340519 359554 + 3 1613849 1624767 -
2 361352 371586 + 3 1626279 1636719 +
2 380285 411032 + 3 1642117 1676313 +
2 415735 432018 + 3 1680169 1697078 -
2 432512 688021 + 3 1698657 1975513 +
2 708992 716407 + 3 1976717 1984444 +
2 718056 751020 + 3 1986713 2017684 -
2 751905 775389 + 3 2018247 2042786 +
2 776941 789193 + 3 2043888 2056621 -
2 790496 899352 + 3 2058017 2152809 +
2 905513 913372 + 3 2154042 2161661 -
2 915225 1065576 + 3 2166051 2349083 +
2 1066026 1083368 + 3 2349922 2364396 -
2 1084027 1140989 + 3 2364757 2423593 +
2 1141471 1274731 + 3 2444832 2562289 +
2 1298999 1344199 + 3 2563021 2599709 +
2 1345660 1347615 + 3 2600374 2602047 -
2 1350174 1451653 + 3 2603402 2704700 +
2 378020 379479 + 7 3699694 3701251 +
3 73838 77212 + 1 6454298 6458667 +
3 77758 773209 + 4 2051075 2793719 -
3 773544 1031111 + 4 1714203 2018033 -
3 1049800 1057667 + 4 1690390 1700343 +
3 1064945 1079939 + 4 1675566 1688555 +
3 1081370 1097319 + 4 1661397 1674870 -
4 5596 9670 + 6 2355721 2359923 +
4 39683 52632 + 6 2361185 2374262 +
4 58019 74544 + 6 2334491 2351580 -
4 104957 122658 + 6 2316349 2332709 -
4 130391 200377 + 6 2242247 2313008 -
4 223408 328241 + 6 2134332 2241962 -
4 352572 378131 + 6 2108160 2134309 -
4 379218 382542 + 6 2103773 2107134 +
4 384892 514255 + 6 1989137 2101542 -
4 515374 524306 + 6 1977845 1986794 +
4 525337 591583 + 6 1912062 1977181 -
4 593694 677478 + 6 1777088 1886553 -
4 677687 690375 + 6 1749339 1766044 -
4 691626 702861 + 6 1735923 1747897 +
4 707561 1031710 + 6 1483901 1734133 -
4 1033285 1034766 + 6 1908661 1910146 -
4 1036003 1185537 + 6 1341921 1479579 -
4 1191848 1199447 + 6 1321484 1328779 +
4 1204728 1220338 + 6 1299466 1314720 +
4 1221922 1268049 + 6 1259889 1296762 -
4 1269241 1280035 + 6 1247261 1259148 +
4 1281441 1287913 + 6 1239558 1245942 +
4 1289765 1419435 + 6 1096714 1237450 -
4 1421105 1433290 + 6 1027069 1038279 +
4 1433553 1462360 + 6 1040196 1069680 -
4 1464658 1469988 + 6 1089181 1094543 +
4 1471661 1489918 + 6 1006915 1026058 +
4 1491745 1762179 + 6 736694 1004940 -
4 1772108 1777876 + 6 726241 732436 +
4 1778654 1781966 + 6 719123 722477 +
4 1782495 1854084 + 6 663971 718030 -
4 1862463 1884351 + 6 600684 620632 -
4 1891745 1907234 + 6 625743 641957 +
4 1932603 1945391 + 6 644270 657510 -
4 1951685 2020481 + 6 534037 599176 -
4 2023660 2042836 + 6 489590 501429 +
4 2043971 2061238 + 6 506523 524936 +
4 2072516 2084835 + 6 473639 486687 -
4 2147740 2157163 + 6 423776 427678 -
4 2701175 2704748 + 6 95814 99316 +
4 102387 104930 + 5 580706 584195 -
4 2256118 2257192 + 5 4242200 4243286 -
4 2638572 2640191 + 5 982149 983767 +
4 9806 12430 + 1 5941797 5944413 -
4 27712 32683 + 3 736552 741494 +
4 2392988 2395366 + 3 2426064 2428415 +
4 2399596 2401850 + 3 924142 925578 +
4 2555564 2562369 + 3 182022 188207 -
4 2588936 2590423 + 3 2885960 2887595 -
4 211337 216438 + 2 2132601 2138351 +
4 2229173 2247599 + 7 869528 887375 +
4 2274084 2363961 + 7 913643 973422 +
4 2402222 2451189 + 7 974010 1039418 +
4 2455765 2460924 + 7 4210609 4212887 +
4 2464633 2550496 + 7 1079987 1181154 +
4 2563874 2565113 + 7 1183112 1184324 -
4 2565850 2567716 + 7 1184592 1186532 +
4 2598976 2632473 + 7 1189128 1214872 +
4 2647558 2699748 + 7 1215639 1251540 +
4 2705363 2719206 + 7 1252662 1258323 +
4 329186 331007 + 4 5309941 5311650 -
4 2200420 2201973 + 4 4990550 4992010 +
5 1073 5741 + 1 9762629 9767177 -
5 8009 213745 + 1 9518812 9704813 -
5 223885 229131 + 1 9477927 9517044 +
5 231576 265974 + 1 9436389 9471686 -
5 277060 316204 + 1 9386937 9424206 +
5 317330 379400 + 1 9337344 9386168 -
5 379662 396575 + 1 9265671 9286726 -
5 398395 420522 + 1 9200652 9224076 -
5 422165 437346 + 1 9184699 9199268 +
5 438559 453391 + 1 9154371 9182373 +
5 455360 471102 + 1 9226489 9242656 +
5 473602 491966 + 1 9246453 9264836 -
5 494373 608623 + 1 9031780 9151199 -
5 612299 614741 + 1 9014017 9016014 +
5 616447 627184 + 1 9019237 9030634 -
5 632403 645496 + 1 8988193 9010151 +
5 647142 725157 + 1 8911717 8985693 -
5 732027 736236 + 1 8899539 8903593 +
5 750672 985035 + 1 1650842 1825150 +
5 991018 992471 + 1 8227309 8228765 +
5 1020734 1093302 + 1 1827542 1904159 +
5 1118223 1149280 + 1 1905008 1924137 +
5 1172937 1578707 + 1 1925091 2272405 +
5 1579175 1643696 + 1 2344450 2409157 +
5 1648039 1718158 + 1 2409492 2480604 +
5 1718590 1731953 + 1 2481804 2495090 -
5 1738001 2089058 + 1 2496582 2832020 +
5 2092992 2105611 + 1 2833217 2846118 -
5 2108701 2126803 + 1 2846622 2865659 +
5 2128260 2162557 + 1 2866286 2885759 -
5 2163502 2166148 + 1 2887586 2890302 +
5 2169300 2171063 + 1 2891084 2892766 -
5 2172900 2271769 + 1 2894607 2985021 +
5 2273216 2286705 + 1 2986264 3000080 -
5 2286942 2288714 + 1 3001040 3002833 -
5 2289440 2433213 + 1 3003240 3141915 +
5 2434271 2456426 + 1 3142922 3161906 -
5 2457298 2503379 + 1 3162810 3209123 +
5 2504030 2518134 + 1 3209535 3224536 -
5 2518669 2741852 + 1 3225330 3417203 +
5 1151145 1153129 + 4 4642429 4644137 +
5 1644807 1646909 + 6 3336126 3338293 +
5 725702 727910 + 2 1066819 1069019 +
5 1100759 1102194 + 7 2466697 2469141 +
5 1007778 1009382 + 10 30168 31703 +
6 473 51061 + 2 76182 105234 -
6 55164 144079 + 2 172645 248417 +
6 164715 165756 + 2 3924273 3925380 -
6 168333 230953 + 2 252039 290201 +
6 232800 249683 + 2 291856 309719 -
6 264694 295111 + 2 314331 332655 -
6 300320 444517 + 2 337695 486510 +
6 447537 482591 + 2 488580 526509 -
6 484511 513462 + 2 528376 555956 +
6 520327 523363 + 2 562968 565214 -
6 532500 536739 + 2 569336 571940 +
6 541422 620998 + 2 578627 648761 +
6 639364 690159 + 2 654194 693840 -
6 696234 698032 + 2 696098 698030 +
6 703599 714619 + 2 755946 766893 -
6 717169 718561 + 2 751786 754850 +
6 719075 768617 + 2 708270 749331 -
6 795755 937347 + 2 769016 885451 +
6 945039 977386 + 2 887154 907505 -
6 992029 998823 + 2 945092 952088 -
6 1005939 1007666 + 2 112195 113918 -
6 1013580 1080950 + 2 920233 944900 -
6 1081297 1136242 + 2 952820 1011150 +
6 1136450 1143559 + 2 1011390 1022981 -
6 1143832 1179306 + 2 1023150 1059473 +
7 7508 81699 + 1 8080676 8132327 +
7 82241 83280 + 1 8476129 8477197 -
7 83953 88405 + 1 8471026 8475422 +
7 88576 108001 + 1 8450871 8470885 -
7 111283 213747 + 1 5773140 5867014 -
7 214107 1475719 + 1 4482955 5734593 -
7 1486620 1626595 + 1 934687 1054189 +
7 1627195 1654765 + 1 1054784 1082145 -
7 1655494 1725982 + 1 1082686 1152149 +
7 1726827 1736939 + 1 1153195 1160585 -
7 1737427 1764160 + 1 1160867 1193573 +
8 6230 21304 + 1 62131 105699 -
8 24817 38038 + 1 45711 57229 +
8 44915 75636 + 1 1513 44564 -
8 132776 184644 + 1 215291 254251 +
8 186277 191788 + 1 256858 259349 -
8 194203 197273 + 1 259556 261649 +
8 205083 207681 + 1 289166 293818 +
8 222769 231984 + 1 305703 315159 -
8 239302 257328 + 1 316188 328440 -
8 258283 268623 + 1 332271 343083 +
8 269416 272247 + 1 343652 346567 -
8 273397 324971 + 1 348771 391929 +
8 353038 355949 + 1 394226 397051 -
8 357276 362257 + 1 402174 407208 +
8 363331 393363 + 1 408998 442181 -
8 405668 418592 + 1 463972 478197 -
8 419466 425634 + 1 445384 451849 -
8 428602 529760 + 1 491844 590939 +
8 544766 590889 + 1 594159 643384 -
8 593866 618497 + 1 643863 668607 +
8 621521 694536 + 1 698536 773806 +
8 695146 707490 + 1 774805 788334 -
8 709558 796502 + 1 789817 871876 +
8 797297 804740 + 1 925495 932694 +
8 805354 869050 + 1 4414662 4481007 -
8 869787 884585 + 1 4398890 4414389 +
8 885023 904675 + 1 4376903 4398114 -
8 399760 402433 + 5 1013766 1016450 +
8 993630 996490 + 3 5269818 5273287 -
9 39319 43584 + 2 4275378 4278011 +
9 2921 21348 + 1 8058715 8076896 -
9 45305 521253 + 1 7647324 8057376 -
9 523068 541564 + 1 7626875 7645408 +
9 542029 632425 + 1 7547541 7625288 -
9 633036 657391 + 1 7521466 7546809 +
9 657959 669969 + 1 7504938 7520892 -
9 676118 685205 + 1 7495010 7503777 +
9 687903 1176929 + 1 7093348 7490908 -
10 422333 423343 + 7 812904 813971 +
10 549023 550742 + 5 499856 501594 -
10 1537 68793 + 4 32302 97319 +
10 70336 74031 + 4 98771 102359 -
10 87565 105565 + 4 105901 118253 +
10 110803 148861 + 4 142033 179976 +
10 185857 194254 + 4 185130 197237 +
10 203368 299204 + 4 243795 320991 -
10 317788 329019 + 4 229342 242490 +
10 330248 332693 + 4 221052 223517 -
10 335353 336667 + 4 216505 217860 +
10 338075 341437 + 4 212513 216017 +
10 367548 371224 + 4 201807 204637 -
10 376696 419110 + 4 331164 362647 +
10 443992 500190 + 4 380049 419957 +
10 501079 504303 + 4 420542 423688 -
10 505034 527954 + 4 424839 463933 +
10 546816 548715 + 4 4174373 4176275 -
10 558618 660123 + 4 476251 556083 +
10 662050 686749 + 4 556667 580192 -
10 692312 840283 + 4 582750 686597 +
10 843329 844798 + 4 705107 706432 +
10 163272 165895 + 6 2948354 2950870 +
11 109 2784 + 6 2313171 2315733 -
11 52139 304676 + 1 5944466 6185213 -
11 304764 361942 + 1 5868911 5919953 -
11 365407 556159 + 1 8267229 8448695 -
11 557713 675045 + 1 8132928 8226499 -
11 675554 758304 + 1 8477689 8555649 +
11 758878 761498 + 1 8555822 8558468 -
11 761710 817710 + 1 8558499 8614175 +
11 820612 839290 + 1 8616290 8621872 -
11 842852 939944 + 1 8623702 8712209 +
11 3626 5642 + 2 4177700 4179641 -
12 29424 445795 + 3 3331130 3721872 -
12 465737 650431 + 3 3161879 3328790 -
12 20755 24834 + 2 3733191 3737273 +
12 449209 452300 + 5 5703864 5706968 +
13 256183 257392 + 4 5243476 5244686 -
13 27305 121720 + 5 797926 891315 -
13 126226 150246 + 5 481978 492778 +
13 187710 247488 + 5 509915 558443 +
13 269201 289691 + 5 559812 579821 +
13 290077 411530 + 5 614816 718226 +
13 416480 425281 + 5 719969 729298 +
13 427451 475422 + 5 732119 771252 -
13 479922 580764 + 5 398400 480105 -
13 585963 608676 + 5 385191 395063 +
13 614321 656901 + 5 345221 381202 -
13 667898 670022 + 5 2603189 2605288 -
13 671114 867565 + 5 203037 342806 -
13 878722 880720 + 5 166189 168342 +
13 886665 901230 + 5 170649 200794 +
13 905498 933368 + 5 133097 163666 +
13 935003 941472 + 5 123974 130329 -
13 945741 969235 + 5 95460 119625 +
13 996098 1081934 + 5 42 84119 -
13 412696 415012 + 2 1440680 1442912 -
13 883392 885922 + 2 3318368 3320960 +
14 510073 511111 + 1 3823975 3824974 -
14 516647 518410 + 3 2965818 2967586 +
14 25834 47289 + 2 4066211 4085056 +
14 58993 62662 + 2 3583181 3586878 +
14 64306 86562 + 2 3588579 3594206 -
14 88372 94324 + 2 3595927 3601019 +
14 95703 127964 + 2 3712841 3731406 +
14 129596 171947 + 2 3738189 3777302 +
14 172806 225414 + 2 3979582 4037102 -
14 226276 246814 + 2 3959133 3979102 +
14 247466 250687 + 2 3955979 3958240 -
14 260420 284576 + 2 3872819 3886051 +
14 288950 301021 + 2 3937456 3948764 +
14 307571 392872 + 2 3793407 3871705 -
14 394681 407596 + 2 3781175 3790690 +
14 410594 412480 + 2 3777580 3779575 -
14 413312 415191 + 2 4037878 4039939 +
14 430027 431185 + 2 4045050 4046209 -
14 433568 436298 + 2 4047787 4050845 +
14 442244 453334 + 2 4053639 4064511 -
14 455525 500829 + 2 3544434 3578102 -
14 512802 514379 + 2 3542207 3543808 -
14 519675 551851 + 2 3488709 3530071 -
14 507446 508732 + 7 2080133 2081421 +
15 2495 21400 + 3 9289 28980 +
15 23867 27904 + 3 29237 31757 -
15 29044 66675 + 3 33438 61523 +
15 67568 74546 + 3 78744 85568 +
15 75348 79262 + 3 94325 98735 -
15 80357 84259 + 3 99670 103482 +
15 89090 91739 + 3 104248 106780 -
15 92247 124840 + 3 109802 161051 +
15 167255 171137 + 3 167222 171615 +
15 197917 205397 + 3 189650 197196 +
15 206247 211091 + 3 174515 179182 -
15 229967 244247 + 3 201651 217665 -
15 246062 310501 + 3 219524 282827 +
15 331642 336344 + 3 283041 287590 -
15 340941 342872 + 3 341727 343611 +
15 346671 356826 + 3 330196 340285 -
15 367093 404536 + 3 383987 423614 -
15 438779 510323 + 3 454121 527720 +
15 513373 514924 + 3 529930 531331 -
15 518570 531496 + 3 535282 544276 +
15 540113 541707 + 3 4529484 4531032 -
15 543635 555359 + 3 545014 556421 +
15 565298 569866 + 3 560604 570379 -
15 574202 677741 + 3 575157 682419 +
15 697198 698766 + 7 2261139 2262697 -
15 184283 186977 + 1 6403744 6406439 +
15 718835 721115 + 1 3870385 3872652 +
15 178475 180817 + 5 595136 597346 +
15 134148 137004 + 6 434702 437547 +
15 572358 574017 + 4 4308460 4310096 -
16 27822 34628 + 2 3477159 3484385 -
16 46078 178940 + 2 3321351 3470948 -
16 179237 396703 + 2 3098994 3302651 -
16 398323 412205 + 2 3084976 3098431 +
16 413064 609171 + 2 2921215 3083266 -
16 609266 853858 + 2 2656026 2902684 -
16 880705 1399030 + 2 2211747 2654588 -
16 858845 863020 + 5 5911542 5913048 +
17 23877 542567 + 3 3728809 4225809 +
18 858491 898051 + 4 4944624 4966262 +
18 908554 1033150 + 4 4995996 5141641 +
18 1036016 1064385 + 4 5153131 5179544 +
18 1081491 1111622 + 4 5180138 5207845 +
18 1115914 1167610 + 4 5250262 5307277 +
18 1169285 1222629 + 4 5332880 5390217 +
18 1224814 1225944 + 4 5394696 5395790 -
18 1227333 1312147 + 4 5396305 5486248 +
18 1312285 1319179 + 4 5488823 5496122 -
18 1321330 1462591 + 4 5496383 5643848 +
18 1463144 1465307 + 4 5791659 5793836 -
18 1471503 1544587 + 4 3513402 3580813 +
18 1261 119056 + 5 6293199 6415742 -
18 120429 124380 + 5 6276528 6280457 +
18 140038 169890 + 5 6242842 6273963 -
18 196701 208444 + 5 6198696 6210839 +
18 212082 214449 + 5 1128534 1130609 -
18 230654 337339 + 5 6082654 6193752 -
18 351096 399971 + 5 6038495 6058851 -
18 408911 411817 + 5 6035373 6038245 +
18 422250 423489 + 5 6023327 6024545 -
18 429207 430705 + 5 5978536 5980043 +
18 436534 441531 + 5 5964669 5969853 +
18 443183 482972 + 5 5917153 5962928 -
18 483354 553229 + 5 5822124 5891021 -
18 554421 585212 + 5 5805716 5820256 +
18 587270 681671 + 5 5713624 5803083 -
18 681977 840859 + 5 5497917 5699840 -
18 1079393 1081025 + 1 872406 874265 -
19 528075 529339 + 4 4988526 4990002 +
19 182 39454 + 3 4226986 4291002 +
19 39739 43645 + 3 4291188 4295117 -
19 44102 275536 + 3 4295743 4514942 +
19 277996 284944 + 3 4518782 4525241 -
19 290792 292697 + 3 4526100 4527961 +
19 292910 294697 + 3 4532524 4534597 +
19 304803 342119 + 3 4542782 4578680 -
19 351575 448349 + 3 4597793 4658504 +
19 454688 513928 + 3 4676807 4723085 -
20 128788 130706 + 1 9288021 9289940 -
20 11352 119999 + 4 2795945 2903024 +
20 132240 143374 + 4 2905377 2917143 +
20 158105 178457 + 4 2918483 2935190 -
20 197286 276921 + 4 2936252 2996558 +
20 277466 293389 + 4 3000091 3015332 -
20 294842 371447 + 4 3017148 3118959 +
20 409839 510459 + 4 3120342 3210604 +
20 144686 147365 + 5 6079099 6081317 -
20 397281 400560 + 2 3632412 3635680 -
21 12913 75293 + 4 4660640 4716955 -
21 76590 238189 + 4 4459403 4624355 -
21 238892 360286 + 4 4339054 4448300 -
21 373593 374696 + 4 4658745 4659846 +
21 375207 378700 + 4 4334491 4338334 -
21 381566 383049 + 4 4331844 4333328 +
21 391549 424940 + 4 4310466 4329140 -
21 427345 429301 + 4 4301839 4303864 -
21 429567 434378 + 4 4246132 4250012 -
21 460558 462910 + 4 1267375 1270080 +
21 463303 482518 + 4 4214604 4230123 -
22 446843 449113 + 1 6448849 6451006 +
22 633956 666290 + 1 3638567 3734680 -
22 667292 710268 + 1 3537574 3595691 -
22 732109 841644 + 1 3417667 3536725 -
22 15957 24343 + 2 4313161 4321822 -
22 440413 443654 + 2 1272235 1274843 +
22 604159 606841 + 2 3926691 3929391 +
22 35955 37941 + 3 171657 173703 -
22 503878 505397 + 3 886889 888439 +
22 543479 544828 + 3 691075 692460 -
22 44469 53702 + 5 1581514 1591454 +
22 54893 71513 + 5 1556821 1572990 +
22 73766 169161 + 5 1463989 1554380 -
22 171595 185864 + 5 1448094 1461804 +
22 187385 198549 + 5 1433408 1446737 -
22 200036 259145 + 5 1371619 1427423 -
22 259587 269857 + 5 1359081 1369763 +
22 271460 421286 + 5 1218622 1358810 -
22 567064 570344 + 7 3369598 3373012 -
22 727039 729246 + 7 2090434 2092601 +
23 1912 7960 + 5 1574453 1580520 -
23 8841 32446 + 5 1592784 1615614 +
23 33249 34581 + 5 1616397 1617733 -
23 36186 114611 + 5 1618228 1676583 +
23 119605 137297 + 5 1682791 1706138 -
23 159416 189294 + 5 1712345 1743415 +
23 189719 232601 + 5 1768337 1798469 -
23 234558 242854 + 5 1743755 1751991 -
23 243838 500480 + 5 1799456 2039133 +
24 3473 10128 + 7 2747910 2754896 +
24 11734 28493 + 7 2755983 2773191 -
24 31910 75535 + 7 2775206 2834240 +
24 96708 114584 + 7 2835409 2853417 +
24 115121 116762 + 7 2853851 2855672 -
24 123034 134366 + 7 2857756 2864865 +
24 134717 140246 + 7 2865435 2871632 -
24 140689 171492 + 7 2871940 2903738 +
24 186143 195266 + 7 3636898 3646184 -
24 196074 198403 + 7 3628367 3630659 +
24 210888 213743 + 7 3632116 3635450 +
24 214158 252795 + 7 3600395 3627909 -
24 254480 287606 + 7 3569483 3598105 +
24 289016 324084 + 7 3532219 3568715 -
24 339457 357542 + 7 3513704 3531668 +
24 357709 413923 + 7 3450809 3497816 -
24 451987 516929 + 7 3375282 3445412 -
24 517729 671013 + 7 3219198 3367772 -
24 677734 696257 + 7 3201405 3210773 +
24 730394 737494 + 7 3211671 3218740 +
24 738094 842242 + 7 3099897 3199717 -
24 852000 864012 + 7 3084407 3096811 +
24 865250 895387 + 7 3053602 3082893 +
24 897140 970163 + 7 3000976 3052373 -
24 975485 981773 + 7 2992869 2999379 +
24 983152 995961 + 7 2977729 2990480 +
24 998212 1000678 + 7 2974535 2976505 -
24 1002738 1005962 + 7 2968753 2972065 +
24 1010105 1043440 + 7 2931766 2965736 -
24 1043795 1058172 + 7 2906524 2920053 -
24 1061078 1066625 + 7 4036119 4041422 +
24 1068763 1096105 + 7 3975283 3987259 +
24 1102591 1103726 + 7 3702390 3703521 -
24 1113991 1164353 + 7 3997723 4031817 +
24 1170164 1184807 + 7 3962679 3971956 +
24 1185964 1324355 + 7 3833142 3960829 -
24 1325789 1327268 + 7 3830455 3831870 +
24 1343187 1357739 + 7 3806984 3822231 +
24 416011 418205 + 6 1772626 1775253 -
24 202332 205015 + 1 3767392 3770073 -
24 726572 730113 + 1 922496 924854 +
24 78840 85077 + 4 4293162 4299373 -
24 89820 90988 + 4 2021814 2022982 +
25 403170 407508 + 4 5990740 5995096 +
25 3235 53259 + 3 4821516 4878053 +
25 54688 111612 + 3 4880811 4925359 -
25 120154 169081 + 3 4931346 4976275 +
25 179774 190599 + 3 5002741 5013719 -
25 200327 202459 + 3 5018941 5021128 +
25 219753 221049 + 3 5060527 5061769 +
25 229464 249895 + 3 5033529 5059279 -
25 258762 260136 + 3 5090323 5091697 +
25 260919 262341 + 3 5016298 5017771 -
25 267049 297212 + 3 5092510 5119168 +
25 303216 311099 + 3 5121026 5129243 +
25 312617 330825 + 3 5130161 5146424 -
25 332106 367551 + 3 5147604 5183889 -
25 370245 381520 + 3 5184967 5195482 +
25 382687 388495 + 3 5196636 5202749 -
25 391367 392384 + 3 5206137 5207160 +
25 410564 490401 + 3 5215243 5260461 +
25 255391 257047 + 6 3782128 3783780 -
25 299536 301691 + 6 365243 367477 -
26 24778 65784 + 4 3264546 3306756 +
26 67713 318819 + 4 3314714 3512593 +
26 325544 327555 + 4 5787217 5789151 -
26 329351 343930 + 4 4928562 4943409 +
26 345212 559380 + 4 4723302 4927408 -
27 5890 118532 + 5 2813309 2909712 -
27 120744 161032 + 5 2777227 2810512 +
27 164230 175579 + 5 2765846 2776036 -
27 177565 188862 + 5 2753687 2765448 +
27 189581 225894 + 5 2715298 2753113 -
27 227475 228608 + 5 2713059 2714087 +
27 229772 317948 + 5 2625934 2712231 -
27 318149 788962 + 5 2154370 2593874 -
27 812364 834772 + 5 2133335 2153793 -
27 839951 882435 + 5 2100088 2132704 -
27 835499 839640 + 6 3237314 3240621 +
27 796597 797924 + 7 142527 144750 +
28 413802 415705 + 7 2098383 2100303 -
28 407911 410068 + 4 5959390 5961522 +
28 45610 54379 + 3 1301783 1310654 -
28 55319 61877 + 3 1291594 1299448 +
28 63611 350757 + 3 965993 1289709 -
28 402960 405444 + 2 2906383 2908841 -
29 5994 141960 + 7 1433 107999 +
29 163974 164989 + 7 154270 155324 -
29 167045 193160 + 7 114798 135047 -
29 193816 214290 + 7 159663 180817 +
29 214762 225808 + 7 181927 200166 -
29 228809 280482 + 7 203897 256212 +
29 284679 307772 + 7 264805 305549 -
29 309831 312066 + 7 306945 311310 +
29 312108 313387 + 7 312621 313997 -
29 314186 315767 + 7 257826 259447 +
29 330045 332367 + 7 314346 316497 +
29 338468 369266 + 7 352733 385061 -
29 371177 375075 + 7 321726 325789 -
29 394590 396665 + 5 892306 894351 +
29 318507 320280 + 1 5754608 5756627 -
30 4059 235832 + 6 2552252 2769572 +
30 314045 316242 + 6 2980735 2982926 +
30 349084 498732 + 6 3076602 3213492 +
30 501273 518033 + 6 3214356 3230682 -
30 289154 291438 + 3 730254 732380 -
30 284961 286596 + 4 953254 954893 +
30 293160 295946 + 4 927687 929784 -
30 319569 321957 + 4 4285397 4287760 -
30 322984 324023 + 4 127095 128184 +
31 11766 71786 + 4 1202296 1255700 +
31 72735 74720 + 4 1256514 1258627 -
31 76265 82093 + 4 1259859 1265896 +
31 82590 245191 + 4 1278074 1417341 +
31 255078 270397 + 4 1424341 1434287 -
31 274983 340230 + 4 1435150 1521978 -
31 340497 342470 + 4 1522963 1525190 -
31 343831 392227 + 4 1525873 1553088 -
31 392965 451116 + 4 1553535 1611638 +
31 455057 500987 + 4 1614279 1660303 -
32 86350 93327 + 2 1366431 1372873 +
32 96820 124410 + 2 1374531 1402708 -
32 128158 166141 + 2 1406371 1436538 +
32 167136 178870 + 2 1443313 1454261 +
32 197157 216709 + 2 1468809 1488529 -
32 221248 340021 + 2 1496578 1619221 +
32 340779 359532 + 2 1622021 1644082 -
32 367490 372086 + 2 1645375 1650104 +
32 37210 38925 + 1 673717 675390 +
32 78804 81881 + 3 3724475 3727552 +
33 15005 55735 + 3 2990041 3030698 -
33 55906 96180 + 3 2924055 2965695 +
33 96789 111655 + 3 2974391 2989243 +
33 112643 153756 + 3 2891438 2923664 -
33 154399 231915 + 3 2795639 2881147 -
33 232303 235252 + 3 2791917 2794885 +
33 237705 293210 + 3 2746240 2789956 -
33 317930 347316 + 3 2716507 2745793 -
33 350835 356152 + 3 357839 363128 -
33 296228 317021 + 4 4976410 4986520 +
34 3730 39187 + 1 6910314 6944505 -
34 68205 108388 + 1 6858487 6894974 -
34 113475 368582 + 1 6615484 6858041 -
34 44982 46508 + 7 335207 336735 +
34 110388 112683 + 2 573396 575703 -
35 4251 81643 + 7 3730616 3806374 -
35 113981 128333 + 7 3663480 3677421 +
35 129844 160960 + 7 3703759 3729212 +
35 162643 169497 + 7 3654263 3660893 -
35 192760 267322 + 7 4043352 4104599 -
35 280651 299090 + 7 4106386 4125883 +
35 327885 419540 + 7 4127029 4196364 -
35 421488 424204 + 7 4200435 4203271 +
35 424889 450698 + 7 4217144 4233790 +
35 310093 313033 + 4 5975370 5977673 -
36 4815 171709 + 1 6188854 6383467 +
36 175188 323469 + 1 6459705 6615338 +
37 12898 93346 + 4 3580892 3651294 +
37 95744 110533 + 4 3652013 3666990 -
37 120639 282662 + 4 3667237 3840330 +
37 318218 337767 + 2 1837814 1855237 -
37 346525 470678 + 2 1860136 1970464 +
37 471146 482884 + 2 1971615 1983840 -
37 484761 522943 + 2 1984400 2035827 +
37 524803 531502 + 2 2036432 2043284 -
37 532370 551316 + 2 2045374 2065869 +
37 551760 559643 + 2 2066132 2074454 -
37 561633 598555 + 2 2076099 2113250 +
37 598759 634511 + 2 2170758 2209476 +
38 484758 486576 + 5 2623840 2625755 -
38 40800 88934 + 6 3538246 3575123 +
38 90048 92736 + 6 3576356 3579284 -
38 94242 146530 + 6 3579650 3629593 +
38 147160 149201 + 6 3651203 3653265 -
38 149702 240410 + 6 3653882 3712067 +
38 261990 367634 + 6 3714262 3745648 -
38 368399 417129 + 6 3745832 3781876 +
38 418366 421813 + 6 3796191 3799729 +
38 429490 449700 + 6 3807232 3827187 -
38 453223 481416 + 6 3829089 3853846 +
38 504540 512300 + 6 3858311 3867376 +
38 519857 529281 + 6 3881821 3891811 -
38 532676 538306 + 6 3870953 3876586 +
38 540385 543692 + 6 3892061 3895558 -
38 548366 619889 + 6 3896230 3943070 +
38 620162 621299 + 6 3945697 3946819 -
38 624898 634192 + 6 3948313 3956762 -
38 636126 657179 + 6 3957231 3976722 +
38 662307 692021 + 6 3978700 4010516 -
38 23329 25623 + 3 5064984 5067230 +
39 228522 230711 + 7 2922241 2924405 +
39 815 4902 + 4 5941344 5945178 -
39 10791 127806 + 4 5796592 5914325 -
39 128225 130134 + 4 5794108 5796035 +
39 131262 226215 + 4 5645139 5724610 +
39 249674 304886 + 4 5725247 5785639 +
40 10008 246787 + 1 3972730 4375317 -
41 154281 157539 + 7 2152638 2156143 -
41 714 59894 + 4 3867870 3932841 +
41 60655 71438 + 4 3932993 3943970 -
41 71603 148942 + 4 3944620 4004292 +
41 165921 270048 + 4 4007368 4131840 +
41 276274 278180 + 4 4137493 4139455 -
41 279250 306282 + 4 4139847 4167457 +
41 307388 335737 + 4 4180495 4201742 +
41 372706 375558 + 2 1454523 1457442 -
41 390115 392634 + 2 3471080 3473020 +
42 85383 87657 + 6 355472 357740 +
42 3221 48326 + 2 4279508 4310652 +
42 49927 78700 + 2 4268721 4274953 -
42 109524 137049 + 2 4222522 4266853 -
42 139323 140343 + 2 4219500 4220520 +
42 143541 148011 + 2 4213397 4217954 -
42 150085 157824 + 2 4181542 4188803 +
42 164741 168107 + 2 4170651 4174188 +
42 171862 191781 + 2 4190191 4212702 -
42 205520 247425 + 2 4086052 4150695 +
43 6915 49776 + 6 3243029 3286941 +
43 53262 63110 + 6 3288774 3300032 -
43 81464 114575 + 6 3303335 3335068 +
43 114985 248155 + 6 3339925 3464380 +
44 3023 7230 + 7 387805 392149 +
44 9748 59087 + 7 394424 432099 -
44 60393 65455 + 7 433762 438789 +
44 67249 93624 + 7 440348 450630 -
44 98347 103048 + 7 453127 458475 -
44 104620 161589 + 7 460302 541457 +
44 161836 176223 + 7 541983 553288 -
44 177444 309886 + 7 555847 678166 +
44 311701 313800 + 7 679158 681399 -
44 315436 409883 + 7 682263 767156 +
44 410659 414730 + 7 769995 771800 -
44 415766 453132 + 7 772660 810880 +
44 453526 505777 + 7 818554 868293 +
45 33404 216599 + 1 6945499 7065005 -
45 219878 226940 + 2 131550 138708 -
46 1007 244172 + 1 8725155 8898950 +
46 263597 344548 + 1 1574651 1647194 -
46 349444 352092 + 1 1566509 1569419 +
46 360541 363746 + 1 1569450 1572711 +
46 365317 398976 + 1 1532465 1564448 +
46 399646 425600 + 1 1502733 1530748 -
46 357337 359037 + 9 58958 60769 -
47 790 30085 + 6 62528 94018 +
47 32490 35354 + 6 100811 103924 -
47 40435 76071 + 6 120903 156626 +
47 103154 152972 + 6 157825 202781 -
47 154616 165280 + 6 215539 226514 +
47 167659 191505 + 6 327155 349836 -
48 32923 216580 + 2 1651113 1833322 -
48 1384 3024 + 4 3311254 3312885 -
49 145403 147515 + 5 1429314 1431403 -
49 95882 143166 + 4 1088082 1125260 +
49 148332 167794 + 4 1173836 1193267 +
50 161619 164879 + 1 267129 270361 -
50 50618 79636 + 4 842741 870742 -
50 80039 151771 + 4 765937 829665 -
50 166422 208551 + 4 725701 758108 -
50 214109 223558 + 4 698398 703022 +
50 235685 240070 + 4 688235 692084 +
50 265147 276357 + 4 707685 719978 -
51 11702 12967 + 6 4052452 4053672 -
51 17749 24964 + 6 4056798 4062001 +
51 26348 32220 + 6 4063880 4072286 -
51 33056 163588 + 6 4072811 4162731 +
52 644 152161 + 2 4324091 4470383 -
53 34317 93861 + 1 144768 177766 -
53 96387 108515 + 1 130325 143362 +
53 109786 135413 + 1 106253 129712 -
53 18148 21932 + 3 372760 375158 -
54 4976 116103 + 6 2454392 2551951 +
55 2914 88551 + 3 3032003 3118066 +
55 89076 90736 + 3 3118348 3119971 -
55 91167 94239 + 3 3122431 3125320 -
55 96834 108531 + 3 3126386 3138368 +
55 119036 121866 + 3 70401 73185 -
55 125188 146709 + 3 3139348 3158665 +
56 3373 28055 + 2 147829 166367 +
56 29976 40373 + 2 57477 68018 +
56 53883 71070 + 2 36591 49117 -
56 72794 74019 + 2 34632 35822 +
56 90966 124910 + 2 8935 32999 +
57 11216 18731 + 3 4664877 4672716 -
57 32888 84285 + 3 4726436 4776801 +
58 3269 12145 + 1 1283688 1292877 +
58 20125 157465 + 1 1294698 1413494 +
58 159237 179028 + 1 1416300 1434919 -
58 183686 201493 + 1 1438692 1456934 +
58 13725 17682 + 7 2280025 2283987 -
59 1811 13222 + 6 398457 409794 +
59 27527 31974 + 6 227732 232796 +
59 36965 40272 + 6 237413 240846 -
59 41867 101659 + 6 243683 326902 +
60 11206 84761 + 1 1201666 1277217 -
60 85395 92571 + 1 1193852 1201200 +
61 624 4732 + 2 1060154 1064345 +
61 21361 42521 + 2 1077474 1093852 +
61 71114 75483 + 5 1051466 1055776 -
62 11964 27340 + 6 2437171 2453036 +
62 28669 86672 + 6 2376094 2436254 -
63 624 80172 + 6 1409 61531 -
64 15254 74366 + 5 2041707 2099693 -
65 1494 43692 + 4 3842601 3866909 -
65 44138 47365 + 4 4304281 4307421 +
66 1929 54562 + 4 3210940 3263757 -
67 2829 17338 + 1 1459739 1473751 +
67 18130 30465 + 1 1474602 1487458 -
67 31249 40619 + 1 1489310 1498947 +
69 8599 10339 + 6 3465043 3466874 -
69 20804 34135 + 6 3473897 3487135 +
70 5116 17909 + 3 4807879 4820084 +
72 1511 3194 + 4 693946 695650 +
72 10367 19955 + 4 831092 840597 -
75 22219 25899 + 4 5144835 5147635 +
78 1430 10328 + 1 8713167 8722403 -
80 20320 21511 + 6 421324 422528 +
86 2310 4599 + 4 4205958 4208209 +
88 3407 7421 + 6 4035488 4039728 +
92 2540 5156 + 6 410954 413567 +
