1 1221335 1228210 + 2 3121488 3128711 +
1 2295102 2297707 + 2 5215610 5218253 +
1 2334890 2341399 + 2 4148270 4154844 +
1 4093013 4094421 + 2 3743674 3745190 -
1 5530011 5532757 + 2 831585 834334 -
1 6249561 6250739 + 2 821701 822854 +
1 9785475 9789781 + 2 5223270 5227579 -
1 2306082 2313893 + 11 1932247 1940000 -
1 3913555 3914883 + 11 2179343 2180520 -
1 6405926 6407359 + 11 2202181 2203613 -
1 673127 679690 + 1 3813343 3819873 +
1 3653826 3660718 + 1 5146481 5154311 -
1 3718389 3719607 + 1 5233609 5235293 +
1 3742444 3744271 + 1 5379587 5381555 +
1 5498245 5499272 + 1 3638740 3639768 -
1 78048 85475 + 4 3069715 3077168 +
1 201386 207070 + 4 2475919 2481629 -
1 2314017 2321221 + 4 28870 36216 -
1 3736790 3739870 + 4 3099122 3102198 +
1 3752665 3755497 + 4 3108666 3110916 -
1 3755587 3756693 + 4 3154273 3155386 +
1 3767060 3772220 + 4 2897739 2902901 -
1 3814788 3816881 + 4 3149689 3151373 +
1 6386023 6388140 + 4 4005309 4007452 -
1 30045 33915 + 3 2806711 2810557 -
1 287012 288538 + 3 667390 668921 +
1 3720464 3721703 + 3 697059 698298 +
1 4336080 4338513 + 3 2209296 2211720 -
1 5484021 5490591 + 3 4924188 4928419 -
1 7506988 7511321 + 3 847371 851973 +
1 9163657 9165277 + 3 1902347 1903971 -
1 3613001 3615248 + 12 2690645 2695074 +
1 3660826 3663903 + 12 2695075 2700449 -
1 3773019 3783369 + 12 2745405 2754774 +
1 3827603 3830671 + 12 2727402 2730456 -
1 4017924 4019699 + 12 146787 148388 +
1 4022206 4026335 + 12 162067 167229 -
1 4044418 4048509 + 12 2857848 2861947 -
1 33945 62877 + 41 20807 49582 +
1 93346 106147 + 41 75978 88652 +
1 106217 199490 + 41 100353 193255 +
1 208918 264908 + 41 193713 251772 +
1 289027 327659 + 41 268633 305645 +
1 329998 331135 + 41 307050 308061 -
1 332254 451764 + 41 311821 431373 +
1 453713 462315 + 41 432063 441606 -
1 463535 467123 + 41 441814 445298 +
1 467441 478295 + 41 446647 457314 -
1 484200 669710 + 41 458664 644683 +
1 696868 872312 + 41 645226 819226 +
1 878281 888543 + 41 8424436 8442125 +
1 890739 894927 + 41 3651348 3655559 +
1 924892 1219286 + 41 819346 1108386 +
1 1283592 1735218 + 41 1160191 1599845 +
1 1735772 2055827 + 41 1633672 1957748 +
1 2055938 2273346 + 41 7470400 7698710 -
1 2321512 2331402 + 41 4306653 4314989 -
1 2404516 3055720 + 41 6733113 7431081 -
1 3055758 3389932 + 41 6377868 6712233 -
1 3390045 3553379 + 41 6217369 6363574 -
1 3558912 3564642 + 41 8233459 8239786 -
1 3565916 3595638 + 41 6188212 6217308 -
1 3623826 3625575 + 41 8106797 8108279 +
1 3638139 3641424 + 41 6184002 6187331 -
1 3664315 3682169 + 41 6166837 6183873 -
1 3694485 3697835 + 41 8065939 8069294 +
1 3708993 3714151 + 41 6139688 6149834 -
1 3728578 3734741 + 41 6134222 6139334 -
1 3750559 3752436 + 41 2101701 2103579 -
1 3785865 3791270 + 41 7888309 7893733 +
1 3835870 3839985 + 41 5942473 5946553 -
1 3842727 3843904 + 41 5978429 5979610 -
1 3898902 3903109 + 41 5808637 5812841 -
1 3968248 3970114 + 41 5170758 5172633 +
1 3981450 4005041 + 41 5885064 5904268 -
1 4005179 4009994 + 41 5852857 5856648 -
1 4036600 4043250 + 41 5793404 5798854 -
1 4095891 4097378 + 41 5783079 5784405 -
1 4098165 4162542 + 41 5705942 5770829 -
1 4162593 4166840 + 41 4093784 4098037 +
1 4195359 4314416 + 41 5583975 5702933 -
1 4316373 4317983 + 41 6008769 6010383 +
1 4334064 4336037 + 41 5581989 5583966 -
1 4355233 4500618 + 41 5432378 5581933 -
1 4500678 4738300 + 41 5172779 5409409 -
1 4738519 5317521 + 41 4567851 5150779 -
1 5402120 5482239 + 41 4432122 4513083 -
1 5545234 5611616 + 41 4334516 4400747 -
1 5611673 5715403 + 41 4180447 4284964 -
1 5715443 5734863 + 41 4125712 4145186 -
1 5742506 5756582 + 41 2114989 2135419 +
1 5763478 5769381 + 41 8088277 8094223 -
1 5814091 5958009 + 41 3922988 4043114 -
1 5977644 6222821 + 41 3670357 3915082 -
1 6259405 6261687 + 41 7762251 7766688 +
1 6262588 6383582 + 41 3522907 3613758 -
1 6408787 6414367 + 41 5418728 5424295 -
1 6447694 6454300 + 41 3662287 3668930 +
1 6458745 6842431 + 41 3139414 3520485 -
1 6842514 6927660 + 41 3035361 3115878 -
1 6927662 6994129 + 41 2943638 3015786 -
1 6994376 7051837 + 41 2847843 2925351 -
1 7052022 7125209 + 41 2740634 2815310 -
1 7125256 7253751 + 41 2567799 2701192 -
1 7253985 7506414 + 41 2279196 2529309 -
1 7511423 7626168 + 41 2148546 2278667 -
1 7626725 7966898 + 41 8767868 9119512 -
1 8267156 8297108 + 41 8445476 8461383 -
1 8297524 8474775 + 41 8246096 8423117 -
1 8475069 8558467 + 41 8109991 8197622 -
1 8558483 8713440 + 41 7893973 8056791 -
1 8713508 8789037 + 41 7795152 7871792 -
1 8801011 8829017 + 41 7718703 7748320 -
1 8829808 8973649 + 41 1959576 2101445 +
1 8973754 8975942 + 41 2146318 2148223 +
1 8976439 9050050 + 41 9121431 9186623 -
1 9050524 9103775 + 41 9187226 9239395 +
1 9104319 9114238 + 41 9240757 9250339 -
1 9115658 9151954 + 41 9251257 9287087 +
1 9154077 9163583 + 41 9338457 9347739 -
1 9168015 9171343 + 41 4168129 4172260 -
1 9175146 9224532 + 41 9289192 9338381 -
1 9225982 9266809 + 41 9350535 9390611 +
1 9266926 9343148 + 41 9491273 9517088 +
1 9348183 9599414 + 41 9521617 9737619 +
1 9599440 9635637 + 41 9756023 9791996 +
1 9635643 9685971 + 41 9813297 9864660 +
1 9685999 9705855 + 41 9889063 9905921 +
1 9741768 9749414 + 41 9793071 9800692 +
1 9758501 9767033 + 41 9906299 9914728 +
1 5327028 5328353 + 75 1574 2739 +
1 9343409 9348050 + 32 364 5018 -
1 5329454 5330986 + 76 1127 2678 -
2 130966 138906 + 3 2170486 2178838 +
2 1066717 1069017 + 3 2663670 2665989 +
2 2142278 2150580 + 3 306407 314598 -
2 8899 108872 + 4 4127027 4217143 -
2 147382 249662 + 4 4022238 4127008 -
2 251045 255910 + 4 3992024 3996880 +
2 256282 268444 + 4 4009908 4021773 +
2 269650 314327 + 4 3945817 3990497 -
2 315514 332795 + 4 3924425 3941807 +
2 337693 390715 + 4 3868567 3920645 -
2 397561 556529 + 4 3716071 3868498 -
2 556622 568045 + 4 3701712 3713368 +
2 569204 594288 + 4 3680028 3700414 -
2 596654 613630 + 4 3662912 3679139 +
2 615273 822377 + 4 3433523 3661441 -
2 882966 1066463 + 4 3203113 3381548 -
2 1076930 1093115 + 4 3186858 3203031 -
2 1205835 1210169 + 4 2984914 2988805 +
2 1230206 1233369 + 4 3025211 3028373 -
2 1272238 1275801 + 4 2993592 2997324 -
2 1366331 1435816 + 4 2909040 2979331 -
2 1435957 1817429 + 4 2499425 2873053 -
2 1817841 1989360 + 4 2242026 2410403 -
2 2170760 2773664 + 4 1515756 2128653 -
2 2773693 3302950 + 4 981919 1504229 -
2 3321351 3602052 + 4 725625 981895 -
2 3712611 3840429 + 4 531316 725602 -
2 3840735 3854937 + 4 515898 530118 +
2 3855089 3888900 + 4 482071 515834 -
2 3936422 4044367 + 4 375971 482030 -
2 4044831 4046535 + 4 373559 375252 +
2 4064589 4085060 + 4 334205 354686 +
2 4085360 4099747 + 4 318177 331106 -
2 4121233 4138820 + 4 301169 318147 -
2 4146714 4151660 + 4 295548 300460 -
2 4159063 4172490 + 4 277114 290776 +
2 4173157 4241467 + 4 210175 276751 -
2 4262755 4344947 + 4 124291 210016 -
2 4359597 4444562 + 4 37129 124254 -
2 4444722 4470594 + 4 185 28561 -
2 2807 6955 + 12 140822 144932 -
2 140295 141908 + 12 2100467 2102058 -
2 143755 147339 + 12 3500460 3503977 -
2 1110112 1112150 + 12 2827430 2829738 -
2 1122522 1126819 + 12 2840545 2842805 +
2 1259217 1261653 + 12 2713808 2716648 -
2 637 1905 + 41 2726399 2727623 -
2 113649 116605 + 41 7701842 7704834 -
2 1069092 1074286 + 41 5924037 5929205 +
2 1094773 1096520 + 41 7885764 7887513 +
2 1136189 1139780 + 41 8075047 8079777 -
2 1216916 1221741 + 41 4068600 4073833 -
2 1234773 1236585 + 41 5878417 5880228 -
2 1318145 1320466 + 41 5156798 5159126 -
2 1347446 1349076 + 41 5986870 5989042 +
2 2119536 2123666 + 41 2543172 2547082 +
2 2151991 2168760 + 41 2718855 2726015 +
2 3304158 3313235 + 41 5839627 5848791 -
2 3643153 3644404 + 41 5837578 5838831 +
2 3915039 3920371 + 41 5970623 5976584 -
2 4112052 4114318 + 41 4291827 4294101 -
2 4345287 4358760 + 41 6714032 6721198 -
2 390811 394803 + 1 3491471 3495480 +
2 1311315 1315562 + 1 6154532 6158783 -
2 2132521 2137992 + 1 2964765 2971272 +
2 4141701 4145124 + 1 3810198 3812444 -
2 108980 110536 + 2 624729 626302 -
2 1106670 1107957 + 2 2827119 2828404 +
2 1147495 1148789 + 2 1062335 1063643 -
2 1197839 1199108 + 2 963573 964855 -
2 1243732 1253124 + 2 1005201 1020834 -
2 1253711 1256205 + 2 908054 910541 -
2 1989362 1990684 + 2 2929833 2931160 +
2 4244328 4260522 + 2 3251804 3263769 +
2 874286 878985 + 11 2057502 2062217 -
2 1160062 1161573 + 11 2174531 2175551 -
2 1360687 1363857 + 11 2145112 2149053 +
2 3688671 3693935 + 11 2369061 2374429 +
2 822911 826633 + 52 528 3923 -
3 88090 98103 + 41 9469586 9479264 +
3 319999 326807 + 41 5870310 5877182 -
3 743279 760428 + 41 7872233 7879151 +
3 781329 783722 + 41 2561579 2564016 +
3 800960 802653 + 41 2538503 2540055 +
3 860582 862546 + 41 5806799 5808568 +
3 2431488 2434897 + 41 8725656 8729045 +
3 2881203 2887715 + 41 4076688 4083604 -
3 4579047 4580435 + 41 2565224 2566436 -
3 5077946 5086963 + 41 6721211 6731283 -
3 702339 703881 + 1 338542 340093 -
3 711323 712431 + 1 5164071 5165195 +
3 854501 858255 + 1 5242962 5246724 -
3 941598 944680 + 1 5295819 5298903 +
3 2189035 2191246 + 1 5166588 5168801 +
3 2442020 2443724 + 1 2740528 2742249 -
3 4073606 4081550 + 1 3908871 3923675 -
3 4091096 4095359 + 1 3897999 3901619 -
3 864900 871708 + 4 3086099 3095563 +
3 359396 361014 + 11 3699714 3701327 +
3 689821 693282 + 11 2150303 2153742 -
3 720099 723140 + 11 2072226 2075302 +
3 835944 836997 + 11 2075388 2076405 -
3 953638 958922 + 11 97450 102747 -
3 1342827 1346058 + 11 2040567 2044139 -
3 2212703 2215153 + 11 3146044 3148491 +
3 2424552 2428151 + 11 147145 152323 -
3 64628 66952 + 2 4156269 4158584 -
3 694840 697956 + 2 967934 970360 +
3 845909 852355 + 2 1089517 1095473 +
3 907316 908774 + 2 950577 954835 -
3 2196553 2211148 + 2 549946 557003 +
3 4595535 4596623 + 2 1035688 1036756 +
3 5063594 5077782 + 2 735764 741390 +
3 9186 61788 + 3 16561 71191 +
3 78024 85605 + 3 71290 78864 +
3 99669 164912 + 3 85044 137382 +
3 169804 180677 + 3 186 11476 -
3 189121 282659 + 3 153536 241741 +
3 283043 287395 + 3 251353 255680 -
3 295987 298002 + 3 256022 258028 +
3 329559 342214 + 3 263082 275765 +
3 385820 389920 + 3 277086 281965 -
3 391042 399545 + 3 331331 339457 +
3 401755 428566 + 3 340922 365807 -
3 448553 554954 + 3 369266 465130 +
3 558941 571884 + 3 471100 479662 -
3 574609 658830 + 3 481386 566039 +
3 724559 725968 + 3 710655 712380 +
3 898965 905147 + 3 657522 663563 +
3 945269 953632 + 3 635791 644082 -
3 966604 1042159 + 3 759387 835354 +
3 1071031 1311417 + 3 852029 1073825 +
3 1317437 1340062 + 3 1079765 1101429 +
3 1346139 1465789 + 3 1101460 1219320 +
3 1465888 1548399 + 3 1234696 1317390 +
3 1548568 1553837 + 3 1319155 1324063 -
3 1554928 1798268 + 3 1329301 1525880 +
3 1801860 2164153 + 3 1529717 1891877 +
3 2236905 2288520 + 3 1925099 1977637 +
3 2300874 2423758 + 3 1988840 2112969 +
3 2444635 2488928 + 3 2113069 2158183 +
3 2488954 2686041 + 3 2211774 2418767 +
3 2686116 2881156 + 3 2462907 2645733 +
3 2908207 2965820 + 3 2683815 2741430 +
3 3032002 3330935 + 3 2811146 3108028 +
3 3528624 3885917 + 3 3312349 3666043 +
3 4095575 4578559 + 3 3867598 4339321 +
3 4596641 5054759 + 3 4339490 4746716 +
3 5055107 5059210 + 3 4753716 4757778 +
3 5060658 5061737 + 3 4792311 4793348 -
3 5088703 5207160 + 3 4795245 4914891 +
3 5209275 5214724 + 3 1219586 1225049 -
3 5214966 5223735 + 3 4915065 4922857 +
3 5224387 5268361 + 3 4945470 4988994 +
3 5269921 5273314 + 3 4989282 4992088 -
3 303854 311522 + 12 1380122 1389651 +
3 872260 874515 + 12 2675253 2677517 -
3 913536 923646 + 12 2788443 2807004 +
3 365411 368009 + 50 678 4156 +
3 554956 558477 + 20 416 3971 +
3 1311973 1317307 + 24 338 5631 -
3 1798673 1801679 + 61 602 3323 -
3 3331046 3336779 + 23 272 5917 -
3 4087907 4090413 + 68 673 3051 +
4 37123 47152 + 41 9737653 9755631 -
4 876241 882680 + 41 1625534 1631865 +
4 895050 905733 + 41 6018373 6028987 -
4 911513 920248 + 41 3025903 3034863 +
4 947585 949536 + 41 5984817 5986734 -
4 959330 960816 + 41 5920720 5922275 +
4 967539 970837 + 41 2711919 2715214 +
4 1058166 1059200 + 41 6055538 6056555 +
4 1077361 1085123 + 41 4320164 4327961 -
4 1140068 1146265 + 41 8100344 8106535 +
4 1150961 1167725 + 41 1602253 1613711 +
4 1893040 1900420 + 41 7705807 7713192 -
4 1915586 1919952 + 41 5151605 5156019 -
4 1924271 1926777 + 41 8230185 8232995 -
4 2617239 2620026 + 41 5834726 5837447 -
4 2734677 2735709 + 41 6071423 6072504 +
4 4034795 4042873 + 41 2531177 2537145 +
4 4051200 4056808 + 41 2840068 2845674 +
4 4062633 4063652 + 41 7748361 7749368 -
4 4285425 4288940 + 41 8213295 8216832 +
4 5239629 5246817 + 41 6158847 6166463 -
4 5308245 5312343 + 41 7786958 7794922 +
4 5312831 5320941 + 41 2930231 2938372 -
4 5958585 5963648 + 41 8069543 8074632 +
4 5986863 5992464 + 41 6095731 6103140 -
4 938896 940616 + 1 5247660 5250083 -
4 1021070 1023455 + 1 5231229 5233583 +
4 1063515 1074824 + 1 5113867 5124775 -
4 4168886 4179659 + 1 2555857 2566511 -
4 5211447 5218342 + 1 5170675 5177622 -
4 1468870 1475015 + 4 2468535 2475188 +
4 5324973 5331615 + 4 3168123 3174769 -
4 1454594 1459524 + 12 154150 161217 -
4 1477670 1479512 + 12 2105442 2107290 +
4 2019944 2026585 + 12 2635251 2641837 +
4 2730648 2734411 + 12 2812207 2821863 -
4 4057798 4061431 + 12 2668800 2672717 -
4 4232019 4237458 + 12 2611278 2616676 -
4 5219801 5227882 + 12 205805 213851 -
4 1248 36732 + 2 334 35508 +
4 47191 85121 + 2 35534 73251 +
4 85812 102756 + 2 77325 91135 -
4 104312 113341 + 2 92067 101592 +
4 132196 137127 + 2 896429 902841 -
4 141915 511643 + 2 102173 453879 +
4 513500 546801 + 2 455179 487180 -
4 552541 605936 + 2 494222 548009 +
4 607233 647885 + 2 577416 618252 +
4 649572 659188 + 2 626357 638310 +
4 659340 696215 + 2 643537 682522 +
4 697989 719689 + 2 694209 714903 -
4 725431 727271 + 2 719907 721742 -
4 738224 744482 + 2 748468 754555 +
4 745267 760914 + 2 755004 770507 -
4 761363 812618 + 2 771522 821630 +
4 812680 829665 + 2 834352 851257 +
4 842389 874458 + 2 851350 883555 +
4 998721 1000799 + 2 1028397 1031116 +
4 1047547 1057496 + 2 919588 950477 +
4 1088054 1125344 + 2 1098191 1132294 +
4 1173479 1197186 + 2 1132439 1157457 +
4 1200964 1443314 + 2 1161414 1407229 +
4 1484553 1851778 + 2 1407514 1777714 +
4 1851789 1856045 + 2 1778492 1782731 -
4 1859272 1870346 + 2 1784212 1795459 +
4 1932317 1952966 + 2 1817611 1838180 +
4 1953151 2018060 + 2 1850185 1923917 +
4 2051071 2336463 + 2 1924177 2217200 +
4 2351693 2358048 + 2 3237953 3244240 +
4 2374020 2376120 + 2 4135958 4138056 +
4 2379398 2471057 + 2 2217336 2303866 +
4 2471244 2608400 + 2 2315198 2450707 +
4 2623376 2668874 + 2 2451018 2491754 +
4 2737693 3003445 + 2 2551454 2823530 +
4 3004026 3119615 + 2 2840926 2929777 +
4 3119661 3287779 + 2 2940628 3110433 +
4 3287876 3375676 + 2 3145824 3234174 +
4 3375767 3867972 + 2 3273791 3738201 +
4 3916522 4031347 + 2 3825670 3936962 +
4 4063690 4168014 + 2 3937160 4042208 +
4 4179660 4230643 + 2 4042246 4096271 +
4 4241156 4250249 + 2 4096315 4107541 +
4 4289701 4299494 + 2 4689672 4699947 +
4 4301674 4324189 + 2 4107703 4130771 +
4 4327827 4625284 + 2 4161422 4444780 +
4 4638364 4640849 + 2 1847313 1849772 +
4 4660189 4850415 + 2 4444812 4636625 +
4 4857447 4903496 + 2 4641560 4687609 +
4 4904253 5148354 + 2 4701891 4916543 +
4 5151400 5168956 + 2 4919110 4932099 +
4 5169425 5195317 + 2 4932257 4958120 -
4 5195485 5209452 + 2 4988158 5002133 +
4 5249744 5308191 + 2 5002888 5064450 +
4 5332051 5474718 + 2 5064522 5213162 +
4 5544778 5605654 + 2 5318263 5379984 +
4 5609103 5914396 + 2 5382889 5669083 +
4 5928620 5947116 + 2 5669428 5680999 +
4 929023 936356 + 3 713267 720842 +
4 980418 988859 + 3 2666031 2682230 -
4 1000866 1005633 + 3 741296 745966 -
4 2720177 2726288 + 3 2444860 2450975 +
4 4643678 4659925 + 3 2179845 2201716 -
4 831942 835875 + 11 3957030 3961078 +
4 940898 946258 + 11 2122582 2128293 +
4 5923382 5927772 + 11 1449805 1454187 -
4 5973775 5975321 + 11 1979034 1980589 +
4 5606469 5608100 + 59 1222 2950 +
4 1197221 1200901 + 43 422 4038 -
4 2678750 2680366 + 77 764 2362 -
4 4851886 4857315 + 21 280 5481 -
4 5149032 5151273 + 65 731 3009 -
4 5228097 5229997 + 80 853 2746 -
5 20996 85712 + 1 6073904 6138390 -
5 90973 126638 + 1 6038313 6073885 +
5 126796 131952 + 1 6028692 6032925 -
5 136759 159138 + 1 6006257 6028364 +
5 159653 177088 + 1 5982495 6000008 -
5 196539 493157 + 1 5676480 5982448 -
5 508390 528871 + 1 5656137 5676451 -
5 614733 760251 + 1 5458393 5604787 -
5 764858 846265 + 1 5394519 5454469 -
5 846449 891330 + 1 5337874 5379327 -
5 900047 901332 + 1 5387969 5389258 -
5 1051465 1063749 + 1 5271983 5283863 -
5 1190160 1196878 + 1 5250084 5258231 +
5 1218622 1519968 + 1 4792946 5109419 -
5 1532645 1573037 + 1 4746422 4785795 -
5 1574273 1592218 + 1 4716962 4745713 +
5 1592508 1599524 + 1 4698110 4705106 +
5 1600939 1689535 + 1 4608343 4696338 -
5 1714086 2366369 + 1 3923955 4583882 -
5 2434414 2451936 + 1 3791836 3809292 -
5 2451992 2593925 + 1 3641086 3781325 -
5 2749805 3043292 + 1 3191601 3491342 -
5 3046250 3243729 + 1 2990196 3187854 -
5 3421653 3594907 + 1 2567314 2729042 -
5 3597143 3610230 + 1 2518920 2531723 -
5 3616794 3907092 + 1 2223693 2512584 -
5 3931979 4441625 + 1 1758011 2223617 -
5 4519912 5257138 + 1 1005872 1723327 -
5 5264726 5403413 + 1 862709 999035 -
5 5424776 5656147 + 1 626117 855455 -
5 5679253 5682084 + 1 33825 36641 +
5 5697384 5699843 + 1 623663 626113 -
5 5713424 5827206 + 1 510661 623516 -
5 5827558 5861882 + 1 477675 509004 +
5 5862960 5891157 + 1 449021 476850 -
5 5894991 5896018 + 1 5237372 5238407 +
5 5916797 5970922 + 1 394056 448975 -
5 5971509 5977914 + 1 387586 393891 +
5 5978071 5980781 + 1 383876 386562 -
5 6044293 6274955 + 1 148521 338422 -
5 6275099 6280488 + 1 136559 141999 +
5 6293191 6393034 + 1 39789 136143 -
5 6393134 6421783 + 1 158 25664 -
5 932203 934826 + 12 2620081 2621927 +
5 493956 496227 + 11 1416539 1419190 +
5 892129 894326 + 11 2013640 2016160 +
5 901705 904039 + 11 2138154 2141831 -
5 1005974 1008541 + 11 2048056 2050624 -
5 1080156 1082241 + 11 2051524 2053028 -
5 1088965 1092120 + 11 2175568 2178738 -
5 1102947 1105144 + 11 2180533 2183232 +
5 1186026 1190021 + 11 2027119 2031114 -
5 5667536 5669532 + 11 2086529 2088521 -
5 994086 996757 + 4 3055271 3057944 +
5 1082455 1084584 + 4 3049175 3051266 +
5 1093805 1096898 + 4 3131896 3138147 +
5 1133726 1135414 + 4 3035240 3036922 +
5 1176769 1181209 + 4 3155389 3159836 +
5 6005330 6007166 + 4 3021631 3024145 -
5 6010177 6012470 + 4 2990050 2992357 -
5 9346 10722 + 41 8244628 8245990 -
5 496412 506677 + 41 5771850 5782119 -
5 592572 593804 + 41 5981497 5982754 -
5 923821 930728 + 41 3915111 3922029 -
5 937552 948279 + 41 5816081 5827589 +
5 967685 970773 + 41 5829128 5832219 -
5 971143 972391 + 41 5813420 5814670 -
5 1117844 1127414 + 41 8755507 8763677 +
5 1128271 1131409 + 41 6012739 6015866 -
5 1168749 1175514 + 41 7749852 7762096 -
5 3914717 3917119 + 41 3129555 3131993 -
5 4446322 4472284 + 41 8729095 8755431 -
5 5669740 5673833 + 41 6368234 6372349 -
5 5686929 5696454 + 41 4045932 4065495 +
5 1143603 1146673 + 2 982779 985834 -
5 1155207 1162337 + 2 2829327 2836404 +
5 1146928 1150796 + 3 651100 655026 +
5 1151333 1154067 + 3 664050 666702 +
5 5660872 5666146 + 3 1893162 1898674 -
5 5899908 5903020 + 3 294844 299097 +
5 132455 136674 + 27 274 4491 -
5 180152 183156 + 9 2287 5278 -
5 760583 764694 + 34 332 4969 -
5 5706916 5709471 + 37 362 2916 +
5 1525876 1532514 + 6 134 6777 -
5 5257887 5264674 + 10 165 6934 -
5 3043803 3046119 + 58 633 3243 -
5 3610793 3613681 + 56 602 3438 -
5 3614211 3616516 + 63 869 3130 -
5 5420564 5424693 + 8 3335 7428 +
6 2644444 2645445 + 11 3954715 3955716 +
6 2686549 2693256 + 11 134141 140826 +
6 2693604 2699814 + 11 1983628 1991969 -
6 3067383 3070609 + 11 1966675 1969901 +
6 3489303 3491007 + 11 152950 154696 -
6 3491194 3492730 + 11 92499 94032 -
6 4179938 4181556 + 11 2116304 2117959 -
6 1808214 1810985 + 2 977638 980401 +
6 2820627 2827422 + 2 956165 962992 -
6 2846568 2848303 + 2 1042709 1044449 -
6 3023832 3026467 + 2 913791 916363 +
6 3072888 3075967 + 2 916378 919431 +
6 3507984 3517778 + 2 3134139 3143880 -
6 3783836 3789747 + 2 1045080 1050951 +
6 113662 117427 + 1 28430 32192 -
6 1891906 1894448 + 1 5320716 5323261 +
6 2943374 2945831 + 1 5384669 5387497 -
6 2960863 2962386 + 1 6159293 6160842 -
6 3643780 3645807 + 1 4705724 4707507 -
6 4175465 4178524 + 1 3785918 3788956 -
6 2865262 2866687 + 4 3148120 3149549 -
6 2879564 2881382 + 4 3121703 3123522 +
6 2893532 2897534 + 4 2876430 2880462 +
6 2902783 2909363 + 4 3117174 3121194 -
6 2999960 3014264 + 4 3138391 3147377 +
6 3054642 3058663 + 4 4000482 4004584 -
6 1819689 1823728 + 3 1982225 1988564 -
6 2811067 2816436 + 3 282850 285032 -
6 2913208 2919804 + 3 4747104 4753715 +
6 3633985 3639614 + 3 599774 605355 -
6 4200335 4204942 + 3 749883 754486 +
6 99 105153 + 12 112 101194 +
6 120465 158510 + 12 101223 138931 +
6 165754 188400 + 12 169552 191707 +
6 188474 487081 + 12 217110 474182 +
6 488702 527429 + 12 480212 514857 -
6 528086 531892 + 12 475439 479316 +
6 533399 1038272 + 12 516307 1030837 +
6 1038329 1069680 + 12 1031084 1063070 -
6 1192932 1317759 + 12 1146792 1267971 +
6 1317848 1328173 + 12 1268623 1279513 -
6 1339688 1439474 + 12 1280391 1379906 +
6 1439537 1795053 + 12 1390397 1731521 +
6 1851323 1888258 + 12 1751417 1788436 +
6 1910639 1977163 + 12 1788443 1855876 +
6 1977469 1987619 + 12 1856202 1866333 -
6 1987856 2218451 + 12 1866502 2098234 +
6 2218512 2644381 + 12 2108585 2532607 +
6 2700083 2750134 + 12 2557624 2605397 +
6 2750885 2754272 + 12 2624134 2627425 +
6 2754726 2769613 + 12 2651581 2664454 +
6 2843445 2844866 + 12 2686885 2688303 -
6 3014428 3015827 + 12 2848635 2850034 +
6 3076599 3489265 + 12 2863601 3258697 +
6 3493757 3507149 + 12 3258882 3271615 +
6 3537951 3630280 + 12 3271869 3366327 +
6 3672657 3770841 + 12 3400043 3500357 +
6 3770992 3781856 + 12 3510974 3521235 +
6 3794536 3891828 + 12 3521520 3623492 +
6 3892578 3895906 + 12 3624004 3627292 -
6 3896181 4162738 + 12 3627631 3880730 +
6 1813592 1817044 + 41 6065712 6069946 -
6 2779728 2784868 + 41 5964902 5969575 +
6 2796382 2807632 + 41 6039418 6051437 -
6 2948354 2951682 + 41 2734760 2737976 +
6 3046225 3047379 + 41 5832807 5833949 -
6 4163399 4166353 + 41 6001822 6004787 +
6 4167743 4169331 + 41 9877523 9879097 -
7 1342004 1344181 + 4 1504263 1506446 -
7 2163259 2164437 + 4 3159906 3161104 -
7 2309555 2311561 + 4 3058094 3060099 -
7 2427090 2429871 + 4 2886798 2889585 -
7 2454242 2459524 + 4 3123550 3128848 +
7 2289781 2290895 + 12 2723769 2724884 -
7 141448 146222 + 3 4770356 4774548 -
7 1134076 1139962 + 3 4936642 4942283 +
7 1823802 1826642 + 3 644820 647246 -
7 1827075 1834918 + 3 605854 621159 -
7 2294155 2300143 + 3 726609 733575 -
7 2337402 2340402 + 3 735822 738728 -
7 890750 893195 + 41 2820220 2828677 -
7 1325076 1333536 + 41 9879686 9888216 -
7 2077221 2081257 + 41 5915068 5919109 +
7 2153944 2159283 + 41 2829576 2836250 -
7 2216824 2218387 + 41 4156810 4158373 -
7 2400667 2409860 + 41 6076498 6085271 -
7 2416058 2417928 + 41 7699913 7701786 +
7 2420168 2425422 + 41 6104900 6110156 -
7 2432453 2436084 + 41 5859970 5864240 -
7 2442381 2446264 + 41 6062109 6063728 +
7 2529394 2533088 + 41 5424482 5428164 +
7 4214534 4216387 + 41 2540624 2542078 -
7 1205 97231 + 11 941 91469 +
7 98349 113980 + 11 155528 171195 +
7 114794 135577 + 11 178231 198806 -
7 153497 156854 + 11 171805 176868 -
7 157814 259455 + 11 199611 295971 +
7 259832 264090 + 11 1396894 1401724 +
7 264136 325973 + 11 296300 338676 +
7 351770 502257 + 11 340006 488123 +
7 623790 810965 + 11 573408 769201 +
7 911001 1007711 + 11 841482 937304 +
7 1028059 1117403 + 11 937654 986960 +
7 1149682 1318252 + 11 987120 1159566 +
7 1344249 1588999 + 11 1160605 1396862 +
7 1589199 1593581 + 11 1401964 1407158 +
7 1593808 1595114 + 11 1421939 1423229 +
7 1610812 1741284 + 11 1455773 1586178 +
7 1741523 1823751 + 11 1611184 1694230 +
7 1835107 2026173 + 11 1694270 1880981 +
7 2032200 2076084 + 11 1885945 1927177 +
7 2105607 2120933 + 11 1943478 1958695 +
7 2121562 2134902 + 11 1996782 2013286 +
7 2181953 2185154 + 11 2062784 2066009 +
7 2240123 2241564 + 11 2019767 2021257 +
7 2279237 2285141 + 11 2161503 2167409 +
7 2326636 2336012 + 11 2106824 2112567 -
7 2345762 2351017 + 11 2197428 2201338 +
7 2381463 2387451 + 11 1587906 1607467 +
7 2448242 2451757 + 11 2054379 2057499 -
7 2483306 2495077 + 11 2219522 2231348 +
7 2533402 2623680 + 11 2267196 2356466 +
7 2623755 2920340 + 11 2382975 2670790 +
7 2921221 2926401 + 11 1409031 1414137 +
7 2931861 3368198 + 11 2670969 3111499 +
7 3440395 3636804 + 11 3149391 3346829 +
7 3636896 3651992 + 11 3347958 3363045 -
7 3653491 3662117 + 11 3363168 3371989 +
7 3662852 3729354 + 11 3372254 3413079 -
7 3730059 3987312 + 11 3413983 3674777 +
7 3997839 4203611 + 11 3707880 3936598 +
7 4216461 4234093 + 11 3936605 3954178 +
7 4234180 4235931 + 11 3965521 3967251 -
7 332171 338446 + 2 5312138 5315809 -
7 338547 339775 + 2 566246 567478 -
7 610608 613492 + 2 2492084 2495053 +
7 613813 622823 + 2 823263 831151 -
7 1026683 1027970 + 2 1838264 1839693 -
7 2090434 2092608 + 2 4142468 4144633 +
7 2093877 2095445 + 2 568150 569734 -
7 2148322 2149591 + 2 3766418 3767685 -
7 2220794 2227796 + 2 1063875 1070963 -
7 2275977 2278820 + 2 639366 642219 -
7 2341941 2344102 + 2 1037978 1040115 -
7 2366573 2369786 + 2 991044 994292 +
7 1117794 1124776 + 1 2732734 2739014 -
7 1142550 1148211 + 1 2956969 2962589 +
7 1319721 1323045 + 1 4584176 4587520 -
7 2096798 2103516 + 1 2754351 2767783 +
7 2213708 2215887 + 1 6150874 6153030 -
7 2234463 2236478 + 1 6138550 6140564 -
7 2250610 2253357 + 1 341956 344669 +
7 2495974 2505985 + 1 5286619 5293249 -
7 3409603 3413733 + 1 344777 348914 -
7 4238287 4241899 + 1 5184579 5188196 +
7 2026251 2032146 + 14 150 6120 +
10 112133 115580 + 41 6119655 6123102 -
10 117561 123897 + 41 8222013 8228249 -
10 31847 38727 + 2 2306496 2313333 +
10 11677 15503 + 12 2629611 2633381 +
11 8597 11751 + 4 3005036 3008187 -
13 7092 9806 + 12 2703922 2706645 -
13 224 6472 + 41 91255 97509 +
14 3117 4696 + 1 5310627 5312233 +
17 462 2597 + 41 8217876 8220014 -
