1 1478 13306 + 190 1926 13636 -
1 14334 15983 + 1008 1393 2643 -
1 35696 44572 + 130 3887 11986 -
1 17932 19055 + 131 91 1208 +
1 8670103 8675189 + 459 40796 45747 +
1 8676188 8712206 + 459 6261 40677 -
1 45712 48802 + 524 1507 4551 -
1 49265 57229 + 523 6908 16511 +
1 93829 102108 + 41 2927 11428 +
1 104873 107967 + 88 872 3522 +
1 114658 117082 + 284 368 2821 -
1 117398 129712 + 283 16415 28297 -
1 130629 144424 + 283 3434 16118 +
1 2444321 2445525 + 283 1592 2811 -
1 4483319 4585946 + 217 4119 85781 +
1 4585986 4612813 + 217 87331 113270 -
1 4614378 4667579 + 217 113400 166803 +
1 4670810 4680657 + 217 168693 178437 -
1 4680733 4693573 + 217 179599 192077 -
1 4693711 4780067 + 217 192178 278017 +
1 4780632 4806784 + 217 278466 305154 -
1 4806901 4811692 + 217 305730 310591 +
1 4811895 4821490 + 217 310936 320505 -
1 4825373 4837114 + 217 321171 332467 -
1 4844028 4887942 + 217 333730 372835 -
1 4888957 4916562 + 217 372942 400365 +
1 4917144 4991498 + 217 401086 473793 -
1 5029847 5053766 + 217 507730 534283 -
1 5054829 5061687 + 217 534518 541328 +
1 5070271 5091904 + 217 542657 559391 -
1 5094690 5148771 + 217 560424 613212 +
1 6731729 6739468 + 223 68771 76422 -
1 6739549 6744101 + 223 63929 68445 +
1 6744640 6757010 + 223 51668 63769 -
1 6757284 6807644 + 223 2225 51348 +
1 151344 162951 + 252 18186 29736 +
1 168111 173964 + 252 12638 17834 -
1 175004 179221 + 252 5041 11304 +
1 163004 164675 + 253 220 2260 +
1 216375 258724 + 102 4136 46584 +
1 4837913 4842065 + 2463 204 4178 +
1 302655 303725 + 235 629 1673 +
1 1467297 1473712 + 19 22834 29139 -
1 1475553 1480410 + 19 38152 43068 -
1 1480765 1501398 + 19 43444 60250 +
1 1912611 1975140 + 81 23576 82602 +
1 1975800 1995414 + 81 4637 23492 +
1 4363410 4366485 + 199 99256 102197 +
1 4368410 4471426 + 199 3440 97247 -
1 305703 315159 + 234 7197 16541 -
1 319284 328417 + 159 1582 10153 -
1 332275 361678 + 159 15768 42087 +
1 365037 369183 + 159 45377 49277 -
1 594135 628575 + 159 164436 195973 -
1 645020 714775 + 159 119078 160508 -
1 715092 773152 + 159 63654 118021 +
1 774805 784876 + 159 54089 63282 +
1 2703812 2735132 + 45 600 31313 -
1 2735711 2813050 + 45 33360 111292 +
1 2817193 2829018 + 45 115386 127081 -
1 2829241 2831918 + 45 127727 130376 +
1 2833217 2846118 + 45 134131 146400 -
1 2847006 2848570 + 45 150180 151868 -
1 2849870 2857997 + 45 152072 160439 +
1 2858947 2862548 + 45 161727 165148 -
1 2863034 2865549 + 45 165916 168245 +
1 2882385 2885783 + 45 169986 173380 -
1 1146558 1151935 + 216 10775 16029 -
1 1153195 1160585 + 216 2555 9697 +
1 1160867 1193166 + 216 31325 57796 -
1 1194416 1201228 + 216 23858 30469 +
1 1201665 1206620 + 216 17716 22674 -
1 1209571 1235269 + 216 60065 74542 +
1 1600607 1647194 + 250 4474 49790 +
1 1651922 1704678 + 250 52944 105487 -
1 1705865 1718881 + 250 106369 119465 -
1 1719721 1732022 + 250 121118 133011 +
1 6233809 6235936 + 1249 5184 7017 -
1 9465304 9472354 + 165 15688 24197 -
1 9477926 9516474 + 165 8896 13583 +
1 9518812 9520319 + 165 2997 4513 -
1 9523134 9553148 + 165 24810 53479 -
1 930733 932732 + 105 15059 16672 -
1 4473253 4481007 + 105 7216 14420 +
1 7554408 7568401 + 30 54094 67141 +
1 7568895 7625288 + 30 1304 53861 -
1 6929518 6955180 + 37 149134 177514 -
1 6956016 6969935 + 37 135493 145515 +
1 6971905 6983860 + 37 121960 134031 -
1 6984864 6986079 + 37 119889 121069 +
1 6994660 7017101 + 37 91163 108365 -
1 7017184 7022200 + 37 82817 87782 +
1 7027477 7097626 + 37 362 76645 -
1 7939863 7946771 + 111 75709 82354 +
1 7947821 7975136 + 111 24034 50056 +
1 7742269 7804605 + 207 142043 203590 -
1 7806153 7886027 + 207 60272 140750 +
1 7886881 7909872 + 207 36824 59555 +
1 7910804 7918228 + 207 29129 35938 +
1 7918312 7932320 + 207 14083 28263 +
1 7932507 7935492 + 207 10310 13281 +
1 7936228 7939270 + 207 6872 9849 +
1 378277 388894 + 246 7723 16347 -
1 390448 391929 + 246 5020 6510 +
1 6188854 6211041 + 80 151200 170289 +
1 6211239 6233778 + 80 102335 124044 -
1 6237337 6246178 + 80 91558 101745 +
1 6247639 6338976 + 80 40511 90028 +
1 6339459 6351828 + 80 24414 35828 +
1 6353597 6357174 + 80 20842 24002 +
1 6357676 6375664 + 80 1449 18897 -
1 6378159 6477554 + 80 126208 146778 -
1 6480332 6506373 + 80 171438 194963 -
1 6507343 6535844 + 80 196536 218164 -
1 6537084 6548583 + 80 218267 229987 +
1 3050156 3053821 + 290 17260 20824 +
1 5191811 5212676 + 290 137952 157980 +
1 5213690 5225586 + 290 124685 135971 -
1 5225963 5299580 + 290 54160 124224 +
1 5299764 5309777 + 290 2973 12875 +
1 5315547 5367645 + 290 24417 53937 +
1 402622 404746 + 1748 3644 5838 +
1 410859 440930 + 224 3646 30434 -
1 6730017 6731679 + 224 227 1844 -
1 4295571 4298850 + 1702 584 3224 +
1 2014549 2017305 + 555 168132 170754 -
1 7443527 7487455 + 525 5821 49032 +
1 2022933 2048826 + 348 3668 29853 -
1 2048907 2060691 + 348 31824 43595 -
1 2063102 2068770 + 348 44047 49695 -
1 2069272 2094291 + 348 50462 74951 +
1 2097956 2107810 + 348 75437 85615 -
1 3463322 3476625 + 140 3996 16500 +
1 3496127 3498366 + 140 17440 19594 -
1 3504323 3641446 + 140 20111 96776 +
1 3664619 3670707 + 140 140185 146210 -
1 8439472 8443215 + 140 191213 195004 -
1 3353201 3431223 + 401 26557 100675 -
1 3432092 3436528 + 401 20357 24754 +
1 3439052 3453688 + 401 4115 18769 +
1 8741547 8745025 + 502 129 3606 +
1 447010 451617 + 455 518 4530 +
1 9650517 9684650 + 151 12071 45719 +
1 9154369 9176156 + 545 20984 29633 +
1 9184699 9197970 + 545 5716 18949 -
1 453951 462167 + 544 18184 26728 -
1 1462767 1467044 + 491 378 4662 +
1 1735722 1743505 + 7 615 8380 -
1 1745696 1754740 + 7 10195 19634 -
1 1754777 1780798 + 7 21958 47933 -
1 1780964 1785024 + 7 48078 52088 -
1 1785158 1786705 + 7 52206 53777 -
1 1786737 1788190 + 7 54029 55482 -
1 1788269 1856943 + 7 55635 124531 +
1 3057739 3060702 + 378 316 3125 -
1 5845317 5848597 + 384 319 3636 -
1 1732047 1733486 + 251 782 2177 +
1 467587 468866 + 486 3115 4410 +
1 3012347 3047394 + 416 11943 44846 -
1 3154163 3159722 + 416 4181 9165 +
1 1531659 1594088 + 208 2322 68631 +
1 473888 478197 + 485 4975 9082 +
1 8132928 8181911 + 279 3015 53849 +
1 8477674 8591576 + 248 2794 117619 +
1 8593119 8614175 + 248 122975 143206 +
1 491935 493313 + 454 5215 6606 +
1 494783 502213 + 169 83321 90521 +
1 512635 518749 + 169 71424 77635 -
1 520084 522215 + 169 69154 71309 +
1 522387 542241 + 169 48826 66859 +
1 549707 583506 + 169 18876 47473 -
1 1002350 1010438 + 339 131821 139642 +
1 1014432 1026647 + 339 119345 130968 -
1 1030499 1035634 + 339 114344 119213 +
1 1038331 1045862 + 339 105910 113446 +
1 1045970 1064213 + 339 83172 105061 -
1 1064793 1082116 + 339 64254 80826 +
1 1083976 1118542 + 339 30917 63715 -
1 1118829 1143691 + 339 3528 28634 +
1 4278704 4281815 + 28 37869 41002 -
1 4284640 4292814 + 28 26928 34473 +
1 4298898 4360992 + 28 2329 24638 -
1 6578180 6580476 + 28 34596 36800 +
1 6582440 6664842 + 28 45987 123465 +
1 6665297 6680025 + 28 123613 137712 -
1 8830219 8877659 + 98 2766 54832 +
1 8886563 8893138 + 98 64073 69736 -
1 8895881 8903593 + 98 77555 85475 -
1 8911518 8985730 + 98 86479 161548 -
1 8988222 9009555 + 98 163502 175458 +
1 5190036 5191078 + 291 742 1761 -
1 2526634 2542696 + 228 172793 188156 +
1 2545060 2624364 + 228 91181 172035 -
1 2626610 2662986 + 228 54405 90589 +
1 2663663 2700717 + 228 15331 53238 -
1 3159965 3161923 + 228 397 2259 -
1 5603099 5605564 + 294 75973 78348 +
1 641849 643233 + 160 180 1550 +
1 2203771 2211925 + 12 188 10207 -
1 8623702 8657896 + 12 11292 45074 -
1 9457979 9463249 + 589 80 5444 +
1 1286101 1294937 + 506 76474 84219 -
1 1295051 1298812 + 506 71893 76346 +
1 1302583 1316153 + 506 55922 68379 +
1 1323808 1336213 + 506 40507 54103 -
1 1352858 1357553 + 506 31793 37287 +
1 1358832 1382377 + 506 6948 29391 -
1 6807748 6854845 + 174 39332 87312 +
1 6855157 6888204 + 174 6104 38506 +
1 6889135 6893022 + 174 2103 5869 -
1 9553567 9557690 + 315 86779 92610 +
1 9560569 9647031 + 315 3257 86600 -
1 7978095 7986999 + 341 51065 59784 +
1 7989263 8010530 + 341 3785 24774 +
1 786300 788335 + 2286 4836 6508 -
1 790282 792974 + 273 390 2642 -
1 801372 812521 + 272 69507 79780 -
1 823876 830827 + 272 56256 62776 +
1 831176 833241 + 272 51921 53974 +
1 833515 842107 + 272 43221 51802 +
1 842253 849688 + 272 34875 42316 +
1 853897 926755 + 272 13262 33449 -
1 816115 818751 + 432 27154 29861 -
1 1880888 1908187 + 409 4082 31313 +
1 821700 823658 + 670 177 2283 -
1 3008417 3012344 + 417 87 4071 -
1 9031452 9039685 + 59 15577 23366 -
1 9041895 9055821 + 59 747 13959 +
1 9080990 9095411 + 59 27044 40334 +
1 947113 962263 + 101 40903 55648 -
1 962805 987447 + 101 15407 39676 +
1 988884 1002306 + 101 1343 14865 +
1 934687 939349 + 501 191 4958 +
1 8714473 8741053 + 501 34680 53799 +
1 8747501 8761184 + 501 13536 27449 -
1 1011038 1012373 + 340 587 1831 +
1 1648557 1650161 + 1699 89 1687 +
1 6550653 6563080 + 495 4945 16917 +
1 6564673 6572071 + 495 18797 26290 -
1 6682332 6688664 + 2 1071 7365 -
1 7488435 7491188 + 526 172 3138 +
1 7255145 7258678 + 54 2245 5756 +
1 7265908 7290519 + 54 12300 37482 -
1 7294397 7301232 + 54 40917 47735 +
1 7303566 7316269 + 54 58074 69676 -
1 7317309 7329943 + 54 74544 84571 +
1 7330655 7338598 + 54 48738 56169 +
1 7340588 7341752 + 54 71371 72466 -
1 7343314 7358552 + 54 85350 99567 -
1 7359801 7369755 + 54 101259 110983 +
1 7374619 7383117 + 54 113446 121186 -
1 9279341 9340107 + 537 5362 15337 +
1 7493632 7503144 + 97 33298 38113 +
1 7505319 7521136 + 97 14532 26295 -
1 7533490 7546808 + 97 1270 14174 +
1 2108311 2129858 + 364 64727 85138 +
1 2137430 2151407 + 364 47703 61138 +
1 2151422 2188545 + 364 9626 47314 +
1 2191209 2192866 + 364 4822 6345 -
1 1238575 1277498 + 25 585 37984 -
1 2194772 2197966 + 129 24506 27306 +
1 2199423 2203151 + 129 4520 8587 +
1 1383993 1387617 + 483 4847 8156 -
1 1393644 1413605 + 483 10576 29671 -
1 1433929 1435452 + 483 8482 9528 +
1 1389536 1393471 + 484 969 4122 -
1 8294824 8315019 + 242 2441 22407 +
1 8330414 8356235 + 242 22592 47514 -
1 8356414 8361733 + 242 47907 53255 +
1 8362652 8393492 + 242 53472 84882 -
1 8393510 8411525 + 242 86595 103934 -
1 8412739 8429619 + 242 104445 127929 +
1 1416300 1433687 + 490 10126 27001 +
1 1439411 1446587 + 490 27780 34788 -
1 1447421 1453343 + 490 35764 41625 -
1 1453589 1462168 + 490 42013 50774 +
1 6893283 6903903 + 345 32869 38524 +
1 6906915 6928841 + 345 3472 24529 -
1 3732881 3734680 + 319 655 2460 +
1 1502734 1521385 + 275 3209 20777 -
1 1522148 1529324 + 275 21731 28950 +
1 2223669 2245827 + 184 103847 125180 +
1 2247997 2265307 + 184 89950 103053 +
1 2265986 2273043 + 184 82393 88719 +
1 2344717 2360890 + 184 65435 81389 -
1 2360924 2365958 + 184 61585 65415 +
1 2368394 2372900 + 184 52160 55741 +
1 2374742 2443118 + 184 2186 51353 -
1 9056560 9064476 + 465 21586 28465 -
1 9064512 9077229 + 465 4660 16626 +
1 6061484 6133917 + 173 138444 215075 +
1 6135894 6165347 + 173 105886 134797 +
1 6169095 6180424 + 173 94022 104538 -
1 8185897 8270233 + 173 39311 88084 -
1 8271274 8294536 + 173 2334 11607 +
1 1857647 1861867 + 40 1396 5492 +
1 9557846 9559808 + 316 87 2266 +
1 3162762 3170072 + 227 148251 155324 -
1 3170542 3209123 + 227 3946 42556 +
1 3209510 3224557 + 227 43184 58042 -
1 3225330 3316870 + 227 58575 146559 +
1 1869233 1876215 + 466 5168 12097 +
1 1876220 1880772 + 467 81 4651 +
1 1908319 1911954 + 410 50 3549 +
1 3671924 3732117 + 318 4121 22682 +
1 9227434 9232323 + 287 29531 34446 -
1 9234187 9242611 + 287 19061 28003 +
1 9246772 9259243 + 287 2869 15468 -
1 5606848 5607993 + 1329 970 2073 +
1 1998708 2000542 + 868 32 2035 -
1 2001020 2002867 + 866 500 1905 -
1 2003246 2009273 + 2917 70 6120 -
1 2009979 2012486 + 2799 4844 7343 -
1 2212513 2213944 + 1501 18 1449 -
1 5611550 5632528 + 239 171871 194449 +
1 5635301 5662014 + 239 144146 170608 +
1 5662711 5673948 + 239 129957 143897 -
1 5676280 5702058 + 239 98724 124090 +
1 5704385 5778751 + 239 63254 98721 -
1 5781198 5784286 + 239 58096 61182 +
1 5785238 5844294 + 239 3003 56957 -
1 2447775 2466492 + 282 59757 78231 -
1 2469462 2472727 + 282 54835 57516 +
1 2474602 2480604 + 282 48314 54314 -
1 2481804 2495103 + 282 34707 47927 +
1 2496433 2498624 + 282 29941 32183 -
1 2498948 2525815 + 282 3018 29673 +
1 2472794 2474334 + 2892 536 1583 +
1 2542714 2543897 + 229 74 1242 +
1 2866000 2869603 + 10 116451 120103 -
1 2870068 2872511 + 10 125459 127784 +
1 2872556 2881353 + 10 128644 137343 -
1 2887657 2890302 + 10 120264 122853 +
1 2895608 2985080 + 10 22531 115472 -
1 2986311 3000080 + 10 7510 21121 +
1 3001050 3002754 + 10 5473 7174 +
1 3003227 3008057 + 10 396 4792 -
1 4095910 4155694 + 313 3123 59843 -
1 4155825 4209962 + 313 61050 84981 +
1 4212746 4227640 + 313 85812 98628 -
1 3061222 3102687 + 377 54401 89728 -
1 3106020 3116806 + 377 41571 52615 +
1 3117116 3119130 + 377 37995 39942 -
1 3122313 3141566 + 377 17036 35740 +
1 3142922 3154132 + 377 3876 14969 -
1 3322759 3340561 + 369 50978 67646 -
1 3340684 3348828 + 369 21159 29095 +
1 5151746 5170572 + 369 29963 48250 +
1 5171424 5185670 + 369 4507 19452 -
1 3349733 3353096 + 402 183 3565 -
1 3457419 3461992 + 592 499 5025 +
1 3500259 3504308 + 1972 4898 8968 -
1 3989445 4003457 + 543 5481 19223 -
1 4006109 4043127 + 154 1721 7093 -
1 4210635 4212314 + 314 555 2208 -
1 4231308 4250662 + 182 24421 41500 -
1 4252438 4274596 + 182 2121 22891 +
1 9259404 9264829 + 552 84 5426 +
1 9176599 9181763 + 546 395 5380 +
1 4823172 4825154 + 1266 297 2203 +
1 5873312 5877919 + 297 2971 7369 +
1 5879667 5885699 + 297 8915 14761 -
1 5886073 5894973 + 297 15111 23908 -
1 5896506 6025042 + 297 27721 108876 +
1 6027847 6052704 + 297 109982 133880 -
1 6052930 6058271 + 297 134174 139403 +
1 5416285 5603027 + 78 1321 156513 -
1 5062234 5064328 + 2456 106 2047 -
1 5066334 5068318 + 2454 4731 6690 -
1 9111443 9113435 + 570 145 2209 +
1 9356262 9366247 + 218 4198 13072 -
1 9379736 9388004 + 218 13767 22664 +
1 9388655 9399323 + 218 23161 38458 -
1 9413192 9421444 + 218 69721 77426 -
1 9345128 9354911 + 119 1182 10270 +
1 9371667 9378470 + 119 11463 17853 -
1 5369543 5414682 + 521 5254 45495 +
1 5609696 5610853 + 1332 581 1739 +
1 5633001 5634555 + 240 316 1762 +
1 7211969 7244006 + 39 1463 32328 +
1 8823253 8828092 + 511 16 4461 -
1 5849217 5851561 + 383 6945 9272 -
1 5853318 5867434 + 202 3281 16253 +
1 8113020 8132570 + 202 20462 40427 +
1 8450812 8470885 + 202 47121 66734 -
1 8471042 8475422 + 202 42539 46960 +
1 8476132 8477197 + 202 40809 41863 -
1 5869374 5870708 + 648 514 2042 +
1 5871032 5872233 + 649 303 1509 +
1 6058417 6060408 + 298 723 2425 +
1 6689698 6714431 + 75 1539 26310 -
1 8770425 8798248 + 75 31473 58348 +
1 8799269 8822547 + 75 58749 83291 -
1 7436969 7438038 + 1146 1532 2575 -
1 6573312 6577935 + 496 288 4783 +
1 6715295 6717006 + 1687 12962 14662 -
1 9767339 9769791 + 1687 8466 11612 -
1 6719989 6722656 + 1312 50 2302 +
1 6723283 6724305 + 1314 140 1188 +
1 6724356 6727186 + 1315 235 3184 +
1 7102980 7119304 + 360 105961 122291 -
1 7122037 7132990 + 360 82139 92004 +
1 7133089 7178035 + 360 35250 78483 +
1 7181044 7211934 + 360 3657 34899 -
1 7100667 7102749 + 361 13 2173 -
1 8435070 8438057 + 361 3605 6621 -
1 7244315 7249769 + 307 3241 9718 +
1 7251411 7253679 + 308 834 2887 +
1 7261387 7262399 + 802 575 1851 -
1 7371506 7373491 + 475 4824 6794 -
1 7386023 7392783 + 475 11753 17813 +
1 7393037 7403238 + 475 17941 28167 -
1 7407682 7433257 + 475 28614 50063 -
1 7521405 7523007 + 135 48075 49740 +
1 7547133 7554094 + 135 41431 47851 -
1 7523267 7527460 + 528 5305 8912 +
1 7527740 7532482 + 529 97 4734 +
1 7627191 7644601 + 137 81322 98170 -
1 7647270 7655104 + 137 100182 107743 +
1 7656225 7658024 + 137 79025 80818 -
1 7658449 7688299 + 137 49597 78899 +
1 7690332 7738737 + 137 2978 47161 -
1 7987199 7988618 + 342 1697 3147 +
1 8012654 8014735 + 245 146 2126 -
1 8014771 8017946 + 244 106471 109680 -
1 8019727 8057199 + 244 68321 104673 +
1 8058715 8063293 + 244 63351 68020 +
1 8063429 8076613 + 244 45657 58960 +
1 8082741 8101998 + 244 26279 45347 -
1 8102177 8103564 + 244 2785 4338 +
1 8080676 8082552 + 789 734 2445 +
1 8181913 8183164 + 280 850 2083 +
1 8317181 8320423 + 2260 411 3041 -
1 8326152 8327281 + 2251 30 1158 -
1 8328433 8330105 + 2249 1641 3275 -
1 8432563 8433984 + 362 1404 2853 -
1 8443654 8446372 + 309 3500 6100 +
1 8446817 8449063 + 310 382 2587 +
1 8616290 8621536 + 580 62 5143 -
1 9015139 9030421 + 84 963 14753 -
1 9105484 9111427 + 569 6588 12146 +
1 9118667 9120484 + 2838 1257 2954 -
1 9123806 9141261 + 477 4990 20948 -
1 9144130 9147404 + 477 21049 23111 +
1 9148042 9149832 + 478 242 1791 +
1 9149866 9151128 + 478 3419 4691 -
1 9200231 9207320 + 266 19757 26497 +
1 9209536 9224071 + 266 4603 18501 -
1 9270607 9272577 + 885 137 1523 -
1 9426409 9431106 + 326 5658 9904 +
1 9431133 9433841 + 327 424 3091 +
1 9435528 9457905 + 588 7107 28679 +
1 9694705 9704764 + 206 15844 22670 +
1 9759881 9767055 + 206 2153 12488 -
2 10777 18161 + 131 8190 12539 +
2 38004 41225 + 131 1740 4383 +
2 41844 44780 + 131 4970 7710 -
2 47387 49300 + 131 14139 16043 -
2 21028 32999 + 372 4203 14832 -
2 57477 67708 + 504 9590 19608 +
2 70416 71539 + 504 8078 9100 -
2 254449 259069 + 251 2634 5768 +
2 76414 77586 + 1834 838 1924 +
2 77939 81060 + 312 397 3073 -
2 3723568 3725095 + 181 86 1558 -
2 81261 86171 + 311 3204 7491 -
2 86979 89189 + 281 117 2164 -
2 3488286 3525342 + 286 22380 49970 +
2 3548867 3551910 + 286 7476 10349 -
2 94727 95876 + 451 2316 3460 +
2 424965 443670 + 452 6195 23334 -
2 97961 105068 + 450 5056 11245 -
2 2580943 2584882 + 171 1885 5892 -
2 2585927 2588517 + 171 8331 10857 +
2 2590935 2596486 + 171 11992 17050 -
2 2598232 2603214 + 171 17420 23076 -
2 2606197 2640503 + 171 24692 58865 -
2 587967 591880 + 264 2987 6715 +
2 597514 599664 + 264 26047 27830 +
2 600427 612981 + 264 10103 19967 +
2 616143 619075 + 264 20592 23325 -
2 619660 648676 + 264 28445 54338 +
2 673194 680776 + 264 75200 82709 +
2 691258 694330 + 264 65875 69016 +
2 147669 160304 + 258 23652 32360 +
2 228192 238279 + 258 14001 23437 -
2 238342 247629 + 258 32528 41133 +
2 172640 173980 + 170 1945 3236 -
2 175094 200970 + 597 6428 28921 +
2 205720 207137 + 598 3742 5090 +
2 4457129 4465652 + 161 3250 11593 -
2 208860 222155 + 519 5938 18807 +
2 1514890 1534640 + 289 3029 21243 -
2 1535012 1538452 + 289 25244 28496 -
2 1552310 1565483 + 289 28688 40593 -
2 1568739 1591078 + 289 41694 63216 -
2 549103 552070 + 393 205 3210 -
2 1896293 1917369 + 393 88394 107197 -
2 223509 227777 + 520 443 5052 +
2 2495866 2511836 + 64 93232 108961 -
2 2716157 2718298 + 1418 40 2119 -
2 1458847 1462329 + 555 453 3947 +
2 542574 544142 + 1095 140 1632 -
2 263276 265116 + 903 1257 2801 +
2 4225430 4236788 + 585 5893 17194 +
2 4239198 4266859 + 585 26853 32977 -
2 4272908 4274953 + 585 42362 44391 -
2 265483 267007 + 904 125 1692 +
2 4190141 4193338 + 108 18163 21193 +
2 4196614 4200929 + 108 11306 15508 -
2 4201026 4212276 + 108 1275 8795 +
2 270539 272512 + 18 616 2490 +
2 272657 280697 + 18 16173 23564 -
2 284725 290201 + 96 55616 60740 +
2 292204 308290 + 96 37017 52295 +
2 315504 332678 + 96 10610 26907 -
2 2394792 2397351 + 379 1104 3664 -
2 2576111 2578988 + 379 45704 48466 -
2 346532 362616 + 2 267490 282732 +
2 368432 381044 + 2 283557 293914 -
2 397565 404147 + 2 302572 305670 +
2 406380 416160 + 2 306050 315169 -
2 416197 418199 + 2 318780 320904 +
2 1407677 1410093 + 437 40600 43006 +
2 1414924 1453661 + 437 4362 35422 +
2 3066792 3069166 + 437 1696 4134 +
2 1843885 1851248 + 465 28534 35698 +
2 1865466 1870857 + 465 44867 50703 -
2 3098994 3150897 + 14 126977 176409 -
2 3152869 3165187 + 14 114940 125835 +
2 3170726 3204899 + 14 77263 109987 -
2 3204997 3207959 + 14 73918 76958 +
2 3208524 3216734 + 14 50394 57807 +
2 3218457 3227885 + 14 40177 49549 +
2 3228385 3242178 + 14 25865 38889 -
2 4338036 4342266 + 600 1781 5976 -
2 2512922 2541886 + 90 893 29615 -
2 2589427 2590760 + 1007 925 2277 -
2 422079 424836 + 453 307 3030 -
2 445877 457729 + 540 22746 32986 +
2 462483 479444 + 540 5547 19137 +
2 457780 461989 + 541 696 5134 +
2 3028743 3030229 + 231 630 2155 -
2 708972 720826 + 211 21036 32118 +
2 770357 773197 + 211 32531 35183 +
2 778226 789959 + 211 39567 49223 +
2 795780 809918 + 211 57113 70911 -
2 819515 826404 + 211 71196 77471 -
2 826688 842930 + 211 89573 105841 +
2 845796 869635 + 211 110225 133805 -
2 480002 508005 + 6 837 21488 -
2 508941 526554 + 6 23363 38660 -
2 4387538 4404584 + 105 72098 88789 +
2 4405479 4454146 + 105 17226 71310 -
2 4454761 4456855 + 105 4658 6695 -
2 529413 538593 + 392 8358 17648 +
2 545654 547606 + 392 18196 20172 +
2 552483 555956 + 392 21229 24786 -
2 728601 748548 + 337 7169 27377 -
2 2901948 2926587 + 230 3914 9799 -
2 2933572 2936882 + 230 14263 17602 +
2 2938523 2961057 + 230 19598 41715 -
2 2961934 2967614 + 230 42800 47926 -
2 2969796 3028090 + 230 50690 109268 +
2 3030914 3041016 + 230 111177 125895 -
2 1841982 1843746 + 508 5166 6915 -
2 578626 582856 + 571 5977 9552 -
2 2796609 2817772 + 341 25416 46894 -
2 3878368 3880206 + 315 305 2164 -
2 3264316 3268652 + 50 492 4787 +
2 3268691 3356448 + 50 4931 70764 -
2 3357878 3364851 + 50 72185 79166 +
2 3364881 3403566 + 50 79474 95921 -
2 3403900 3439133 + 50 96051 129246 +
2 3439709 3467977 + 50 129553 157245 -
2 4181542 4188683 + 125 4707 12202 +
2 4214282 4223773 + 125 15407 44066 +
2 656747 669598 + 47 24817 35911 -
2 669645 672472 + 47 14913 17597 -
2 4279506 4288804 + 47 41158 50148 +
2 4291487 4294399 + 47 20495 23389 -
2 4300721 4308169 + 47 2555 8071 -
2 696098 697648 + 1433 768 2336 -
2 725182 727977 + 338 176 2664 -
2 751397 752534 + 488 2250 3398 +
2 756717 763692 + 487 5906 12588 -
2 774901 776566 + 319 3683 5396 +
2 1882949 1884300 + 173 20524 21884 +
2 842944 844143 + 212 868 2089 -
2 883838 885384 + 926 3270 4789 -
2 887154 907503 + 375 4256 24397 +
2 909268 963460 + 291 3597 57060 +
2 965102 970697 + 291 57908 63405 -
2 1384961 1391729 + 456 76707 83095 +
2 1391877 1402708 + 456 4707 15700 +
2 971463 983051 + 60 30677 41585 +
2 983786 985763 + 60 43978 45931 -
2 1011387 1022981 + 60 60255 67228 +
2 1023150 1037484 + 60 45955 59992 -
2 1037539 1092787 + 60 87928 131554 +
2 1366431 1379426 + 285 9934 23496 +
2 1379496 1380536 + 285 2862 3920 -
2 1410097 1414804 + 438 47 4318 +
2 2211157 2212192 + 269 41 1216 -
2 3777619 3780825 + 92 45793 49022 -
2 3781187 3790721 + 92 35786 44969 +
2 3806310 3821848 + 92 5119 19270 +
2 3834172 3840428 + 92 22317 35202 +
2 4037930 4039324 + 92 50082 51420 +
2 1454463 1458793 + 554 5806 9732 +
2 1468809 1490903 + 115 16791 40803 +
2 1496464 1508157 + 115 1640 13317 -
2 1508880 1512920 + 115 42405 46928 +
2 2441252 2478130 + 270 2692 38732 -
2 1591689 1595963 + 406 209 4041 -
2 1597355 1619115 + 72 19932 42451 -
2 1622021 1644027 + 72 1858 19235 +
2 1645658 1670762 + 68 1985 26538 +
2 1672400 1682138 + 68 28260 37860 -
2 1689299 1793297 + 68 39012 127635 +
2 1800222 1813831 + 308 3375 16225 +
2 2834681 2877867 + 55 16549 54861 -
2 2882550 2897484 + 55 58787 73225 +
2 1815653 1817153 + 309 705 2161 +
2 1818369 1831655 + 500 5990 18972 +
2 1837596 1841937 + 509 114 4421 -
2 1860763 1864546 + 466 553 4023 -
2 1876408 1880708 + 222 2389 6404 -
2 3769229 3770429 + 176 514 1741 +
2 1921952 1946494 + 149 4310 28729 +
2 1947074 1955935 + 149 40901 50071 -
2 1956708 1958855 + 149 37918 40025 +
2 1959110 1967597 + 149 29217 37505 -
2 1967986 2035360 + 149 50581 104123 +
2 2037616 2043416 + 149 106252 111627 -
2 1917757 1919420 + 913 43 1553 +
2 2248291 2339006 + 378 4153 91692 +
2 2340720 2358989 + 378 91960 110124 -
2 2359054 2364553 + 378 111026 116544 -
2 2364555 2394529 + 378 116747 146313 +
2 2398469 2438732 + 378 146347 184841 -
2 2045394 2065869 + 268 4055 22991 +
2 2066133 2074361 + 268 23512 31330 -
2 2076274 2078060 + 268 33012 34806 +
2 2080382 2095608 + 268 36080 51375 -
2 2112247 2180157 + 268 68882 78675 +
2 2181266 2205968 + 268 79664 104053 -
2 2212567 2245816 + 268 106341 136453 -
2 2438753 2441227 + 271 64 2544 -
2 2546930 2563515 + 582 5832 21550 -
2 2567517 2575953 + 582 21790 30106 -
2 2564324 2567454 + 583 1705 4994 -
2 2643539 2714949 + 1 408 71479 -
2 2721919 2724911 + 317 121 2953 -
2 2725017 2732649 + 316 67786 75422 -
2 2732761 2765782 + 316 35006 67688 +
2 2780516 2783576 + 316 18149 21174 +
2 2783844 2790950 + 316 10728 17723 +
2 2791339 2795408 + 316 6255 10396 -
2 4067672 4083171 + 152 12460 27754 +
2 4086707 4150695 + 152 41516 70712 -
2 3044208 3064228 + 436 5427 25877 +
2 3069527 3073072 + 441 754 4255 -
2 3073500 3083233 + 440 19262 28112 -
2 3085062 3098333 + 440 5399 18211 +
2 3553448 3575157 + 113 2224 20131 +
2 4045050 4050934 + 113 46985 56648 -
2 4053837 4063657 + 113 31327 40676 +
2 3243040 3259112 + 492 45403 58787 +
2 3259220 3261805 + 493 15 2620 +
2 3588438 3591520 + 180 5669 8551 +
2 3595912 3597489 + 180 2584 4134 -
2 3599198 3723277 + 180 8913 22308 -
2 3725203 3731410 + 180 24317 29805 -
2 3467996 3469406 + 1748 340 1765 -
2 3478944 3480587 + 1684 939 2603 +
2 3482115 3484395 + 1687 82 2351 +
2 3525436 3528395 + 287 50 2829 +
2 3581643 3584527 + 565 809 4240 -
2 3584885 3586878 + 564 8604 10481 -
2 3592750 3594217 + 564 5635 7201 +
2 3740115 3752014 + 58 22231 31371 -
2 3755289 3762919 + 58 9698 16403 +
2 3800162 3802417 + 58 6921 8826 -
2 3766650 3769014 + 175 54313 56635 +
2 3770714 3777305 + 175 47475 53972 -
2 3988209 4036556 + 175 1768 46020 +
2 3842253 3844739 + 153 29004 31447 -
2 3844903 3868085 + 153 6610 28058 +
2 3872760 3877055 + 442 4520 8925 -
2 3881049 3946734 + 314 5151 22108 -
2 3951406 3952606 + 443 7 1207 +
2 3956866 3958240 + 196 2408 3790 +
2 3959133 3979007 + 196 4439 24226 -
2 3979575 3986836 + 196 25030 31735 +
2 4173755 4174832 + 1546 2480 3503 +
2 4327564 4337987 + 599 5983 15452 -
2 4342488 4367519 + 391 4145 14182 -
2 4371184 4385950 + 391 15118 29350 -
3 9372 15004 + 198 2329 7881 +
3 15021 16897 + 199 220 1971 +
3 17030 27373 + 412 52941 62617 +
3 32886 53029 + 412 33327 51771 +
3 53337 95288 + 412 4112 31364 -
3 1129696 1136725 + 547 5761 12983 -
3 1138818 1149965 + 547 13237 24030 -
3 2349912 2364397 + 306 188696 202622 -
3 2364757 2366556 + 306 203240 205042 +
3 2369880 2382234 + 306 175233 187474 +
3 2384578 2403322 + 306 156669 174676 +
3 2407074 2504023 + 306 81453 154188 -
3 2505196 2555920 + 306 32108 81061 +
3 2563728 2577677 + 306 9917 23186 +
3 2578870 2584746 + 306 3055 8430 -
3 4453427 4454682 + 163 46 1316 -
3 2584946 2599709 + 14 4633 25595 -
3 1380944 1384471 + 238 105400 109000 +
3 1390368 1400928 + 238 73638 84287 +
3 1155230 1179452 + 3 606 23560 -
3 2703015 2742838 + 3 24500 63105 +
3 5215829 5217799 + 120 10487 12482 +
3 5220266 5223454 + 120 1255 6802 +
3 3442296 3482152 + 76 791 38728 +
3 3482191 3504271 + 76 39344 60797 -
3 3506037 3525849 + 76 62183 77241 +
3 3526029 3578101 + 76 77411 121598 -
3 3578985 3595750 + 76 124079 140196 -
3 3603161 3610032 + 76 140523 147157 -
3 3610735 3615798 + 76 148021 153051 +
3 3617602 3683436 + 76 153652 217328 -
3 1073799 1129320 + 303 22885 77172 +
3 96915 102826 + 221 2202 8152 -
3 104248 108724 + 221 18339 22520 +
3 109925 117946 + 221 9741 17447 -
3 27602 28875 + 413 359 1644 +
3 1285853 1289709 + 512 182 3932 +
3 3334120 3338674 + 538 43299 47641 +
3 3340960 3370543 + 538 13839 43143 +
3 3371676 3374769 + 538 6766 9746 -
3 245840 259338 + 544 5921 17491 +
3 3209542 3216658 + 118 306558 313048 -
3 3004481 3047059 + 235 2343 53077 +
3 3049230 3054389 + 235 53271 58224 -
3 4469716 4476548 + 31 1030 6100 +
3 4480829 4487858 + 31 7764 14537 -
3 4489984 4527705 + 31 20476 62120 -
3 2623795 2697319 + 400 4503 76461 +
3 2746267 2756059 + 168 140767 150441 +
3 2759861 2789956 + 168 91757 120101 +
3 2792799 2794744 + 168 122656 124522 -
3 2795550 2808845 + 168 78049 90797 +
3 2809004 2842017 + 168 55541 75255 +
3 2842581 2847394 + 168 49897 54539 -
3 2848837 2857338 + 168 41439 49483 +
3 2857507 2877753 + 168 18052 39236 -
3 2877790 2880019 + 168 15620 17860 +
3 2880112 2904224 + 168 1733 15240 +
3 4200420 4207459 + 168 124914 133382 +
3 966003 974078 + 93 83970 92314 -
3 119086 121639 + 126 16171 18856 +
3 123128 126179 + 126 11537 14064 -
3 127652 132067 + 126 2452 6866 +
3 147951 151211 + 126 7852 10993 +
3 1384472 1390183 + 239 259 2210 +
3 3217110 3301622 + 67 951 82210 +
3 3303889 3317279 + 67 83443 96584 -
3 3318226 3330859 + 67 102231 113815 +
3 3395365 3440872 + 67 115329 158024 -
3 4716051 4718921 + 358 1026 3377 +
3 3174519 3176790 + 345 213 2529 -
3 140737 142021 + 2112 2172 3486 -
3 1902326 1984444 + 15 132662 209929 -
3 1986958 2006475 + 15 92307 111157 +
3 2009417 2017684 + 15 123189 131119 +
3 2018247 2042604 + 15 67999 91037 -
3 2043888 2056599 + 15 54611 66272 +
3 2057611 2064122 + 15 47367 53719 -
3 2064804 2095651 + 15 16801 46596 +
3 2096164 2102611 + 15 9546 16000 +
3 2103781 2112047 + 15 214 9063 -
3 5029117 5030925 + 425 1487 3317 -
3 3751003 3752603 + 294 1293 2921 +
3 2112293 2128915 + 581 37686 53933 +
3 2134456 2161661 + 581 6610 34735 -
3 1231520 1249447 + 393 13516 30911 +
3 172390 173678 + 2319 594 1864 +
3 174515 180157 + 550 6076 11902 -
3 207855 217684 + 550 13526 22048 -
3 189676 191391 + 110 6502 8248 +
3 194081 197167 + 110 1097 4201 +
3 2905483 2919398 + 107 7997 21523 -
3 201651 206505 + 551 310 5257 -
3 3852396 3868199 + 218 52475 67784 -
3 3870282 3874839 + 218 79507 83763 +
3 3875107 3884847 + 218 84535 94555 -
3 3885799 3889822 + 218 102964 107084 -
3 219454 220521 + 473 3165 4301 -
3 221411 222636 + 868 2071 3293 +
3 225514 230883 + 472 6802 11754 +
3 241915 244669 + 2067 177 2799 +
3 277229 278895 + 507 9468 11168 +
3 279026 282842 + 507 11576 15051 -
3 283041 340287 + 507 15488 39466 +
3 4939352 4963703 + 21 66785 91445 +
3 3722130 3723609 + 295 1150 2675 +
3 4880819 4886301 + 295 7670 12759 +
3 384305 387681 + 263 17563 20907 -
3 405673 422772 + 263 59078 73974 -
3 1355624 1361839 + 243 5825 14511 -
3 459324 467761 + 332 8324 16175 +
3 472741 492811 + 332 18755 25743 -
3 470595 472310 + 333 290 1857 -
3 4004476 4137268 + 333 77113 182489 -
3 4137714 4150082 + 333 65240 76660 +
3 4152594 4186886 + 333 31506 64696 -
3 4187159 4200017 + 333 18778 31190 +
3 4211913 4227961 + 333 3526 18627 -
3 494433 500560 + 43 602 6117 -
3 505143 507748 + 43 13351 16057 -
3 509604 511314 + 43 19455 21287 +
3 2699154 2702821 + 401 927 3758 +
3 514045 516972 + 416 763 3497 -
3 520323 527717 + 415 6836 13988 +
3 4306065 4349666 + 44 2590 46468 +
3 4350217 4358136 + 44 47011 54347 -
3 4358623 4380586 + 44 54603 75842 -
3 4382551 4386778 + 44 76412 80600 -
3 4390654 4407340 + 44 81675 96580 -
3 4407860 4409783 + 44 99485 101357 -
3 535282 536858 + 820 624 2296 +
3 540603 546330 + 336 16991 22495 +
3 1150014 1153391 + 548 1433 5461 -
3 551641 555979 + 304 3271 8601 -
3 4539141 4545566 + 467 13146 19196 -
3 4546283 4572282 + 467 21623 46847 +
3 4597998 4606549 + 467 5458 11433 -
3 560604 562857 + 1984 493 2472 -
3 976893 983437 + 64 137790 143777 +
3 984168 990136 + 64 130921 136694 -
3 991167 1007765 + 64 114385 130520 +
3 1021232 1026842 + 64 54085 59721 +
3 575854 580741 + 123 1414 5587 -
3 581858 682971 + 123 7166 103198 +
3 4228387 4232684 + 248 119103 122748 +
3 1012340 1014795 + 1252 2658 5127 -
3 3601908 3602988 + 923 1031 2087 +
3 1028414 1035552 + 212 18504 25311 +
3 1038420 1072849 + 212 2307 18389 -
3 4409863 4423152 + 213 2437 14055 -
3 4424129 4451188 + 213 14777 39276 +
3 1180471 1188213 + 11 350 8108 -
3 1188980 1193188 + 11 10506 14241 -
3 1195744 1213921 + 11 15088 31230 -
3 1214046 1217244 + 11 33705 36791 -
3 1218372 1226834 + 11 36933 45418 -
3 1227112 1230528 + 11 47297 50313 -
3 1250485 1285521 + 511 22192 35135 +
3 1292331 1304050 + 511 11520 21215 +
3 1304197 1310470 + 511 5206 11258 +
3 1312025 1317089 + 273 19117 24736 -
3 1318182 1319496 + 273 28721 29906 +
3 1323597 1336165 + 273 5356 17671 -
3 1319510 1321781 + 274 13 2312 +
3 1362884 1364503 + 2218 191 1531 -
3 1371639 1379695 + 562 5884 12624 +
3 1403949 1415203 + 63 40120 51303 +
3 1415817 1427445 + 63 24588 35773 +
3 1431442 1455931 + 63 622 24002 -
3 1456390 1513805 + 63 54108 108408 +
3 1526849 1561602 + 63 121313 157885 -
3 1562117 1610766 + 63 157983 204091 +
3 1613849 1617980 + 145 1922 5994 -
3 1620211 1621420 + 1574 599 1668 +
3 1626929 1632501 + 338 4506 9976 -
3 1633661 1675838 + 338 10355 48123 +
3 1680156 1697078 + 338 53107 68829 -
3 1698657 1701698 + 339 240 3336 +
3 1701861 1750969 + 456 135743 137101 +
3 1758230 1771322 + 456 122627 134653 -
3 1771960 1789042 + 456 105864 122280 +
3 1789294 1798266 + 456 96646 105394 -
3 1798343 1813152 + 456 83257 96227 +
3 1813706 1876979 + 456 17877 76109 +
3 1750972 1755594 + 457 17 4551 +
3 1877333 1893022 + 232 2666 17474 +
3 1893247 1895734 + 233 114 2311 +
3 1899841 1901303 + 768 240 1402 -
3 4913687 4915166 + 431 8717 10190 +
3 2128974 2134352 + 582 508 5795 +
3 2166051 2167841 + 180 2 1772 -
3 2168894 2177123 + 179 52646 60487 -
3 2177943 2278246 + 179 2355 49750 +
3 2278915 2280401 + 210 322 1683 -
3 2280757 2283351 + 209 60265 62499 -
3 2284758 2309482 + 209 40590 56736 +
3 2312172 2348875 + 209 2408 37898 -
3 2366623 2369660 + 307 98 2992 +
3 4621035 4626064 + 340 4108 9310 -
3 4628006 4635054 + 340 10633 18201 +
3 4638464 4639688 + 340 21795 23221 -
3 2403896 2406733 + 2601 3613 6168 +
3 2605619 2615096 + 394 4081 13366 +
3 2615443 2618789 + 395 261 3641 +
3 2619262 2621404 + 1123 19 2066 -
3 2924227 2954406 + 150 25434 55304 -
3 2962580 2986828 + 150 1578 16841 +
3 2990041 3002922 + 150 55643 68433 +
3 5098507 5103380 + 567 790 4957 -
3 3055993 3117180 + 344 5401 64172 +
3 3117348 3158819 + 344 65565 111473 -
3 3161879 3173373 + 344 113107 123650 +
3 3176811 3208120 + 344 124147 156303 -
3 3331049 3332358 + 539 3008 4328 +
3 3339052 3340683 + 539 783 2411 +
3 3377625 3389215 + 396 4225 15136 +
3 3389346 3393151 + 397 127 3275 +
3 5035721 5059248 + 424 5026 20766 -
3 3687045 3689381 + 2156 485 2219 +
3 3690471 3691540 + 2711 1000 2130 -
3 3691602 3692738 + 2495 2977 4050 +
3 3693317 3695613 + 2498 29 1966 +
3 3697073 3714393 + 285 31241 48378 -
3 3716146 3721872 + 285 23952 29643 +
3 3724475 3727552 + 285 4103 6771 +
3 4454789 4467552 + 162 3286 14456 -
3 3729640 3750983 + 293 43183 64106 +
3 3752794 3793360 + 293 3133 42200 +
3 3793584 3797395 + 407 45 3827 -
3 3797463 3808144 + 406 50950 61732 -
3 3810028 3818463 + 406 38766 47263 +
3 3820132 3821219 + 406 34747 35965 -
3 3822710 3852274 + 406 6270 34641 +
3 3890029 3998580 + 205 2042 109810 +
3 3998907 4000725 + 206 217 1897 +
3 4001344 4004268 + 334 270 2857 -
3 4207693 4209791 + 775 4034 6093 +
3 4232753 4290992 + 33 437 30922 +
3 4291188 4295119 + 33 31228 34996 -
3 4295577 4303565 + 33 35275 41664 +
3 4608026 4615734 + 580 6418 13703 +
3 4665954 4668005 + 197 4937 6851 -
3 4670304 4672582 + 197 2087 4366 +
3 4668065 4669270 + 1857 829 2017 -
3 4689022 4713909 + 357 4080 28792 +
3 4722191 4723672 + 2473 1651 3146 +
3 4858580 4874841 + 496 24229 40903 +
3 4875450 4876490 + 497 336 1912 +
3 4886306 4887479 + 296 212 1373 +
3 4889065 4909806 + 509 5536 24712 +
3 4920728 4922108 + 1933 1125 2522 +
3 4923266 4925160 + 773 720 2623 +
3 4931333 4936321 + 510 476 4829 +
3 5002780 5006915 + 543 410 4347 -
3 5006947 5013190 + 542 10732 16983 -
3 5104887 5109947 + 566 9687 14615 -
3 5111987 5115596 + 94 3410 8655 +
3 5124085 5129211 + 23 1200 6362 +
3 5135614 5146424 + 23 45849 56411 +
3 5147604 5183889 + 23 8333 39278 +
3 5184762 5188473 + 388 83 3792 -
3 5188694 5194875 + 387 3941 10171 -
3 5195153 5198310 + 435 1156 4110 -
3 5199758 5201953 + 434 4334 6530 -
3 5202216 5207071 + 516 750 4594 +
3 5232340 5233494 + 943 143 1257 -
3 5234571 5258224 + 352 3784 22923 +
4 32305 36228 + 322 5987 11026 -
4 47698 63476 + 322 14980 31092 +
4 65295 66932 + 322 36434 38068 -
4 858351 864752 + 322 41874 47931 +
4 872245 874253 + 322 32255 34283 -
4 1561767 1564201 + 140 196555 198875 -
4 1565742 1574347 + 140 180295 190447 -
4 1575404 1595553 + 140 159750 179309 +
4 1596118 1606210 + 140 147820 158057 -
4 1606446 1611363 + 140 97212 102021 +
4 1627452 1660303 + 140 104340 139671 -
4 4853095 4854110 + 143 388 1411 -
4 71094 81743 + 300 16457 26560 +
4 88897 90404 + 300 14366 15621 +
4 90474 100987 + 300 2993 13139 +
4 85936 87725 + 301 556 2323 +
4 4401725 4411903 + 132 1823 11928 +
4 4412119 4440394 + 132 14969 43718 -
4 4444703 4480147 + 132 44619 70132 +
4 4480722 4488365 + 132 70562 75327 -
4 4488624 4523517 + 132 75777 109395 -
4 4523897 4541162 + 132 109977 126176 +
4 4545313 4563758 + 132 130346 147832 -
4 4564078 4590093 + 132 148097 173749 -
4 4660640 4668785 + 132 208333 216432 +
4 4668879 4681257 + 132 217584 229695 -
4 4682655 4729717 + 132 230752 278758 +
4 4731202 4757216 + 132 278782 304005 -
4 101972 105004 + 1994 1049 3201 +
4 107102 157184 + 2 9905 31037 +
4 3783875 3799530 + 2 44762 59329 -
4 3802063 3824686 + 2 60518 85502 +
4 3824723 3879691 + 2 85645 142009 -
4 3880142 3882599 + 2 142609 145279 -
4 3900248 3926304 + 2 161685 184431 -
4 3926369 3928489 + 2 214000 216302 -
4 3933134 3943970 + 2 195770 210023 +
4 3945238 3954862 + 2 185427 194930 -
4 3955733 3968352 + 2 216541 228874 -
4 3968508 3993114 + 2 229961 254163 -
4 3999113 4007734 + 2 258830 265869 -
4 157673 159653 + 432 4786 6776 +
4 160986 173789 + 432 8498 19030 -
4 178418 179976 + 432 31910 33426 +
4 184736 186183 + 433 2706 4099 +
4 188258 199253 + 380 4140 14554 +
4 212143 216027 + 157 7259 10686 -
4 218961 223517 + 157 12666 17161 -
4 4777723 4778798 + 157 134 1218 +
4 232117 242490 + 17 318 9025 -
4 243716 249770 + 17 9662 15708 -
4 258680 274364 + 17 21177 36126 +
4 278385 289254 + 17 37872 48670 -
4 5358862 5383727 + 89 2221 25035 +
4 5385615 5394749 + 89 25510 32150 -
4 5417793 5455766 + 89 55205 89678 +
4 3707739 3716257 + 408 6076 14113 -
4 3717709 3734057 + 408 14255 29245 -
4 3734708 3740520 + 408 29280 34824 +
4 289350 290369 + 2302 1557 2576 -
4 297182 300879 + 1505 10420 13736 +
4 5300271 5307379 + 1505 16547 23539 -
4 303772 304948 + 343 218 1400 -
4 304986 319457 + 342 6044 22608 -
4 5533524 5568338 + 163 2695 35109 -
4 5572229 5575408 + 163 39772 42757 +
4 5577573 5605159 + 163 45565 71455 -
4 5158624 5163471 + 277 6353 11085 +
4 3189037 3196845 + 321 111231 120775 -
4 3513326 3555945 + 321 3445 42958 -
4 3556224 3575766 + 321 44467 62706 +
4 3576672 3582159 + 321 62716 67864 -
4 3582192 3609353 + 321 69473 95526 -
4 3610444 3616989 + 321 96936 104052 +
4 3617625 3620479 + 321 121707 124911 -
4 5910404 5913065 + 321 324 2830 -
4 510093 511460 + 288 3641 5191 +
4 514098 532137 + 288 18620 34552 +
4 537348 541506 + 288 8473 12125 -
4 415737 418687 + 331 725 3116 +
4 5046034 5063224 + 249 7363 23322 +
4 5064120 5070144 + 249 24076 29799 -
4 5082565 5084446 + 249 33435 36009 -
4 5086206 5122745 + 249 44718 88725 +
4 3490572 3491791 + 306 1065 2239 -
4 3492557 3513041 + 93 1379 30083 +
4 4899710 4927458 + 93 55259 81670 -
4 4928581 4942083 + 93 40107 53460 +
4 5787217 5788967 + 93 36655 38497 -
4 419006 422780 + 330 3292 6905 +
4 424839 463217 + 214 2465 22942 -
4 479373 489634 + 214 35861 45480 +
4 498275 502589 + 141 3934 8293 -
4 1383803 1387289 + 1483 7232 10465 +
4 3363724 3364927 + 70 189644 190868 -
4 3369949 3421261 + 70 205860 256301 +
4 3235269 3248583 + 351 3709 16321 -
4 3248915 3256685 + 351 17032 24497 -
4 3256741 3263777 + 351 24827 32064 -
4 3264557 3271867 + 351 32916 40999 -
4 3273090 3292102 + 351 41604 59982 -
4 3294069 3310536 + 351 61257 75110 +
4 3310970 3312885 + 351 75807 78078 -
4 3318108 3362023 + 351 79035 120186 -
4 550757 552639 + 276 47708 49251 -
4 554708 557010 + 276 21650 26655 +
4 560289 580193 + 276 27782 45448 -
4 4892927 4897939 + 600 6306 11325 -
4 557899 559085 + 1581 5487 6527 -
4 607650 628270 + 568 5677 25674 +
4 631799 635759 + 569 1614 5594 +
4 661635 672012 + 133 5298 16095 -
4 675944 686597 + 133 24770 34066 -
4 690825 694592 + 133 16894 20482 -
4 688693 689895 + 211 7232 8440 -
4 698439 717174 + 46 8557 26313 +
4 722906 724215 + 46 6047 7340 -
4 725378 727469 + 46 2394 4284 +
4 736965 742150 + 46 30230 35369 +
4 745189 758113 + 46 39854 50187 -
4 763941 767456 + 46 54992 63314 +
4 767599 809289 + 46 64960 107550 -
4 813363 829188 + 46 108016 122248 +
4 1435820 1440068 + 417 18150 22301 +
4 1441125 1492884 + 417 4162 10901 +
4 1515071 1518565 + 417 47258 50916 +
4 1522652 1524736 + 417 15068 17095 +
4 1526564 1542478 + 417 30579 46328 -
4 1545679 1549782 + 417 26656 30358 +
4 1550723 1553089 + 417 12102 14296 +
4 4396882 4399743 + 429 47655 50439 -
4 5129666 5141641 + 429 8501 20376 +
4 842741 856450 + 111 60690 73800 +
4 4759778 4777314 + 156 76847 89998 +
4 4779401 4789001 + 156 64622 73965 -
4 4789325 4792251 + 156 61372 63967 +
4 4793125 4834772 + 156 18110 60504 -
4 4834818 4849791 + 156 1552 15875 +
4 2801802 2842682 + 555 173091 212346 -
4 2843684 2847836 + 555 164182 167931 +
4 2847936 2874507 + 555 136702 162828 +
4 2874586 2890214 + 555 121057 135711 +
4 2899648 2948195 + 555 61741 111458 -
4 2948592 2974539 + 555 30903 57276 +
4 2978327 2991373 + 555 12698 28724 -
4 865216 867307 + 323 348 2430 +
4 5283433 5285211 + 2346 8075 9773 -
4 1088163 1091797 + 481 166 4791 -
4 1093380 1096461 + 480 13077 17042 -
4 1097831 1102045 + 480 6818 10898 +
4 1103925 1177727 + 362 49897 69860 +
4 1181447 1233739 + 362 4509 49292 -
4 1234871 1237557 + 534 5695 8307 +
4 4137493 4139452 + 534 2326 4224 -
4 1238286 1242460 + 535 636 4815 +
4 3437809 3479221 + 535 5549 45962 +
4 4371719 4392241 + 34 1783 19156 +
4 1243550 1265577 + 33 125219 147407 -
4 1275204 1299646 + 33 102474 124713 -
4 1299814 1301568 + 33 100260 101875 +
4 1302933 1312560 + 33 90651 99958 +
4 1312677 1332616 + 33 69877 89040 +
4 1333895 1361291 + 33 42104 69832 -
4 1267375 1270085 + 74 20049 22381 -
4 4214588 4221951 + 74 1824 8623 +
4 4222779 4225438 + 74 9462 12091 -
4 4226827 4230123 + 74 13422 19703 +
4 1361621 1381698 + 576 6518 25972 -
4 1387349 1388540 + 2518 155 1269 -
4 1389163 1390179 + 2516 319 1386 -
4 1398489 1402124 + 518 1549 5127 +
4 1402255 1414953 + 444 20827 28054 +
4 1421108 1434291 + 444 4697 18514 -
4 1415264 1417341 + 445 168 2140 +
4 5170285 5173547 + 194 19 1870 -
4 4976410 4978087 + 168 136168 137860 -
4 3231953 3233330 + 41 39566 40959 +
4 5609365 5624635 + 41 12917 27684 +
4 5629385 5637983 + 41 30887 39368 -
4 5791659 5793836 + 41 44469 46646 -
4 2542176 2588001 + 42 158435 201022 +
4 2589516 2591384 + 42 155079 156827 -
4 2591834 2607986 + 42 138860 154600 +
4 2623165 2640739 + 42 122604 138300 -
4 2642553 2657121 + 42 106039 120191 +
4 2657883 2668086 + 42 97401 103353 +
4 2670085 2686337 + 42 82041 97294 +
4 2689685 2742404 + 42 52486 81398 -
4 2742433 2779855 + 42 14584 51242 +
4 2781126 2793709 + 42 1966 14383 -
4 1505198 1513408 + 479 7991 15786 +
4 1518863 1522202 + 418 257 3637 +
4 5196268 5205926 + 418 5305 14536 +
4 4107413 4110156 + 603 1091 3779 +
4 1553535 1559317 + 1739 890 6570 -
4 1614294 1625802 + 228 2939 14307 +
4 5458393 5472682 + 21 458 13861 -
4 5479242 5529318 + 21 15284 63046 +
4 1661398 1674892 + 71 11471 26456 -
4 1675583 1679327 + 71 33279 36981 +
4 1679958 1688542 + 71 865 10534 +
4 1691293 1697327 + 599 78 5969 -
4 1704070 1706883 + 504 69 2877 -
4 1707357 1714545 + 503 5339 12634 -
4 1714805 1733197 + 118 1782 19251 -
4 1734588 1740127 + 118 20051 25565 -
4 1741076 1755654 + 118 26902 41399 -
4 1756556 1761361 + 118 42346 46932 -
4 1763074 1983922 + 118 48767 206446 +
4 1998814 2013500 + 118 218874 233853 -
4 2014358 2119392 + 118 234142 305850 +
4 2120592 2268793 + 118 316941 464641 +
4 2269376 2298282 + 118 465742 493562 -
4 2298870 2301894 + 118 494088 497102 -
4 2301991 2322194 + 118 497540 514987 +
4 2322462 2330185 + 118 515514 523545 -
4 2330518 2458086 + 118 524422 605731 +
4 5252933 5255246 + 118 313908 316196 +
4 4966927 4969137 + 2898 1216 3491 -
4 4860113 4868310 + 142 8603 17947 +
4 4871250 4876003 + 142 2304 7035 -
4 4995996 5001665 + 382 21721 27167 +
4 5005227 5016144 + 382 5375 16411 -
4 3200665 3223370 + 19 751 21361 -
4 3224213 3230988 + 19 30528 37392 -
4 4944627 4953356 + 449 51490 59718 +
4 5718282 5720966 + 449 12569 15208 -
4 5751887 5756234 + 449 7716 11618 -
4 5761436 5770548 + 449 16294 24268 +
4 5773147 5780357 + 449 29606 37164 -
4 5781418 5785637 + 449 39754 43970 +
4 2460699 2461822 + 2560 236 1371 +
4 2462767 2463885 + 2562 396 1511 +
4 2463982 2464981 + 2563 445 1448 +
4 2465594 2467775 + 294 66694 68669 -
4 2468073 2504727 + 294 25716 61773 -
4 2505351 2527702 + 294 3178 24644 +
4 4959136 4963237 + 294 62396 66030 +
4 4971903 4974138 + 294 69866 72063 +
4 2795974 2800571 + 556 1272 5434 +
4 3000091 3014507 + 267 3191 17104 +
4 3020452 3022248 + 166 4926 6814 +
4 3031786 3051281 + 166 11226 30586 -
4 3085134 3098885 + 410 4128 17888 -
4 3098969 3108432 + 410 37860 46894 -
4 3114245 3115964 + 410 52052 53750 +
4 3109641 3112479 + 660 2225 4922 +
4 3116713 3183636 + 471 4723 71067 +
4 3183702 3188553 + 472 77 4178 -
4 4311266 4321646 + 407 4617 16812 +
4 4325876 4327098 + 407 19458 23846 -
4 3314652 3316393 + 352 45 1845 -
4 5726073 5727233 + 173 12971 15487 -
4 5727950 5743428 + 173 22522 38060 +
4 3423263 3434522 + 48 1373 12529 +
4 3479447 3484358 + 536 55 4890 +
4 3484527 3486035 + 892 981 2484 -
4 3486730 3489549 + 305 3253 6075 -
4 4156870 4183859 + 64 932 15757 -
4 4186026 4200338 + 64 19744 34181 +
4 3621508 3623765 + 65 3575 6233 -
4 3625721 3627295 + 65 7423 9367 -
4 3635343 3642894 + 65 12797 20536 -
4 3643759 3648636 + 65 23812 28891 -
4 3650153 3651294 + 65 39974 41118 -
4 3654001 3657710 + 65 41856 45496 +
4 3658745 3666914 + 65 29572 37973 +
4 3667238 3707094 + 65 55355 93561 +
4 3628517 3630553 + 2904 311 2360 -
4 3740818 3742579 + 409 280 2056 +
4 4010592 4028629 + 144 8968 26520 +
4 4064556 4082769 + 144 28229 46120 +
4 4030062 4031089 + 2542 3963 5013 +
4 4083163 4084271 + 145 192 1305 +
4 4085706 4089726 + 447 326 4335 -
4 4090891 4093433 + 446 4580 7127 -
4 4093838 4106614 + 602 22007 34003 +
4 4113688 4126831 + 602 7935 20388 -
4 4128114 4129638 + 533 6547 8053 +
4 4139966 4143028 + 317 3162 6262 +
4 4149985 4152287 + 318 1072 3054 +
4 4154101 4155709 + 1015 84 1667 +
4 4205186 4207918 + 94 11794 14900 +
4 4246304 4303646 + 516 24998 30499 -
4 4308464 4310072 + 1986 221 1703 -
4 4330771 4332566 + 52 10768 12542 +
4 4334505 4339368 + 52 4482 9067 -
4 4343877 4351398 + 52 14066 21110 -
4 4351467 4356480 + 52 22505 27429 -
4 4356874 4360821 + 52 27780 31615 -
4 4364344 4369694 + 52 33887 38925 -
4 4392865 4394231 + 430 2612 3936 -
4 4884260 4886467 + 2743 887 2898 -
4 4887876 4890354 + 2742 3205 5531 -
4 4954136 4956533 + 450 103 2000 +
4 4988526 4989656 + 2872 309 1448 -
4 5001858 5003091 + 383 53 1325 +
4 5145235 5147295 + 2467 14 2066 +
4 5173781 5193285 + 193 3002 21126 -
4 5250526 5251630 + 419 2237 3420 +
4 5257708 5275217 + 241 3521 20239 -
4 5277715 5280149 + 1445 88 2444 -
4 5288052 5289196 + 1525 72 1234 -
4 5289419 5290985 + 1524 467 1566 -
4 5334947 5336383 + 262 2719 4232 -
4 5343354 5351028 + 262 11993 19489 -
4 5340621 5342862 + 263 191 2436 -
4 5645211 5658275 + 4 8820 21323 -
4 5658473 5660124 + 4 6531 7818 +
4 5662994 5667599 + 4 158 4685 -
4 5794103 5811991 + 4 22138 40600 +
4 5817128 5827210 + 4 42459 52358 -
4 5667811 5675920 + 77 856 8396 -
4 5675955 5683366 + 77 31343 39750 -
4 5684166 5687949 + 77 39984 43572 -
4 5688403 5698670 + 77 44130 56464 +
4 5699188 5705323 + 77 57673 63579 -
4 5705426 5713713 + 77 66333 73882 +
4 5715180 5717480 + 2199 586 3040 -
4 5721062 5724960 + 22 263 4178 +
4 5835691 5846333 + 421 13623 24690 -
4 5889527 5905931 + 320 4734 25279 +
4 5906196 5909699 + 320 25735 29227 -
4 5937344 5938958 + 320 31369 32904 -
4 5942069 5943267 + 256 200 1409 -
4 5943471 5945171 + 255 6895 8525 -
5 21498 22809 + 2763 941 2192 -
5 25269 38266 + 468 6006 19258 +
5 38933 53157 + 468 19734 33975 -
5 53205 68677 + 468 34617 52241 +
5 69822 72657 + 469 475 2904 +
5 3245331 3287047 + 8 18056 65803 -
5 3289359 3299168 + 8 6553 16292 +
5 3299935 3302011 + 8 2498 4691 -
5 83441 84731 + 304 1710 2999 -
5 89245 93328 + 303 81009 85067 -
5 95410 115251 + 303 3344 22334 +
5 2536304 2537741 + 149 30 1450 -
5 2389894 2416050 + 35 96896 121854 +
5 2423101 2427223 + 35 90922 95058 +
5 2428636 2471051 + 35 49123 90292 -
5 2471320 2480439 + 35 39683 48848 +
5 2480480 2503190 + 35 17449 39516 -
5 2504553 2521259 + 35 884 15881 +
5 115675 130329 + 474 6972 21233 +
5 133396 135162 + 533 274 2049 -
5 138814 158245 + 532 5524 22637 -
5 666799 674393 + 530 13667 20597 +
5 680904 686823 + 530 5700 10718 +
5 160407 163028 + 475 611 3155 -
5 166189 198517 + 90 40842 52359 -
5 2561359 2630483 + 195 5881 41000 +
5 2630759 2640591 + 195 41896 51383 -
5 2647322 2693049 + 195 54676 101296 -
5 5851718 5854146 + 195 23 1893 -
5 203038 209292 + 69 3096 10233 -
5 209712 211528 + 69 13658 15418 -
5 217563 228726 + 69 22008 33735 +
5 1600524 1639271 + 117 1162 41070 +
5 230321 231396 + 329 3388 4436 +
5 231959 233277 + 330 630 1894 +
5 2986546 2999125 + 38 8488 22183 -
5 3000564 3005117 + 38 1713 6161 +
5 5205511 5273957 + 38 24208 87563 +
5 5274717 5287142 + 38 88282 100336 -
5 5287246 5291307 + 38 100690 104283 +
5 5291447 5319895 + 38 104483 132356 -
5 5319972 5375407 + 38 132577 192745 +
5 5376400 5396612 + 38 195197 214969 -
5 5397132 5403819 + 38 215008 221659 -
5 5404477 5426898 + 38 222328 229841 +
5 351743 362379 + 139 61215 71480 +
5 365854 389984 + 139 48108 58049 -
5 391222 392440 + 139 46092 47286 +
5 393815 404779 + 139 30776 40885 -
5 405784 415460 + 139 20678 29921 +
5 419557 433622 + 139 1771 16042 +
5 4827012 4840476 + 371 167353 180361 +
5 4841287 4936986 + 371 75262 166819 +
5 4940197 4941627 + 371 72936 74386 +
5 4941874 4988306 + 371 27224 72149 -
5 5000548 5017906 + 371 8765 25865 +
5 5018214 5020769 + 371 3737 6213 +
5 5119137 5121365 + 371 208 2476 -
5 243700 245038 + 51 4615 6053 +
5 250726 251858 + 53 2688 3869 +
5 269954 278414 + 53 100406 108550 -
5 2716157 2753081 + 53 46674 78814 +
5 2753415 2765449 + 53 79482 90893 -
5 2765846 2771240 + 53 92606 97251 +
5 280514 314235 + 271 3339 34125 -
5 5809939 5820178 + 355 3701 13553 -
5 3094972 3126284 + 64 60993 91560 +
5 322567 342789 + 367 6213 25335 -
5 2946338 2948750 + 367 566 2917 -
5 348274 351587 + 368 442 3519 +
5 4108559 4122626 + 57 464009 477855 +
5 4131979 4142206 + 57 445899 455955 +
5 4146328 4186605 + 57 417671 445539 +
5 4190986 4196487 + 57 410999 416134 -
5 4197118 4217469 + 57 390252 410462 +
5 4217900 4235055 + 57 372618 389515 +
5 4249544 4411696 + 57 211897 370500 -
5 4412592 4427985 + 57 190419 210109 +
5 4431352 4499914 + 57 153393 189185 -
5 4500973 4547829 + 57 118825 152687 +
5 4547914 4554433 + 57 111814 118375 +
5 4554725 4672413 + 57 562 111523 -
5 2982534 2984866 + 238 85376 87625 -
5 3006528 3017272 + 238 92027 102461 +
5 3018132 3079615 + 238 17284 73241 -
5 3079836 3093966 + 238 2427 16602 +
5 6047411 6052582 + 229 12125 17243 -
5 6057464 6058918 + 229 3338 5025 +
5 5121495 5141898 + 370 3997 22467 -
5 623007 637033 + 192 89165 103065 +
5 5792588 5797607 + 462 250 4437 -
5 434407 435578 + 2062 63 1263 -
5 435861 457935 + 388 15626 36482 +
5 462203 472363 + 388 4882 15578 -
5 458686 461135 + 389 61 3137 +
5 2708329 2711740 + 398 369 3961 -
5 5636814 5732119 + 461 5253 42721 +
5 5733866 5752901 + 461 43934 62450 -
5 5756133 5770680 + 461 63492 76720 +
5 5773462 5792172 + 461 78709 96912 -
5 5797785 5803083 + 461 99818 105171 -
5 2155053 2165583 + 15 113105 122833 -
5 474059 477155 + 419 4703 7742 +
5 478676 480105 + 420 1100 2470 +
5 3594433 3744312 + 420 5502 151992 +
5 482997 523040 + 353 5080 31323 +
5 523246 526150 + 354 418 3295 +
5 532568 542926 + 463 16805 26721 -
5 6417705 6419592 + 463 45081 46994 +
5 6123377 6129366 + 299 8516 14390 +
5 6154789 6163930 + 299 15810 24452 -
5 5467296 5481011 + 443 5060 18452 -
5 5481360 5490350 + 443 18931 27617 +
5 2166147 2167747 + 219 60 1667 -
5 3506774 3513018 + 219 2215 8219 -
5 3513436 3517606 + 219 9798 13970 +
5 3517763 3529034 + 219 14617 25894 -
5 3529579 3548090 + 219 25907 44445 +
5 3548933 3570555 + 219 45666 64947 -
5 3570885 3589412 + 219 65062 83977 +
5 547776 549460 + 374 6774 8412 +
5 558003 561648 + 587 20879 33384 +
5 575026 615028 + 587 646 5843 +
5 1641184 1647735 + 20 139952 146199 +
5 1647796 1677733 + 20 82123 109572 -
5 1682054 1685373 + 20 41612 44942 -
5 1687797 1706138 + 20 71436 77913 +
5 1712422 1727882 + 20 54503 69219 +
5 1741183 1743504 + 20 36844 39179 -
5 1743758 1752361 + 20 1208 9841 -
5 1776386 1798506 + 20 14643 36487 +
5 1799452 1803126 + 20 10686 14091 +
5 2873703 2878932 + 366 4932 10101 -
5 2884548 2889271 + 366 18100 22589 -
5 2893667 2896672 + 366 31156 33916 -
5 2898311 2933945 + 366 35241 69345 +
5 2936020 2944793 + 366 73031 81502 -
5 2950163 2974361 + 366 83134 107836 -
5 1592954 1596195 + 260 3981 7296 -
5 570797 572985 + 586 6623 9103 +
5 5856390 5861608 + 547 118 5451 -
5 2522696 2533844 + 148 1475 12264 +
5 2534281 2536260 + 148 12525 14560 -
5 2538018 2555853 + 148 16244 32562 -
5 3312466 3313904 + 227 647 2094 +
5 1449356 1451703 + 24 35733 38009 +
5 3333770 3353927 + 24 39535 58946 +
5 3356400 3384049 + 24 3881 33011 +
5 5498061 5512926 + 62 708 14886 -
5 5513195 5533648 + 62 16363 36160 +
5 5534427 5565840 + 62 36638 68607 -
5 5565869 5571459 + 62 70072 75473 -
5 5572855 5610382 + 62 75835 110182 -
5 653048 655577 + 1722 96 2693 -
5 655635 657125 + 1721 176 1950 -
5 811994 891270 + 9 593 72280 +
5 657630 659358 + 1719 6 2880 -
5 678244 679831 + 531 3245 4691 +
5 690248 693552 + 411 16230 19945 +
5 699330 701138 + 411 4102 5642 +
5 702170 707581 + 411 7819 12854 -
5 693636 697346 + 412 68 2945 +
5 712887 713950 + 901 2589 3665 -
5 714952 726177 + 423 4658 14799 +
5 726441 729298 + 424 241 3153 +
5 732773 735692 + 431 75 2993 -
5 735805 739966 + 430 4354 8412 -
5 740661 742305 + 779 15 1593 -
5 742363 744925 + 778 1025 3513 -
5 1803213 1840541 + 95 952 37235 +
5 1855256 1964844 + 95 37408 143990 +
5 1965940 2025668 + 95 145627 202109 -
5 3425785 3460758 + 584 6098 25131 +
5 3468163 3504018 + 584 25331 60317 -
5 748964 752347 + 489 810 3526 -
5 753581 770069 + 488 7848 23397 -
5 798068 805914 + 448 6435 13716 +
5 807065 809106 + 449 2253 4202 -
5 810037 811123 + 1662 2015 3149 +
5 1219830 1242275 + 552 26776 45547 -
5 1244001 1259235 + 552 10323 25492 +
5 1259520 1262212 + 552 5716 8497 +
5 3462808 3466975 + 585 303 4631 -
5 1268641 1273655 + 590 588 5768 +
5 5888340 5889761 + 590 19569 20926 -
5 5923980 5926122 + 590 22025 24276 +
5 5926234 5942683 + 590 5896 17374 +
5 1273916 1284937 + 2918 20783 28973 -
5 2293422 2295207 + 200 20873 22612 -
5 2295457 2305308 + 200 7887 17384 +
5 3997620 4001816 + 386 4288 8486 -
5 4002706 4005474 + 386 9694 12459 +
5 4009262 4091645 + 386 28157 77674 -
5 1294978 1340208 + 155 59977 93788 +
5 2306980 2340090 + 155 27620 59491 -
5 2340407 2359061 + 155 9383 27370 +
5 2359427 2366351 + 155 1843 8625 -
5 1340387 1341682 + 156 202 1491 +
5 1341871 1345859 + 498 875 4768 -
5 6252688 6280458 + 56 129510 156321 -
5 6294116 6306866 + 56 104591 117249 +
5 6308910 6313788 + 56 96711 102850 -
5 6314355 6325884 + 56 85278 95978 +
5 6330749 6348664 + 56 67587 84183 +
5 6349833 6368145 + 56 49956 66466 -
5 6379542 6409576 + 56 21326 49134 +
5 1345992 1350321 + 494 506 4861 -
5 1350856 1358786 + 493 23631 31689 -
5 1359343 1369763 + 493 12388 22306 +
5 1371450 1377909 + 493 5430 11841 -
5 1567971 1572836 + 525 167 5148 +
5 1378715 1382396 + 414 209 3686 -
5 1382428 1386620 + 413 4678 8418 -
5 5453040 5455262 + 258 540 2377 -
5 1388991 1409100 + 226 2346 20477 -
5 1409352 1413004 + 226 26346 29653 -
5 1418983 1446631 + 226 29758 50392 +
5 1452360 1461631 + 226 52009 61286 -
5 3302621 3312095 + 226 79775 89389 +
5 3314141 3331775 + 226 61665 78342 -
5 1463675 1519448 + 29 285 52492 -
5 1522233 1525397 + 1687 2784 5409 +
5 6244964 6249767 + 574 656 5477 +
5 1527887 1539496 + 183 1824 13273 -
5 1539591 1542704 + 357 352 3463 -
5 1542884 1554213 + 356 5435 16206 -
5 5805908 5809707 + 356 158 3532 -
5 1557023 1567554 + 524 20820 30404 +
5 1574454 1580561 + 524 6035 12070 -
5 1581511 1589224 + 524 12510 19580 +
5 1771093 1775576 + 2479 1024 4986 -
5 3400004 3402627 + 456 1683 4145 -
5 1840629 1845806 + 764 495 5384 +
5 1852465 1855158 + 1391 3882 6550 -
5 2027094 2038845 + 292 3485 13157 -
5 2041860 2068026 + 292 13200 38092 -
5 6201952 6205639 + 506 706 4125 +
5 2083005 2086316 + 293 163 2832 +
5 2086682 2096023 + 86 1091 10373 -
5 2096647 2153793 + 86 11221 64572 +
5 2168353 2196120 + 218 170697 196774 -
5 2249334 2282960 + 218 107392 134639 +
5 2284507 2291361 + 218 96301 102632 +
5 2199207 2201256 + 1869 1920 3949 +
5 2201301 2202955 + 1870 89 1664 +
5 2210272 2212099 + 959 136 1555 +
5 5863745 5872816 + 546 7546 16183 -
5 2291517 2293387 + 201 74 1946 -
5 2366723 2385337 + 186 4588 18990 +
5 2387381 2389373 + 186 2064 4008 +
5 2385599 2387152 + 187 248 1849 +
5 5429920 5440371 + 204 3262 13303 -
5 5444386 5452203 + 204 13513 21610 -
5 2772490 2792591 + 5 24229 47162 -
5 2797881 2848537 + 5 49049 100915 -
5 2849005 2867317 + 5 42 18077 +
5 2976969 2980178 + 147 40968 44031 +
5 5165069 5204707 + 147 1508 40017 +
5 3130765 3203772 + 379 51195 122167 -
5 3204109 3243524 + 379 4662 43610 -
5 3384187 3399305 + 455 4875 19595 -
5 3402816 3424157 + 455 21000 42111 -
5 3590146 3592685 + 220 105 1783 +
5 5842309 5850522 + 194 2856 10884 +
5 3745689 3748928 + 421 1145 4107 +
5 3751954 3791079 + 492 5089 43684 +
5 3791914 3853331 + 298 2982 62694 +
5 3861186 3866297 + 26 2474 7556 -
5 3870228 3885928 + 26 7578 22654 -
5 3886319 3934670 + 26 24860 47099 -
5 3935492 3993082 + 26 47563 104314 +
5 5917145 5922447 + 591 146 4905 -
5 4673863 4698977 + 433 59800 84793 +
5 4706024 4712555 + 433 53595 59555 +
5 4712602 4760793 + 433 4322 50884 +
5 5753514 5755480 + 2383 9954 11960 +
5 4699086 4702995 + 434 158 3885 +
5 4763637 4802384 + 167 19591 40694 -
5 4804650 4822988 + 167 2506 19040 +
5 4823581 4825752 + 372 1413 3598 -
5 4990111 4991274 + 1106 2 1156 -
5 4995248 4996378 + 1100 52 1143 -
5 4997991 4999066 + 1096 815 1910 -
5 5021042 5032404 + 18 3330 13765 -
5 5032945 5041638 + 18 24004 32503 +
5 5045481 5050331 + 549 66 4731 -
5 5050819 5059963 + 548 5569 14259 -
5 5060221 5112282 + 484 5068 53976 +
5 5113565 5117940 + 485 619 4831 +
5 5142162 5146161 + 446 330 4334 -
5 5150723 5164385 + 445 4997 19570 -
5 5442351 5444204 + 205 134 1609 -
5 5455429 5457033 + 257 12488 14105 -
5 5457847 5466567 + 257 3102 11339 +
5 5490729 5492923 + 444 709 2966 +
5 5612911 5622175 + 441 4404 13503 -
5 5626061 5635358 + 441 14890 24114 -
5 5624614 5625927 + 442 831 2041 -
5 5884130 5886911 + 350 108 3005 +
5 5822124 5837883 + 237 3345 17341 +
5 5877799 5884087 + 349 3514 8902 +
5 5948701 5951990 + 178 11754 14868 -
5 5958296 5959562 + 178 5510 6758 +
5 5964884 5969853 + 324 8088 12844 +
5 5978159 5980063 + 324 3702 5603 +
5 6035373 6038245 + 565 5941 8868 -
5 6038495 6041839 + 565 11068 14467 +
5 6042130 6044108 + 104 1339 3371 +
5 6081713 6093941 + 557 18415 34654 +
5 6100434 6115028 + 557 8039 14036 -
5 6094234 6096886 + 558 329 3013 +
5 6135731 6137592 + 1730 172 2031 +
5 6152198 6153758 + 300 1055 2401 -
5 6198695 6200270 + 505 15326 16882 +
5 6208640 6210839 + 505 6441 8667 +
5 6242842 6244940 + 573 6946 8852 +
5 6326753 6329333 + 858 322 2114 -
6 1409 5826 + 523 258 5045 -
6 5972 26477 + 522 6510 26764 -
6 29684 64235 + 134 2747 37080 +
6 68250 72819 + 134 43283 47819 -
6 77528 94892 + 109 1083 18580 +
6 100093 103924 + 109 20331 24160 -
6 120903 156617 + 109 25039 60397 +
6 3727804 3734342 + 128 2339 9045 -
6 118456 120344 + 690 1194 3196 -
6 1103175 1131604 + 559 5917 35083 -
6 3864615 3867503 + 384 10969 13788 -
6 3870398 3876586 + 384 14571 20572 +
6 3892062 3898006 + 384 23809 32720 +
6 166580 187159 + 558 7743 24163 -
6 3099271 3100283 + 139 238 1253 +
6 191933 193712 + 520 7085 9000 -
6 200226 202781 + 521 1180 3553 +
6 1595699 1693331 + 40 6414 107823 +
6 215551 226416 + 220 11337 21670 -
6 343829 349412 + 220 3353 9245 +
6 228044 229211 + 368 9534 10753 -
6 237445 240846 + 77 26419 29513 +
6 243837 248630 + 77 20175 24602 -
6 255682 257322 + 77 17949 19532 +
6 258456 267109 + 77 8515 16771 -
6 1310510 1312278 + 204 200 2021 -
6 275819 290654 + 605 7859 20825 +
6 3838509 3840326 + 605 3978 5792 +
6 3576716 3607975 + 116 2296 33831 +
6 3609619 3629291 + 116 43297 62065 -
6 3654452 3657257 + 116 35509 38362 -
6 3658488 3670188 + 116 63270 80823 +
6 3675139 3711742 + 116 88099 123445 -
6 3739674 3742182 + 116 125273 127828 -
6 3742691 3744930 + 116 81957 84100 +
6 293019 297634 + 606 997 6041 +
6 297673 339148 + 398 3972 32703 +
6 355541 357897 + 585 24163 26644 +
6 2467836 2476053 + 272 3357 10737 +
6 4137077 4142478 + 161 45187 50598 -
6 4143848 4146331 + 161 40032 43209 +
6 4153257 4159287 + 161 25832 30669 -
6 4159669 4162664 + 161 14161 17182 +
6 358363 359598 + 92 20207 21394 +
6 2454392 2465105 + 32 625 10998 -
6 398931 405883 + 91 8192 15210 +
6 407567 409779 + 91 954 3184 +
6 423785 427751 + 463 40857 44757 -
6 2232721 2236645 + 487 289 4191 -
6 844583 847094 + 376 3850 6317 -
6 847149 923438 + 376 12901 84669 +
6 925057 966512 + 376 88685 127281 -
6 971038 986617 + 376 128784 142591 +
6 3322956 3329986 + 70 194728 204398 +
6 3332196 3334609 + 70 174383 176652 +
6 3340675 3366190 + 70 149030 173280 +
6 3366398 3401716 + 70 110717 147992 -
6 3402334 3452621 + 70 73036 110578 +
6 3455422 3484529 + 70 35740 71672 -
6 3538656 3556628 + 70 1454 19310 -
6 3890106 3891821 + 385 2063 3808 +
6 601711 624164 + 143 114583 137226 -
6 664790 670610 + 143 106499 112234 -
6 670996 704933 + 143 72355 106283 +
6 706917 718030 + 143 59220 70797 -
6 718609 722068 + 143 54956 58295 +
6 726195 779074 + 143 1422 51903 -
6 1199023 1216529 + 143 143600 160560 +
6 1217650 1223720 + 143 165688 173238 -
6 1224830 1226290 + 143 162956 164391 +
6 1227856 1236278 + 143 179145 187493 -
6 1239642 1242540 + 143 193320 196132 +
6 1243843 1246015 + 143 173933 176229 +
6 1247758 1251797 + 143 187840 190678 -
6 1268285 1278670 + 143 198481 207919 -
6 1280598 1308528 + 143 231336 256358 +
6 3714431 3715857 + 542 2642 4375 -
6 2666375 2670253 + 465 800 4631 -
6 481142 487080 + 36 81410 87305 -
6 489658 530368 + 36 43065 79121 +
6 534037 538801 + 36 35089 39646 -
6 540235 543533 + 36 27045 30318 +
6 549060 578359 + 36 514 23977 -
6 578578 584351 + 571 31 5689 -
6 584410 598731 + 570 10323 25604 -
6 661772 662911 + 570 7359 8513 +
6 625742 639121 + 176 1752 14426 -
6 644269 657510 + 176 17383 30196 -
6 640108 641570 + 177 234 1653 +
6 1341899 1395183 + 177 2905 54376 -
6 1397061 1401849 + 177 59159 63884 +
6 1408645 1411399 + 177 69056 71832 -
6 3076602 3097871 + 138 46740 56318 +
6 3102774 3106447 + 138 43036 46563 +
6 3106737 3116756 + 138 29820 37800 +
6 3121280 3150892 + 138 1443 29267 +
6 2103773 2106458 + 87 52875 55517 +
6 2108160 2126614 + 87 28167 51902 -
6 2127673 2151162 + 87 1028 26258 +
6 810135 839961 + 73 870 30218 +
6 3501520 3503616 + 331 3770 5975 +
6 2376524 2396570 + 231 35097 54170 +
6 2398848 2412331 + 231 15981 28590 +
6 2420227 2433833 + 231 2452 15137 +
6 1852736 1886525 + 328 3291 35902 -
6 1912061 1977181 + 328 38424 100667 +
6 1977845 1986794 + 328 101666 110651 -
6 1989241 2039013 + 328 111874 162197 +
6 3452851 3454399 + 651 319 1493 -
6 2039425 2043339 + 329 517 3232 +
6 987291 991003 + 377 26 3723 -
6 994797 1002255 + 345 24662 31644 -
6 1006915 1025288 + 103 45265 62636 +
6 1033010 1038267 + 103 1163 6268 +
6 1044062 1069677 + 103 6532 30017 -
6 1089175 1093157 + 103 37926 41681 +
6 3210004 3212161 + 241 34 2203 +
6 1097395 1102776 + 560 416 5581 -
6 1135505 1136560 + 1335 202 1270 +
6 1134209 1135397 + 1316 92 1247 +
6 1312291 1314800 + 203 15688 17976 -
6 1321898 1328568 + 203 4295 11049 +
6 1141429 1155246 + 390 20283 33927 -
6 1159516 1161392 + 390 12952 14720 +
6 1165841 1196863 + 390 3997 11905 +
6 1413393 1468763 + 49 1015 56193 +
6 1468808 1479579 + 49 56468 66804 -
6 1487814 1505906 + 49 66943 83678 +
6 1506504 1520689 + 49 85138 99241 -
6 1521323 1534881 + 49 99248 113052 +
6 1535248 1542931 + 49 113964 121704 -
6 1543611 1552380 + 49 123086 130946 -
6 3899061 3917585 + 473 4962 22252 +
6 1555899 1570021 + 146 2427 16305 +
6 1571608 1593498 + 146 17091 40732 -
6 1570091 1571580 + 147 77 1451 -
6 1694980 1712347 + 426 4457 23232 -
6 1716097 1734794 + 426 38495 56219 -
6 1737969 1747897 + 426 25502 34500 +
6 3840744 3845204 + 427 5581 9828 +
6 3849705 3853680 + 427 10713 14527 -
6 1748986 1763811 + 414 5044 15807 +
6 1780826 1788301 + 414 21801 29334 -
6 1792027 1842972 + 414 31131 52772 -
6 1788733 1789838 + 415 2827 3921 -
6 3152732 3180437 + 245 4748 32482 +
6 3187133 3190196 + 245 33683 36422 -
6 3191955 3195844 + 245 38104 41930 -
6 2044919 2101573 + 122 1421 57638 -
6 4103034 4106608 + 471 1231 4528 +
6 2152089 2178886 + 323 3523 22999 +
6 2182406 2192996 + 323 24425 34944 -
6 2179366 2182213 + 324 491 3207 -
6 2194269 2222596 + 20 109965 138104 +
6 2225493 2230971 + 486 5409 11253 -
6 2237457 2240972 + 486 13255 16269 -
6 2242956 2298943 + 181 2678 55695 +
6 2302652 2313073 + 181 71045 81400 -
6 2316349 2319415 + 181 60911 63896 -
6 2324939 2352038 + 181 95571 122098 +
6 2356634 2359455 + 181 139609 142410 +
6 2362267 2374258 + 181 124348 136342 -
6 2623857 2628767 + 490 137 4513 -
6 2313906 2315733 + 440 1969 3788 +
6 3573881 3575122 + 173 160 1408 +
6 2359613 2362025 + 182 145 1801 +
6 2476076 2479461 + 325 3476 6762 -
6 2480329 2483167 + 325 7490 10300 -
6 2484247 2487262 + 325 11526 14533 +
6 2488444 2541687 + 325 15125 69093 -
6 2542218 2583179 + 325 71025 109866 +
6 2434852 2436254 + 2532 198 1615 +
6 2438586 2452343 + 100 1101 14237 +
6 2584691 2586985 + 326 173 2340 +
6 2589296 2618304 + 124 1271 28775 -
6 2628940 2631126 + 489 5412 7639 -
6 2631712 2637795 + 478 4856 10697 -
6 2637970 2644324 + 478 10954 17295 +
6 4106860 4136406 + 191 1902 30146 +
6 2654209 2658930 + 479 25 4654 +
6 2661337 2666295 + 2543 60 5146 -
6 2671422 2723335 + 464 33325 61886 -
6 2723498 2750154 + 464 9439 32611 +
6 2750859 2753967 + 464 4801 8317 +
6 2756280 2760929 + 395 3944 8366 +
6 2767418 2769572 + 396 156 2493 +
6 3183746 3185885 + 1765 1402 3605 +
6 3197740 3209091 + 240 4417 14922 +
6 3223487 3226441 + 550 1277 3472 +
6 3214744 3222846 + 549 5600 13527 +
6 3235856 3269084 + 192 2165 29669 -
6 3269386 3287050 + 192 34552 51801 +
6 3288479 3300433 + 192 54313 64240 -
6 3303331 3322748 + 192 66190 86077 +
6 3556928 3561242 + 172 2599 6342 -
6 3562527 3573562 + 172 8329 19750 +
6 3651207 3653265 + 2083 294 2597 +
6 3754914 3761956 + 607 8082 15056 -
6 3794329 3798122 + 607 18992 22214 -
6 4035488 4037096 + 607 897 2466 +
6 3772559 3774271 + 1846 39 1965 +
6 3809677 3813558 + 276 16382 20008 -
6 3817245 3826867 + 276 4965 13780 +
6 3832977 3837185 + 530 602 4800 +
6 3846581 3849388 + 428 1093 4030 -
6 3886329 3888031 + 1820 3431 5140 -
6 3926787 3931100 + 500 691 4981 -
6 3931831 3946838 + 499 7354 21899 -
6 3948313 3956892 + 210 11013 20563 +
6 3957503 3961850 + 210 4823 8871 -
6 3967249 3971266 + 210 22674 26648 -
6 3972918 3977038 + 210 28949 33666 +
6 3978286 3988112 + 210 68726 79388 +
6 4003907 4020568 + 210 35904 43817 -
6 4051847 4055755 + 531 14839 19199 +
6 4056341 4058482 + 532 2416 4418 +
6 4063880 4072271 + 256 2975 8880 -
6 4072817 4076453 + 256 9657 13587 +
6 4079250 4081889 + 1454 4774 7433 +
6 4085391 4098697 + 470 4704 17280 -
6 4098783 4101782 + 470 21276 24182 +
7 1207 26956 + 127 73940 100697 +
7 27895 42949 + 127 48042 64503 -
7 45271 48553 + 127 43667 46795 +
7 56087 62407 + 127 35537 41317 +
7 64431 96996 + 127 2636 33486 +
7 944197 957831 + 85 856 10116 +
7 960630 974290 + 85 12502 25932 -
7 975065 1035430 + 85 27673 70529 +
7 3049470 3052343 + 311 88 3009 +
7 466272 479091 + 129 9921 23555 -
7 483571 533447 + 129 27780 54536 +
7 535008 540946 + 129 55765 61973 -
7 546216 551731 + 129 107973 114344 -
7 2936046 2965941 + 129 77492 106997 -
7 2968753 2971879 + 129 66063 69133 +
7 2981439 2990480 + 129 116306 124544 -
7 3869511 3871672 + 512 5501 7697 -
7 3874546 3880992 + 512 12415 18523 -
7 3885745 3897544 + 512 21025 32963 -
7 1107878 1181135 + 393 49803 87785 -
7 1183112 1184211 + 393 44250 45382 +
7 1185942 1193461 + 393 33651 42201 -
7 1195883 1202910 + 393 3948 11705 +
7 1492288 1505009 + 261 5593 18537 +
7 1508028 1554271 + 261 27646 72321 +
7 1560764 1571262 + 261 74091 83957 -
7 2060788 2065232 + 261 22287 26842 -
7 127005 131609 + 459 128 3933 -
7 98779 100027 + 188 574 1843 -
7 1573373 1599581 + 188 4439 30740 -
7 101446 107863 + 187 2640 9474 -
7 114797 116664 + 463 1627 3529 -
7 3011526 3013266 + 463 4663 7142 -
7 118673 122882 + 462 21664 25789 -
7 123140 125425 + 462 8546 10866 +
7 159921 164479 + 462 14815 19272 +
7 166877 170153 + 462 4933 8242 -
7 1630373 1659897 + 135 50641 80255 +
7 1661857 1699314 + 135 2139 37663 +
7 131933 135047 + 458 5543 8660 -
7 1613676 1628184 + 242 130888 152551 -
7 179163 180817 + 410 47598 49177 +
7 2871975 2888132 + 410 21060 35614 -
7 181914 183782 + 253 18458 20314 +
7 201820 214687 + 253 3363 17313 -
7 1242673 1247283 + 254 57877 61877 +
7 1737510 1757559 + 254 2633 22943 +
7 1758109 1763935 + 254 24185 29989 -
7 1765017 1795225 + 254 30396 57696 +
7 1797401 1871346 + 254 63946 123587 -
7 193146 196171 + 411 771 3741 -
7 215746 217450 + 436 2611 4341 -
7 219477 220976 + 435 5483 6846 +
7 223306 226381 + 336 1 2856 -
7 228378 256195 + 335 36963 58771 -
7 265357 298678 + 335 10228 25382 -
7 300634 305178 + 335 28271 32397 +
7 307885 311384 + 335 5193 7955 +
7 3584921 3587376 + 335 500 2316 -
7 257826 259447 + 491 6150 7724 +
7 314329 316660 + 491 11234 13681 -
7 383016 385047 + 491 17178 19200 -
7 1945618 1947097 + 483 484 1918 +
7 931494 933252 + 366 1865 3521 +
7 3312252 3328608 + 114 1161 17309 +
7 3330442 3357583 + 114 18265 45115 -
7 3357855 3382816 + 114 46661 64786 +
7 321725 325749 + 578 7699 11611 -
7 359662 371594 + 578 15122 27118 +
7 1100516 1105900 + 578 361 5716 +
7 353459 354482 + 2383 12915 13933 +
7 371783 375507 + 579 144 3875 +
7 377051 381501 + 492 82 4565 -
7 387658 389638 + 382 1749 3678 +
7 390176 391955 + 381 4260 6047 +
7 394424 415490 + 593 8014 29316 +
7 667113 669180 + 593 315 2393 +
7 1414937 1419046 + 499 137 4963 +
7 418402 422695 + 594 1824 5782 -
7 425635 432075 + 106 2227 9029 -
7 1204472 1223179 + 265 3228 22683 +
7 1224125 1234984 + 265 23859 43438 -
7 1236217 1240747 + 265 44357 49402 -
7 1249342 1258314 + 265 51065 60118 -
7 1262299 1265725 + 265 64438 67730 +
7 437045 438658 + 344 561 2297 -
7 440313 451022 + 343 13314 23527 +
7 453137 457040 + 343 8055 11709 -
7 460391 461628 + 275 1495 2725 -
7 464035 465741 + 274 6642 8296 -
7 542269 544742 + 359 56905 59336 -
7 555852 561161 + 359 61003 65646 +
7 569658 575522 + 359 49133 54904 +
7 575663 606881 + 359 15422 47460 +
7 606983 633920 + 359 3600 15251 +
7 4173233 4175193 + 359 339 2701 -
7 562867 564441 + 360 956 2228 -
7 2071315 2131111 + 502 8653 36297 +
7 633993 635309 + 186 402 1797 -
7 635361 640973 + 185 29549 34977 -
7 641091 645473 + 185 24890 29218 +
7 645710 648618 + 185 21630 24305 +
7 649740 655834 + 185 15351 21162 +
7 677759 680989 + 2918 5596 8733 -
7 681210 694575 + 399 74028 86997 +
7 709755 711723 + 399 63274 65860 +
7 720227 750175 + 399 21606 51632 -
7 752467 753920 + 399 19338 20815 +
7 754685 766926 + 399 4599 16570 -
7 4046755 4051309 + 350 62520 66809 -
7 4052301 4058258 + 350 53473 59388 +
7 4061469 4096200 + 350 18102 51841 -
7 4096299 4097626 + 350 13659 14992 +
7 3483813 3488603 + 247 3180 9379 -
7 3489212 3503017 + 247 10210 23092 -
7 3508027 3554541 + 247 25078 68499 -
7 771679 806244 + 53 4967 43958 -
7 807715 809763 + 53 116171 118281 -
7 818700 821669 + 53 119132 121971 +
7 834550 865067 + 53 128944 157795 +
7 822462 823929 + 1950 37 1534 +
7 3806965 3809473 + 537 12 2518 -
7 873125 874484 + 540 1492 2763 +
7 876475 885367 + 1707 2626 11477 +
7 4122998 4126377 + 561 2364 5591 -
7 937676 939365 + 557 647 2278 -
7 939411 942021 + 556 7111 9752 -
7 1449416 1453593 + 429 46 3274 -
7 4127029 4150410 + 358 3579 25302 -
7 4152328 4172970 + 358 27426 47435 +
7 4175259 4195500 + 358 56137 75642 -
7 1036964 1081385 + 573 185 5001 -
7 1081502 1091763 + 572 7107 17318 -
7 4036109 4038165 + 423 970 3147 -
7 3904276 3910740 + 269 4568 11032 -
7 3914166 3927279 + 269 11423 24180 -
7 3928782 3933766 + 269 41941 44537 +
7 3934349 3950003 + 269 26330 41439 -
7 3951870 3958704 + 269 46019 52369 +
7 4217144 4233790 + 567 16272 32605 -
7 3385512 3453277 + 60 631 30534 -
7 1265893 1267707 + 266 669 2481 +
7 1283275 1285361 + 514 2079 4295 +
7 3740869 3746066 + 514 10829 16208 +
7 3747791 3751585 + 514 5291 9166 +
7 1285634 1296744 + 403 18851 27741 +
7 1304665 1318445 + 403 4510 17844 +
7 1299856 1302685 + 404 235 2871 +
7 1353368 1354818 + 2711 3492 5037 -
7 1356512 1373223 + 312 30985 49187 +
7 1375611 1382892 + 312 22017 30464 +
7 1394551 1399541 + 312 4351 9461 +
7 1373537 1374686 + 313 885 2052 +
7 1402807 1405108 + 363 4477 6739 -
7 1407696 1414511 + 498 4972 11645 +
7 1419659 1422208 + 425 4263 6635 -
7 1423324 1448613 + 425 25447 39368 -
7 1460906 1465694 + 425 44235 48910 +
7 1471289 1485127 + 425 7188 20965 +
7 1453740 1458028 + 428 6305 10534 -
7 1467746 1470538 + 426 954 3600 +
7 1558360 1560034 + 262 4 1679 -
7 1601162 1604726 + 519 234 3691 -
7 2893249 2899356 + 136 1373 7440 +
7 2901376 2903086 + 136 9210 10907 -
7 1705919 1717505 + 553 9007 20394 +
7 1725112 1728730 + 448 760 4341 +
7 3455735 3459737 + 575 215 4296 -
7 1731425 1737366 + 576 59 5713 +
7 1795905 1797397 + 255 1038 2519 -
7 1871899 1877132 + 111 50310 59173 +
7 1882710 1904882 + 111 1139 22774 -
7 1907599 1943255 + 481 5935 41421 +
7 1948560 1956400 + 302 96674 104464 +
7 1962819 1965089 + 302 73526 75795 -
7 1965372 2004525 + 302 34548 72685 +
7 2010976 2038620 + 302 4791 31634 -
7 2040881 2060010 + 302 76642 95660 -
7 1958904 1961762 + 303 97 2620 +
7 3311114 3312228 + 168 134632 135639 +
7 3505847 3508026 + 248 36 2222 -
7 2131316 2134710 + 503 276 3644 +
7 4121342 4122650 + 2393 491 1679 -
7 2483819 2516751 + 526 6312 27401 +
7 2522084 2546352 + 526 28229 41661 -
7 2517611 2521991 + 527 1010 5019 -
7 2546393 2755426 + 13 125 203503 +
7 2755995 2772887 + 13 204843 219690 -
7 2775304 2860054 + 13 223113 296870 +
7 2860852 2864728 + 13 306107 309833 -
7 2865420 2871521 + 13 299915 305496 +
7 4027003 4030347 + 587 9785 13381 -
7 2907386 2934942 + 259 2782 19401 -
7 2993262 2999004 + 385 13122 18661 +
7 3006216 3007526 + 385 5687 6969 +
7 3013307 3049147 + 310 3308 38440 +
7 3053702 3065237 + 112 33394 44453 +
7 3068233 3074655 + 112 10150 15835 +
7 3076659 3083164 + 112 2551 8505 -
7 3083930 3096794 + 112 19281 31848 +
7 3100379 3107635 + 112 51450 57921 +
7 3107659 3133252 + 112 57979 81791 -
7 3136879 3142936 + 112 82038 87862 +
7 3143047 3155177 + 112 89143 100877 -
7 3159517 3198650 + 112 110505 148392 -
7 3201405 3202478 + 112 165743 166838 +
7 3202543 3205957 + 112 153869 157174 +
7 3207647 3209865 + 112 150681 152828 -
7 3211670 3218759 + 112 101880 108812 +
7 3219192 3223868 + 112 158963 163676 -
7 3224559 3233575 + 112 167620 176259 -
7 3235533 3274478 + 112 177680 212574 +
7 3274912 3287894 + 112 213138 225680 -
7 3294399 3309596 + 112 226664 241405 -
7 3133626 3135901 + 2439 323 2598 -
7 3830453 3831870 + 16 36623 38130 +
7 3833630 3844770 + 16 23150 34568 -
7 3853253 3866922 + 16 9666 22276 +
7 3290310 3291938 + 1861 118 1750 +
7 3459860 3481489 + 574 8591 27188 -
7 3504195 3505576 + 918 603 1977 +
7 3555382 3568715 + 334 32146 44328 +
7 3569483 3581913 + 334 4947 16982 -
7 3588145 3598106 + 334 45769 54747 -
7 3600392 3609894 + 334 18643 31531 +
7 3656283 3661218 + 66 47555 51976 +
7 3663489 3668391 + 66 1080 7677 -
7 3669266 3721603 + 66 23616 47494 -
7 3722724 3729263 + 66 53243 59535 -
7 3729913 3731225 + 66 20341 22026 +
7 3612459 3622724 + 263 22282 32724 +
7 3623272 3627960 + 263 6514 10740 +
7 3630238 3635450 + 263 11149 15072 -
7 3628367 3629938 + 281 2802 4435 -
7 3636898 3650085 + 281 4872 17459 +
7 3963996 3965563 + 476 14239 15685 +
7 3968742 3971725 + 476 5208 7804 +
7 3980321 4010961 + 476 18741 51092 -
7 3735042 3737576 + 515 1928 4394 -
7 3737699 3738901 + 2046 477 1729 +
7 3754737 3756818 + 1185 239 1733 -
7 3761635 3774037 + 121 9670 21029 -
7 3775766 3780828 + 121 1617 6918 +
7 3784646 3785959 + 536 7272 8599 +
7 3790286 3806374 + 536 28209 44530 -
7 3810129 3822224 + 536 12759 23746 +
7 3899485 3902463 + 2229 457 3275 +
7 3959582 3960783 + 270 1496 2681 +
7 3976031 3979328 + 477 404 3566 -
7 4101346 4102779 + 612 471 1985 -
7 4111286 4114243 + 2406 211 3094 -
7 4114866 4116499 + 2404 403 2037 -
7 4200435 4201857 + 568 883 2301 -
