1 3362 4749 + 4636 2614 4004 -
1 8867 12989 + 4635 17984 22083 -
1 5826589 5866724 + 4779 770640 803717 -
1 5869892 5986164 + 4779 1564677 1638277 -
1 5988696 6009130 + 4779 1538573 1563052 +
1 6009814 6090653 + 4779 1444971 1536359 -
1 6094382 6116187 + 4779 1419919 1442448 +
1 6117623 6374911 + 4779 1185920 1414719 -
1 6378756 6383037 + 4779 1177495 1181951 +
1 6459690 6465409 + 4779 1169676 1175332 +
1 6466318 6482885 + 4779 1155115 1167845 +
1 6483443 6593505 + 4779 1049068 1152183 -
1 6594493 6603161 + 4779 1040202 1048227 +
1 6604280 6827070 + 4779 805343 1039150 -
1 8133260 8160324 + 4779 1906499 1941164 -
1 8161587 8189641 + 4779 1872761 1903695 +
1 8192692 8195303 + 4779 1863386 1866009 -
1 8196048 8275187 + 4779 1819898 1862452 +
1 8275793 8355019 + 4779 1755062 1819353 -
1 8355842 8384360 + 4779 1724886 1753949 +
1 8385157 8448705 + 4779 1642771 1714791 -
1 8478099 8615209 + 4779 1942474 2087826 +
1 8616290 8621533 + 4779 2089837 2095171 -
1 8624287 8632533 + 4779 2096206 2107617 -
1 8633093 8708658 + 4779 2109636 2182799 +
1 8713136 8829065 + 4779 2187595 2321369 -
1 8839274 9009844 + 4779 2339374 2518112 +
1 9020368 9030406 + 4779 2521256 2531349 -
1 3291586 3294737 + 1226 2097 5001 +
1 17980 38859 + 4673 22185 32772 -
1 45711 48588 + 4694 41471 44510 -
1 49372 56854 + 4694 24669 35089 +
1 62132 103550 + 4694 75 20160 -
1 218088 221732 + 4694 58966 64618 +
1 2021138 2216548 + 4760 50937 268591 +
1 106251 165222 + 4693 55070 125221 -
1 170762 173973 + 4693 49606 52714 +
1 4231491 4251738 + 4753 50320 71244 -
1 4252456 4472616 + 4753 73457 272668 +
1 4473277 4481054 + 4753 273574 281181 -
1 4483950 4755581 + 4753 285935 546418 +
1 4756516 4758640 + 4753 550036 552370 -
1 4761524 5142709 + 4753 553969 939862 +
1 175003 187911 + 4645 22390 42107 -
1 228230 251985 + 4695 1310 26586 +
1 2217913 2241051 + 4761 1456 24757 +
1 2241835 2253071 + 4761 25960 35997 -
1 2256255 2266514 + 4761 39815 47535 +
1 5562989 5570262 + 4782 1648987 1656307 +
1 5616583 5824435 + 4782 1472006 1648020 -
1 6828051 6921085 + 4782 1383448 1470705 -
1 6921605 6927826 + 4782 1376511 1382366 +
1 6928167 7369755 + 4782 887550 1376113 -
1 7371455 7382032 + 4782 874544 884995 +
1 7386727 7449699 + 4782 801006 868818 +
1 7451855 7520810 + 4782 727391 797453 -
1 7521465 7546222 + 4782 701333 725990 +
1 7548095 7730027 + 4782 519931 700214 -
1 7730964 7738040 + 4782 511293 517503 +
1 7741726 7939254 + 4782 298969 509091 -
1 7939846 7975135 + 4782 263899 298728 +
1 7978108 8132557 + 4782 79590 259657 -
1 8451134 8470885 + 4782 53473 72803 +
1 8471165 8475402 + 4782 72946 77315 -
1 9031786 9077849 + 4780 1172 46379 -
1 305703 314303 + 4743 49170 58311 -
1 319286 328504 + 4743 67749 78001 +
1 329472 331104 + 4743 58866 60091 -
1 335303 361684 + 4743 82052 107568 -
1 365403 391061 + 4743 113920 133586 +
1 396909 401410 + 4743 136224 140926 -
1 402518 424266 + 4743 146121 167713 +
1 3032709 3141538 + 4770 395425 507170 +
1 3143127 3160773 + 4770 509836 528073 -
1 3162790 3174817 + 4770 529354 541236 -
1 3175030 3209153 + 4770 541414 576037 +
1 3209824 3224509 + 4770 576761 591020 -
1 3225330 3231147 + 4770 591879 597276 +
1 3280369 3290132 + 4770 376586 392080 -
1 3294780 3734611 + 4770 52087 370224 -
1 425439 442224 + 4744 1194 17257 +
1 444137 478293 + 4744 19139 42404 -
1 9084032 9151213 + 4744 50769 121411 +
1 9154443 9224128 + 4744 165429 224976 +
1 9227719 9232106 + 4744 158860 163249 +
1 9234196 9240837 + 4744 146405 154163 +
1 9246786 9255859 + 4744 133899 142958 -
1 9256503 9264853 + 4744 123425 132883 +
1 9270601 9340264 + 4744 230463 248444 -
1 9348698 9385362 + 4744 262101 297975 +
1 9386808 9424331 + 4744 299483 340614 -
1 9429306 9433844 + 4744 341705 348241 -
1 9435492 9517240 + 4744 352926 402036 +
1 9518774 9552969 + 4744 403687 438902 -
1 9554932 9567016 + 4744 440239 455314 +
1 9567724 9586453 + 4744 456697 475212 -
1 9625267 9646266 + 4744 486556 510130 -
1 9655998 9672390 + 4642 636 17735 -
1 1117013 1126089 + 4783 497570 507615 +
1 1146876 1151792 + 4783 491416 496150 -
1 1153201 1160574 + 4783 482880 489689 +
1 1160896 1192581 + 4783 454905 482262 -
1 1194555 1201198 + 4783 446781 453362 +
1 1201651 1206285 + 4783 407091 411822 +
1 1209933 1245921 + 4783 415726 441393 -
1 1247182 1259371 + 4783 394308 406307 -
1 1260365 1276930 + 4783 375637 392059 +
1 1285286 1290131 + 4783 362711 367856 -
1 1290938 1297994 + 4783 355095 362068 +
1 1298311 1306660 + 4783 343630 353082 +
1 1308902 1397896 + 4783 263400 342331 -
1 1399285 1413121 + 4783 248450 262534 +
1 1416300 1433430 + 4783 227451 245424 +
1 1438263 1498919 + 4783 160169 222813 -
1 1502737 1530739 + 4783 123895 153501 +
1 1532489 1594483 + 4783 55870 122987 -
1 5570619 5615241 + 4783 937 47096 +
1 1087386 1108612 + 4784 23291 44879 +
1 1126249 1145445 + 4784 382 20581 +
1 972669 999677 + 4734 2916 31676 +
1 1000755 1010672 + 4734 36174 45674 -
1 1644006 2020662 + 4734 48028 445513 -
1 2687139 2831913 + 4724 254396 402193 -
1 2832875 2846189 + 4724 237989 250979 +
1 2846663 2984997 + 4724 91102 235577 -
1 2986285 3000079 + 4724 75542 89600 +
1 3001057 3002789 + 4724 73553 75299 +
1 3003225 3026901 + 4724 49945 73025 -
1 5189439 5481738 + 4701 255526 530280 +
1 3972883 4154827 + 4732 48193 134401 +
1 9600308 9622774 + 4745 74 23194 -
1 9591579 9598069 + 4643 9395 15802 +
1 1599140 1643962 + 4735 285 46948 -
1 1058350 1086240 + 4661 51861 79606 -
1 492168 565992 + 4733 53044 131125 +
1 566190 569202 + 4733 132656 135984 -
1 571633 584568 + 4733 137648 150404 +
1 594945 636208 + 4733 174818 213763 -
1 636429 637952 + 4733 172837 174579 +
1 639914 643380 + 4733 167172 171094 -
1 644731 833983 + 4733 219319 389679 +
1 836412 846820 + 4733 392876 402775 -
1 847420 956918 + 4733 403347 467288 +
1 4155058 4227873 + 4733 55 43075 +
1 2640762 2668913 + 4725 18234 46531 +
1 2669251 2686762 + 4725 17 17662 -
1 2368617 2442941 + 4775 258648 319178 -
1 2443447 2480097 + 4775 218687 257595 +
1 2481803 2525817 + 4775 164103 216041 -
1 2526648 2531040 + 4775 158791 163113 +
1 2532264 2639678 + 4775 48593 157850 -
1 2266639 2365989 + 4776 6117 47741 -
1 1015662 1049955 + 4663 773 35385 -
1 5507058 5510655 + 4703 68 3630 +
1 5511892 5561805 + 4703 4595 40205 -
1 1051386 1057954 + 4662 380 10119 -
1 3232450 3279968 + 4771 64 47514 +
1 5181492 5188635 + 4755 223 7595 +
1 5502160 5506973 + 4702 884 5761 +
1 9673680 9684650 + 4641 530 12823 -
1 9693216 9766882 + 4640 48971 65967 -
2 87367 91178 + 4700 35527 39387 +
2 97178 105055 + 4700 25396 33468 +
2 154996 166107 + 4700 3076 14228 -
2 841913 854994 + 4700 133152 145717 +
2 883045 952086 + 4700 49339 123260 -
2 9105 44783 + 4661 25 36188 -
2 47206 69903 + 4660 58966 88642 -
2 79873 86121 + 4660 48123 54449 +
2 172648 178395 + 4782 41452 47119 +
2 180079 184230 + 4782 35682 39875 +
2 186358 207716 + 4782 12260 33452 +
2 209803 217404 + 4782 1076 8640 -
2 775241 776492 + 4783 52671 53971 -
2 3822822 3826394 + 4690 64582 69401 +
2 4086160 4091046 + 4690 3336 8241 -
2 4434606 4470525 + 4777 303 47008 +
2 952868 962890 + 4729 49371 59316 -
2 963848 1010849 + 4729 59720 106004 +
2 1011388 1022954 + 4729 106502 113847 -
2 1023241 1488535 + 4729 114193 310154 +
2 1496623 1511204 + 4729 316705 331358 -
2 1512219 1619215 + 4729 333085 436985 +
2 1622148 1630569 + 4729 455103 463546 -
2 1645276 1763551 + 4729 467182 560736 +
2 1767024 1769043 + 4729 566303 569977 -
2 1781961 1816918 + 4729 583336 618009 +
2 2238444 2301262 + 4772 910341 981099 -
2 2303119 2307719 + 4772 887690 892343 +
2 2307828 2312563 + 4772 897670 902654 -
2 2320336 2527859 + 4772 666023 883347 -
2 2528567 2548656 + 4772 644427 665359 +
2 2549388 2768414 + 4772 422083 643683 -
2 2771554 2783579 + 4772 409768 421325 +
2 2784494 2807123 + 4772 382214 406399 -
2 2807677 2826322 + 4772 363069 381551 +
2 2827435 2862268 + 4772 330559 361926 -
2 2864777 2897518 + 4772 296202 328278 +
2 2921215 2931253 + 4772 281533 292683 +
2 2933654 2952572 + 4772 256055 276805 -
2 2952908 2960884 + 4772 247623 255335 +
2 2961859 2974449 + 4772 232435 245251 +
2 2976531 3083185 + 4772 117131 229853 -
2 3084948 3098143 + 4772 102559 115771 +
2 3099072 3142201 + 4772 59025 101053 -
2 3142733 3150895 + 4772 50347 58203 +
2 4078421 4083441 + 4644 22658 27660 -
2 4067563 4078410 + 4645 678 12880 -
2 1882897 1885408 + 4706 19605 22133 -
2 1908077 1918745 + 4706 287 10807 +
2 3873116 3886390 + 4706 31937 46696 +
2 660973 681037 + 4742 25669 45678 +
2 691263 693961 + 4742 14777 17492 -
2 3153091 3208061 + 4709 47304 110470 +
2 3208833 3226221 + 4709 111577 133497 -
2 3226567 3344521 + 4709 133790 232121 +
2 3348371 3408151 + 4709 235485 274818 -
2 3410118 3443951 + 4709 276952 309657 +
2 1818748 1850735 + 4730 6507 42747 +
2 346468 383244 + 4688 4809 40126 -
2 219324 308287 + 4781 93615 179674 -
2 315657 332655 + 4781 48929 66572 +
2 3937441 3958238 + 4671 13236 38151 -
2 3968177 3978611 + 4671 1832 12119 +
2 3489928 3543172 + 4779 49389 95295 +
2 3548983 3551782 + 4779 103359 106044 -
2 3553455 3575208 + 4779 114611 138720 +
2 3777862 3821703 + 4779 192293 242365 +
2 4038470 4050851 + 4779 164938 189914 -
2 4053836 4064423 + 4779 147730 158158 +
2 4177775 4179641 + 4727 42505 44439 +
2 4183934 4212343 + 4738 8941 37207 +
2 756309 764107 + 4667 26131 34581 -
2 794249 809878 + 4667 390 18229 +
2 1892242 1907992 + 4705 257817 274970 +
2 1922202 1980123 + 4705 191738 252511 -
2 1981107 1983041 + 4705 189019 191108 +
2 1983738 2185244 + 4705 48427 188154 -
2 3834515 3845293 + 4714 78898 98948 +
2 397583 417004 + 4687 205911 224449 -
2 422074 423642 + 4687 185836 187367 +
2 424760 434315 + 4687 189565 200102 -
2 440532 486515 + 4687 135529 177935 -
2 488618 526589 + 4687 90377 128153 +
2 532024 555962 + 4687 49249 75953 +
2 709566 721595 + 4687 20534 32653 -
2 2186720 2237869 + 4773 570 47488 -
2 1860795 1878433 + 4715 28436 45748 -
2 3848910 3867844 + 4715 3320 21350 +
2 4324081 4341601 + 4776 56557 75179 +
2 4343812 4385943 + 4776 75996 105121 -
2 4387680 4417089 + 4776 109562 139511 -
2 4418492 4433853 + 4776 141698 157132 +
2 4095472 4151188 + 4689 5304 30129 -
2 579628 591889 + 4741 63881 79756 +
2 597366 648546 + 4741 84969 133647 -
2 769173 773199 + 4665 73346 77207 +
2 777279 789090 + 4665 80912 91641 +
2 3583901 3586111 + 4665 37939 40188 +
2 3589836 3594206 + 4665 42526 46569 -
2 3595930 3731229 + 4665 7654 33136 -
2 3739774 3762929 + 4670 52875 72289 +
2 3766557 3776675 + 4670 84265 94882 +
2 3961647 3966188 + 4670 157249 161988 +
2 3979464 4026820 + 4670 107470 153865 +
2 4030613 4037102 + 4670 97132 103515 -
2 4276700 4278039 + 4670 78521 79858 -
2 725187 749188 + 4721 48536 75400 -
2 4279504 4281168 + 4692 61281 62933 +
2 4284634 4307944 + 4693 920 33277 +
2 819520 840100 + 4701 15042 35254 -
2 856217 865317 + 4701 24 9158 +
2 3464529 3469820 + 4710 22592 29903 +
2 3478981 3484387 + 4710 35260 40320 -
2 4219477 4220520 + 4737 98449 99492 +
2 4222585 4237626 + 4737 63543 78601 -
3 9621 28876 + 4698 47449 66630 +
3 29600 31742 + 4698 68745 71902 -
3 32922 41741 + 4698 72983 81581 +
3 44493 82736 + 4698 82862 106621 -
3 83813 85045 + 4698 113536 114861 -
3 100376 106860 + 4698 121252 128173 +
3 110595 118157 + 4698 133329 140627 -
3 124473 150416 + 4698 145829 157818 +
3 257448 282828 + 4764 3104 29909 +
3 283599 286244 + 4764 40431 43820 -
3 3792022 4294811 + 4758 891644 1359267 +
3 4296113 4303536 + 4758 1359914 1367450 -
3 4306305 4365424 + 4758 1372347 1435507 +
3 4371880 4386708 + 4758 1441940 1458592 -
3 4390422 4398623 + 4758 1460196 1468223 -
3 4401621 4421937 + 4758 1472270 1492034 +
3 465263 555981 + 4762 85443 186275 +
3 560572 580787 + 4762 189344 205058 -
3 581848 594233 + 4762 214290 226713 -
3 600781 1041550 + 4762 228147 399141 +
3 1061906 1093215 + 4762 402751 436170 -
3 1097042 1352320 + 4762 439252 673156 +
3 1354869 1374079 + 4762 680318 698843 -
3 1381371 1400715 + 4762 703591 719154 +
3 1404280 1415204 + 4762 721826 732724 -
3 1415920 1426568 + 4762 738273 748716 -
3 1431577 1474812 + 4762 749666 792300 +
3 1515866 1535916 + 4762 3042 22963 +
3 2752969 2789877 + 4762 1006153 1043513 -
3 2791914 2794739 + 4762 1000408 1003309 +
3 2795641 2807058 + 4762 988215 1000009 -
3 2808602 2810528 + 4762 944067 945848 -
3 2812355 2847436 + 4762 962988 985851 +
3 2848898 2866982 + 4762 946352 959149 +
3 2867521 2911232 + 4762 902728 938286 -
3 2911541 2912755 + 4762 900814 902073 +
3 2914507 3007971 + 4762 814272 899048 -
3 3037931 3052803 + 4762 794485 809557 +
3 4527148 4534399 + 4762 41574 44379 -
3 86066 98103 + 4709 929 18746 -
3 4506589 4522356 + 4709 20619 42091 +
3 2058982 2152724 + 4779 310460 405837 +
3 2154453 2161328 + 4779 408050 416846 -
3 2166048 2263252 + 4779 422817 474460 +
3 2267523 2278315 + 4779 479993 491115 -
3 2284887 2349083 + 4779 497549 556697 +
3 2350029 2364402 + 4779 557138 571261 -
3 2365284 2567715 + 4779 572543 768246 +
3 4913668 4922194 + 4779 296600 307329 -
3 2614700 2726147 + 4735 48417 165337 -
3 4663806 4672346 + 4643 18792 27460 +
3 119479 121698 + 4638 17575 19912 -
3 3695958 3721567 + 4638 46481 72294 +
3 3729636 3745337 + 4638 77683 94508 +
3 220175 254258 + 4763 48088 87668 +
3 2727521 2744948 + 4763 24487 42283 +
3 2746258 2747537 + 4763 4606 5967 +
3 2748736 2752859 + 4763 19 4162 -
3 1902359 1984432 + 4715 122296 208275 -
3 1986717 2017681 + 4715 88484 120277 +
3 2018251 2042771 + 4715 63387 87780 -
3 2043889 2056500 + 4715 49599 62213 +
3 3395697 3437095 + 4675 2993 46433 -
3 1558971 1611580 + 4727 199907 252168 +
3 1614133 1625035 + 4727 252899 263920 -
3 1626236 1856844 + 4727 265931 445618 +
3 3017222 3030105 + 4727 61537 74358 +
3 3053889 3057822 + 4727 85691 89871 +
3 3058899 3096581 + 4727 92075 130265 -
3 3101419 3117908 + 4727 134654 151201 -
3 3118419 3119978 + 4727 151667 153289 +
3 3122529 3124945 + 4727 154385 156927 -
3 4562726 4568061 + 4727 169398 174756 +
3 4571389 4575016 + 4727 161126 164279 -
3 2570400 2599719 + 4736 14354 46156 -
3 4998136 4999665 + 4765 85036 86540 -
3 3126241 3137536 + 4753 34843 46538 +
3 4597476 4620764 + 4753 9091 31800 +
3 4880727 4909316 + 4670 11689 44378 +
3 5221820 5223506 + 4670 48508 50191 +
3 176765 191384 + 4732 5312 13349 -
3 202264 217667 + 4732 21968 42885 -
3 193611 196881 + 4731 51485 54752 -
3 1477366 1489885 + 4761 55960 68599 +
3 1490842 1493552 + 4761 70008 72685 -
3 1495523 1512772 + 4761 73824 90746 +
3 3032014 3036390 + 4761 48357 52740 +
3 3144025 3239703 + 4745 59906 169771 +
3 3243510 3246168 + 4745 172994 175599 -
3 3248654 3251757 + 4745 177458 180711 +
3 3253223 3268371 + 4745 181371 196318 -
3 3269691 3286530 + 4745 199018 215698 +
3 3287409 3290231 + 4745 216201 219020 -
3 3290517 3295027 + 4745 219769 224398 +
3 3295640 3317180 + 4745 227350 250145 -
3 3318224 3348612 + 4745 254745 286045 +
3 1894459 1896530 + 4729 79 2272 +
3 4423770 4442418 + 4759 1691 19465 +
3 4444518 4447376 + 4759 21186 23983 -
3 4447747 4450387 + 4759 26472 29214 -
3 4453624 4467282 + 4759 32708 46505 -
3 5098502 5106061 + 4701 238655 246499 +
3 5107406 5142262 + 4701 195705 235500 -
3 5147978 5182880 + 4701 144625 180814 +
3 5184756 5194814 + 4701 130035 141312 -
3 5196674 5201941 + 4701 121875 127075 +
3 5215891 5218399 + 4701 113849 116395 -
3 5229754 5269532 + 4701 47305 91962 -
3 4543920 4557639 + 4752 150614 164294 -
3 4622680 4633751 + 4752 132669 148036 -
3 4676989 4723632 + 4752 54724 102673 +
3 4933611 4962696 + 4669 67579 98542 -
3 4972064 4973195 + 4669 56406 57499 +
3 330218 338078 + 4678 25941 34195 +
3 339271 343641 + 4679 1001 7710 +
3 405598 422429 + 4674 17490 34658 +
3 3461035 3479864 + 4674 257303 276823 +
3 3480624 3483439 + 4674 250675 253713 +
3 3484378 3695613 + 4674 46935 249758 -
3 5006390 5013732 + 4655 226 7565 +
3 3724582 3726860 + 4682 94488 96782 -
3 5002224 5005783 + 4654 28427 31968 +
3 1857951 1894026 + 4728 626 39572 +
3 3351104 3377041 + 4746 3139 28944 +
3 3378322 3393635 + 4746 31432 46261 -
3 4469706 4472649 + 4651 22143 25319 +
3 4475288 4478101 + 4651 29456 32059 -
3 4480719 4487658 + 4651 10184 17266 +
3 4497410 4506412 + 4651 445 9647 +
3 4489946 4497005 + 4650 2437 13027 +
3 4724191 4727535 + 4755 16316 20455 +
3 5035719 5055662 + 4648 844 17789 -
3 5056391 5060925 + 4647 10054 14759 -
4 9116 31178 + 4767 48118 49926 -
4 65385 66881 + 4767 51703 53455 -
4 4814666 4819055 + 4767 239338 243692 +
4 33734 63526 + 4746 48886 68884 +
4 73459 161952 + 4746 78230 150754 +
4 162150 166335 + 4746 151710 155649 -
4 172119 197192 + 4746 159999 181731 +
4 243932 278839 + 4746 186478 221733 +
4 279191 319370 + 4747 187 43787 +
4 1267377 1270083 + 4747 116423 118764 +
4 3945230 3988083 + 4747 328519 371091 -
4 3988992 4008081 + 4747 303263 322943 +
4 4011025 4012725 + 4747 296409 298087 +
4 4013537 4131579 + 4747 205053 295664 -
4 4137718 4139455 + 4747 197597 199285 +
4 4140733 4229560 + 4747 119783 193441 -
4 4247249 4321646 + 4747 55491 77743 -
4 5645136 5676467 + 4738 121956 153830 +
4 5679532 5690565 + 4738 157904 169279 -
4 5691191 5693209 + 4738 170144 172204 -
4 5694412 5713472 + 4738 173055 191042 +
4 5715221 5717476 + 4738 192763 195211 -
4 5718285 5721755 + 4738 195550 199011 -
4 5722080 5728569 + 4738 199697 204253 +
4 5729338 5743429 + 4738 204988 220421 -
4 5752197 5755559 + 4738 231226 234318 +
4 5794120 5805422 + 4738 109184 120928 -
4 5806774 5808003 + 4738 106626 107937 +
4 5809606 5822985 + 4738 88479 102053 -
4 5824372 5847282 + 4738 57731 82404 +
4 1297122 1395841 + 4766 123023 225368 +
4 1398355 1402665 + 4766 231587 236085 -
4 1412799 1417040 + 4766 239529 243854 +
4 1425732 1433968 + 4766 249094 257574 -
4 1435147 1494708 + 4766 262556 282585 +
4 1505343 1509742 + 4766 294071 298462 -
4 1510228 1529500 + 4766 299987 319888 +
4 4348055 4370502 + 4766 97309 120528 -
4 4371717 4399761 + 4766 71075 96111 +
4 4400573 4419270 + 4766 47993 67186 -
4 1179214 1255654 + 4768 48702 123321 -
4 4829050 4849694 + 4768 24772 45170 +
4 1256476 1258089 + 4770 45306 47003 +
4 1259874 1265578 + 4770 39098 44695 -
4 1278074 1284348 + 4770 31450 37901 +
4 213077 223557 + 4729 23509 34414 -
4 231639 242684 + 4729 12009 22211 +
4 498466 500716 + 4667 53204 55498 +
4 1530647 1543276 + 4719 155897 167352 +
4 3410263 3412387 + 4758 310094 312177 +
4 3513692 3537689 + 4758 449523 473839 +
4 3538581 3545804 + 4758 475451 482680 -
4 3547549 3670737 + 4758 483701 619619 +
4 3673117 3689536 + 4758 630699 647229 -
4 3689992 3697771 + 4758 649082 656758 -
4 3698446 3707017 + 4758 621449 630209 +
4 3707470 3726553 + 4758 657497 677088 +
4 3727569 3729000 + 4758 678291 679701 -
4 3730193 3774488 + 4758 680652 698127 -
4 3775952 3799494 + 4758 699981 723930 -
4 3802776 3839147 + 4758 727580 768682 +
4 3842599 3880246 + 4758 778360 819352 -
4 3880975 3895671 + 4758 820747 834613 -
4 3896223 3928555 + 4758 835506 870489 +
4 3934308 3943996 + 4758 873508 891116 -
4 5195164 5274691 + 4758 55175 97019 +
4 5282911 5302170 + 4758 102058 121207 +
4 5361020 5411928 + 4758 148540 199104 +
4 5414301 5418006 + 4758 200855 204619 -
4 5418790 5519557 + 4758 205992 307448 +
4 5521487 5575346 + 4758 319656 373199 +
4 5577337 5605159 + 4758 375978 403291 -
4 5610889 5643848 + 4758 407621 441729 +
4 5791868 5793836 + 4758 442444 444469 -
4 1545721 1553093 + 4713 49158 56073 +
4 1553592 1564410 + 4713 62400 72781 -
4 1570918 1613291 + 4713 76837 120891 +
4 1614312 1659910 + 4713 125089 171908 -
4 1661555 1674738 + 4713 179136 200361 +
4 1675564 1688248 + 4713 202145 217387 -
4 1690659 1700343 + 4713 227799 235660 -
4 1712483 2072510 + 4713 253663 524055 +
4 1088089 1175046 + 4769 3912 45985 -
4 1287841 1295980 + 4769 2099808 2107745 -
4 2119363 2842671 + 4769 830329 1489661 +
4 2843683 2852466 + 4769 1490376 1499822 -
4 2855041 2990310 + 4769 1502277 1651694 +
4 3000089 3015217 + 4769 1665156 1680451 -
4 3020731 3127172 + 4769 1687931 1775385 +
4 3128677 3397791 + 4769 1798106 2093674 +
4 3405227 3409581 + 4769 2094552 2099017 -
4 4444293 4462970 + 4769 797077 805375 -
4 4465626 4474833 + 4769 783377 793144 +
4 4475772 4743591 + 4769 528399 781248 -
4 4744943 4749451 + 4769 522727 527314 +
4 4749919 4812384 + 4769 459207 520653 -
4 4852370 4900043 + 4750 200 45796 -
4 3414479 3485969 + 4749 50972 121550 +
4 3486740 3491694 + 4749 122216 127112 -
4 3492928 3512509 + 4749 133763 162152 +
4 4900106 4927101 + 4749 190243 216456 -
4 4928888 4942600 + 4749 173584 189108 +
4 5787212 5789142 + 4749 169367 171398 -
4 415571 419955 + 4760 31796 35682 +
4 420772 423780 + 4760 27789 30915 +
4 424834 462977 + 4760 4575 26509 -
4 329880 331354 + 1517 617 2503 -
4 348375 349477 + 4635 13328 14362 -
4 739549 740970 + 4757 50413 51864 +
4 747356 754663 + 4757 60639 68246 -
4 767065 828175 + 4757 80582 144358 +
4 842491 871197 + 4757 146233 180092 +
4 478126 487505 + 4759 59054 68029 -
4 488531 489625 + 4759 68998 70163 +
4 500884 539475 + 4668 138 41138 +
4 556029 590253 + 4705 3440 38654 -
4 594021 671757 + 4704 77806 134985 -
4 677754 685679 + 4704 55025 65375 +
4 690845 694595 + 4704 50532 54051 -
4 5046250 5066821 + 4704 6994 27233 +
4 5158043 5165410 + 4680 27607 35010 +
4 5176751 5194787 + 4680 2497 20502 +
4 698390 717557 + 4714 51992 73509 -
4 2072636 2118947 + 4714 146 46650 +
4 830239 842247 + 4659 23713 36071 +
4 4996432 5012864 + 4659 5040 22716 +
4 5764317 5785255 + 4740 167 22815 +
4 4959176 4987291 + 4656 46617 68547 -
4 5100968 5122744 + 4676 19036 41904 +
4 5129668 5140363 + 4676 645 11879 -
4 3400225 3404611 + 4710 50386 54723 +
4 4334064 4346735 + 4710 56968 70513 -
4 4944626 4956854 + 4657 344 12560 -
4 5140957 5146119 + 4675 46882 55581 -
4 5277689 5281939 + 4708 1165 5481 +
4 5338986 5350790 + 4637 2988 16895 -
4 5761676 5764095 + 4739 4938 7356 +
4 5891870 5945178 + 4699 10363 45779 +
5 3104046 3146748 + 4767 2067 44942 +
5 4563011 4646890 + 4767 148077 233906 -
5 4647777 4686122 + 4767 105667 147106 +
5 4687284 4727027 + 4767 56950 104894 -
5 1444952 1446737 + 4751 86859 88630 -
5 1448093 1461633 + 4751 72110 85320 +
5 1464369 1480926 + 4751 52773 69533 -
5 3258541 3260785 + 4751 90600 92638 +
5 3261189 3265974 + 4751 95065 99770 -
5 3268459 3740486 + 4751 100441 585239 +
5 3743074 3749543 + 4751 590210 597904 -
5 3751630 3774221 + 4751 599548 622506 -
5 3775604 3795637 + 4751 625381 645403 +
5 19087 59309 + 4726 47 45576 -
5 5301982 5311840 + 4726 49384 59700 +
5 5314571 5318129 + 4726 62929 66505 -
5 5319717 5344922 + 4726 68065 92878 +
5 5345782 5356886 + 4726 97340 107789 -
5 5360309 5396251 + 4726 108189 144886 +
5 5397727 5399560 + 4726 145639 147451 -
5 5401286 5436150 + 4726 149769 166822 +
5 5445068 5450208 + 4726 168739 173814 -
5 4300830 4547101 + 4723 47388 285393 -
5 419547 462729 + 4730 447862 492743 -
5 467612 471855 + 4730 437731 441893 +
5 473750 480102 + 4730 430227 436200 -
5 481981 694274 + 4730 149492 350715 +
5 697119 700814 + 4730 351545 355405 -
5 701818 707355 + 4730 359084 364916 -
5 715068 722466 + 4730 366032 373400 -
5 723911 728868 + 4730 378223 383119 +
5 732127 768073 + 4730 386876 422862 -
5 769072 771242 + 4730 423723 425923 -
5 798541 809373 + 4730 134900 146444 +
5 810289 820026 + 4730 117412 127777 +
5 822734 891338 + 4730 47835 114109 -
5 59330 73242 + 4725 156442 171580 -
5 95460 119531 + 4725 96057 119695 +
5 138269 162701 + 4725 55216 82679 +
5 4547300 4562453 + 4768 9805 24051 -
5 1489806 1572381 + 4720 51559 129312 -
5 4073015 4253576 + 4720 130217 286670 -
5 1359457 1369139 + 4684 46833 56804 -
5 1371467 1441271 + 4684 57452 128468 +
5 3191635 3257154 + 4684 130520 196248 -
5 6199027 6210839 + 4685 49587 61205 -
5 6244161 6249729 + 4685 115398 121216 -
5 6252688 6256429 + 4685 125462 129542 +
5 6261723 6262876 + 4685 133391 134552 -
5 6264159 6293293 + 4685 136519 167678 +
5 6294227 6306373 + 4685 168814 181352 -
5 6310192 6385341 + 4685 186661 268001 +
5 4765253 5297962 + 4639 46670 572568 -
5 1575361 1592008 + 4781 30816 47686 +
5 1592106 1620881 + 4781 72 29638 -
5 6042162 6043847 + 4690 16247 17968 -
5 6045392 6058399 + 4690 21848 39613 -
5 3846327 3948808 + 4651 59580 137008 +
5 5525768 5616550 + 4764 350580 444812 -
5 5617142 5636213 + 4764 329692 349696 +
5 5636798 5867708 + 4764 152208 328863 -
5 5875350 5936337 + 4764 110875 141898 +
5 5939162 5962985 + 4764 81218 106379 -
5 5964659 5968835 + 4764 72904 77088 +
5 5978176 5980053 + 4764 68739 70652 +
5 6023173 6041523 + 4764 49817 64817 -
5 287947 303717 + 4719 6869 21907 +
5 312007 318015 + 4719 26273 32381 -
5 166855 198492 + 4718 58624 70348 -
5 207867 281170 + 4718 78011 153790 +
5 1621093 1629724 + 4780 930567 939728 -
5 1927164 1935707 + 4780 51919 60783 -
5 1941751 2118181 + 4780 64782 253234 +
5 2120064 2146215 + 4780 255142 282255 -
5 2152744 2165636 + 4780 286140 302737 -
5 2166817 2227067 + 4780 307502 364676 +
5 2228114 2248228 + 4780 365518 385713 -
5 2249505 2361400 + 4780 387246 497546 +
5 2361957 2375134 + 4780 498947 512262 -
5 2375900 2391004 + 4780 513047 529901 +
5 2391558 2402650 + 4780 536148 548011 -
5 2408206 2416025 + 4780 548972 556578 +
5 2422812 2463806 + 4780 557009 598512 +
5 2464562 2470100 + 4780 599323 604792 -
5 2470659 2488886 + 4780 605613 623706 +
5 2491309 2494166 + 4780 624978 628177 -
5 2494993 2781685 + 4780 631366 892557 +
5 2785947 2793632 + 4780 894217 902500 -
5 2794770 2802849 + 4780 910141 918241 -
5 2805638 2813976 + 4780 919087 926404 +
5 6417496 6419594 + 4687 8968 11109 +
5 5438442 5445028 + 4727 678 6733 -
5 5452368 5457144 + 4727 9476 14247 +
5 5457864 5466050 + 4727 15917 24010 -
5 5468428 5481011 + 4727 24801 37129 -
5 4253593 4299459 + 4724 531 47195 -
5 6123782 6161809 + 4660 2671 44553 -
5 1631145 1675536 + 4766 564829 607665 -
5 1682985 1706149 + 4766 546352 558787 +
5 1712876 1743416 + 4766 504731 536533 -
5 1743733 1798165 + 4766 463240 504011 +
5 1799657 1879001 + 4766 375231 461909 -
5 1880429 1892771 + 4766 360583 373044 +
5 1893820 1923221 + 4766 329302 359355 -
5 1935962 1940497 + 4766 323202 327580 +
5 2817609 2973737 + 4766 608770 782114 +
5 2976473 2980662 + 4766 784098 790804 -
5 2981336 3004972 + 4766 793718 822896 -
5 3006527 3103394 + 4766 828097 932770 +
5 5481347 5492923 + 4765 28343 41829 +
5 5501686 5505298 + 4765 21030 24719 +
5 5507934 5516579 + 4765 9331 17973 -
5 5519221 5524978 + 4765 1568 7751 +
5 322552 340893 + 4697 49658 67674 +
5 348276 352434 + 4698 7223 11273 -
5 353134 381395 + 4698 11410 44535 +
5 3797471 3836686 + 4752 1763 43878 +
5 3955905 3974381 + 4653 489 18716 +
5 6090289 6102773 + 4756 26343 39206 -
5 3974400 3992386 + 4654 92 18296 +
5 385591 395273 + 4731 28845 39408 +
5 399280 400564 + 4731 14917 17297 -
5 403402 414048 + 4731 1066 12053 +
5 1218621 1313542 + 4736 59013 139497 +
5 2416565 2422750 + 4667 40473 46316 -
5 6386426 6409700 + 4686 719 23780 +
5 1315846 1327362 + 4737 1734 13282 +
5 1328197 1340100 + 4737 14287 26693 -
5 1341165 1357517 + 4737 27586 44255 +
5 3994901 4072345 + 4721 250 45655 -
5 3950878 3954713 + 4652 2530 6271 +
5 4728947 4765228 + 4640 93 37911 -
5 6162730 6168573 + 4659 51549 56079 -
6 1409 46806 + 4722 48899 101953 -
6 60901 75510 + 4722 104910 116988 -
6 77570 94487 + 4722 143623 160809 -
6 100818 103918 + 4722 138031 141249 +
6 131893 136594 + 4722 119398 124322 -
6 138593 149389 + 4722 162561 177048 +
6 3264544 3287090 + 4756 227892 252118 -
6 3288335 3300280 + 4756 212424 224574 +
6 3305161 3433227 + 4756 89497 206326 -
6 3437016 3466036 + 4756 52825 84219 +
6 4035551 4039732 + 4773 177276 181406 -
6 4074081 4078003 + 4773 151248 155783 +
6 4081376 4096583 + 4773 125980 140640 -
6 4097552 4110377 + 4773 110810 124041 +
6 4112450 4162080 + 4773 50464 109043 -
6 3616860 3628356 + 4673 35 11392 +
6 3076596 3123013 + 4772 801 46145 -
6 3243517 3264148 + 4757 922 22417 -
6 227815 232797 + 4747 635927 640808 +
6 238027 240815 + 4747 643422 646226 -
6 243835 247522 + 4747 653083 656976 +
6 249133 251100 + 4747 663002 664775 -
6 256532 278684 + 4747 666359 683059 +
6 280920 296534 + 4747 685681 699576 -
6 322710 329898 + 4747 703873 711038 -
6 398893 487072 + 4747 550519 623853 -
6 489590 524585 + 4747 508228 539939 +
6 535207 599176 + 4747 443622 503655 -
6 644225 657124 + 4747 423738 436748 -
6 1142575 1198556 + 4747 384074 420143 +
6 2215674 2408464 + 4690 97974 312603 -
6 2410141 2420720 + 4690 86590 96569 +
6 2421486 2436523 + 4690 71297 84951 +
6 2440064 2452073 + 4690 51081 62820 +
6 1027783 1038272 + 4775 33574 45332 -
6 1044062 1069669 + 4775 7076 33304 +
6 1089373 1092578 + 4775 583 3687 -
6 1096218 1097223 + 4775 46711 47731 +
6 47288 54928 + 4663 37187 44921 +
6 216004 226394 + 4748 29622 40204 +
6 297525 307162 + 4748 28 9305 -
6 331820 348036 + 4748 10252 27940 +
6 348417 349937 + 4748 42888 44420 -
6 3939237 3968852 + 4751 3375 38830 +
6 3970350 3974016 + 4751 43290 46998 -
6 600676 625870 + 4774 508545 535597 +
6 678759 717151 + 4774 552342 603013 +
6 719117 722450 + 4774 604462 607917 -
6 726992 732188 + 4774 608975 614112 -
6 733617 778213 + 4774 619081 666582 +
6 779617 816931 + 4774 667224 706051 -
6 817216 1004265 + 4774 707222 905843 +
6 1006906 1026061 + 4774 908135 927194 -
6 1202242 1265041 + 4774 415957 481067 -
6 1268260 1271323 + 4774 401892 404955 +
6 1276243 1308122 + 4774 361831 393972 -
6 1309925 1314856 + 4774 355612 361174 +
6 1323280 1328356 + 4774 344227 349031 +
6 1340501 1385421 + 4774 286904 334980 -
6 1386161 1390865 + 4774 282119 286080 +
6 1391656 1411010 + 4774 259984 280446 +
6 1414063 1424958 + 4774 247334 258265 +
6 1426360 1517211 + 4774 146997 245696 -
6 1518278 1523096 + 4774 137767 142502 +
6 1523856 1595966 + 4774 61525 136898 -
6 3980004 4010388 + 4774 11317 41067 +
6 1608802 1629052 + 4769 429604 449675 -
6 1629897 1645135 + 4769 412867 429142 +
6 1645764 1685037 + 4769 368389 412078 -
6 1706013 1789858 + 4769 292795 364742 -
6 1792358 1827987 + 4769 284034 291249 +
6 1830852 1922585 + 4769 216688 278699 -
6 1924328 1945631 + 4769 194841 215963 +
6 1947901 1977141 + 4769 157330 191134 -
6 1977845 1986779 + 4769 146907 156153 +
6 1989332 2075035 + 4769 48683 145174 -
6 2146673 2164928 + 4769 1777854 1796378 -
6 168240 201212 + 4723 4558 39875 -
6 3745880 3747060 + 4762 47857 49015 +
6 3125509 3211355 + 4771 73822 169630 -
6 3214324 3229145 + 4771 48777 63935 +
6 3809748 3824386 + 4750 51658 66495 -
6 3829943 3840316 + 4750 72496 82939 +
6 3840782 3845180 + 4750 83424 87938 -
6 3846342 3853729 + 4750 88855 96967 -
6 3859265 3867499 + 4750 100074 107398 -
6 3870726 3872022 + 4750 137809 138922 +
6 3872747 3891765 + 4750 112876 137248 -
6 3897776 3935981 + 4750 151623 193712 +
6 2077469 2101524 + 4715 211018 235286 +
6 2494614 2631126 + 4719 168743 304431 -
6 2632761 2769542 + 4719 51110 151090 -
6 1101317 1139460 + 4696 807 46434 +
6 2454594 2465062 + 4720 31019 41539 -
6 2465655 2481144 + 4720 12764 28513 +
6 2482534 2493367 + 4720 383 11892 -
6 3486319 3556729 + 4711 3323 42941 +
6 3557894 3564043 + 4671 55238 60893 -
6 3567432 3592591 + 4671 65661 98298 +
6 3668688 3700896 + 4740 73908 107019 -
6 1097322 1098770 + 4695 47038 48259 +
6 3727806 3735150 + 4655 18851 26643 +
6 3755051 3780456 + 4669 5831 26784 +
6 2103782 2107000 + 4716 249 3464 -
6 2107698 2138879 + 4716 4088 35865 +
6 3653892 3661494 + 4741 14746 28884 +
6 1689737 1692210 + 799 23927 26688 -
6 2167867 2210275 + 4691 787 43424 -
6 3593685 3616722 + 4672 1108 24950 +
7 2643496 2679264 + 4777 48473 83640 +
7 2680548 2686501 + 4777 84151 91185 -
7 2687000 2852695 + 4777 92450 259611 +
7 2853847 2855529 + 4777 261056 262764 -
7 2857755 2864780 + 4777 267002 276469 +
7 2865440 2869535 + 4777 282508 286567 -
7 2871963 2902732 + 4777 287169 318451 +
7 3130746 3198017 + 4777 792164 863709 -
7 3201408 3218353 + 4777 771748 789301 +
7 3219192 3291770 + 4777 699140 769366 -
7 3293457 3301971 + 4777 685470 694093 +
7 3306158 3313702 + 4777 676674 684321 -
7 3319248 3321793 + 4777 672397 674958 +
7 3324514 3457313 + 4777 554835 664496 -
7 3459278 3481208 + 4777 527429 553370 +
7 3483810 3560392 + 4777 426994 522022 -
7 3562117 3568680 + 4777 420237 426498 +
7 3569825 3597243 + 4777 385457 416375 +
7 3600361 3620347 + 4777 361426 384394 +
7 3621641 3650029 + 4777 324763 360043 -
7 1448 59959 + 4681 50739 115982 +
7 3732411 3760020 + 4681 19822 46637 +
7 1947957 2037827 + 4696 112620 203161 +
7 2105631 2134653 + 4696 47918 77599 -
7 3831110 3832222 + 4779 43122 44236 +
7 3833130 3856716 + 4779 530 40496 -
7 3083969 3088608 + 4778 35782 40530 +
7 3091139 3096059 + 4778 42617 47405 -
7 3100379 3123747 + 4778 457 24060 -
7 3859577 3889293 + 4778 157632 190727 -
7 3891384 3897150 + 4778 149944 155686 +
7 3898685 3950610 + 4778 93499 147584 -
7 3963976 3994795 + 4778 50460 86592 -
7 60605 107784 + 4682 383 45625 +
7 2993296 2999381 + 4682 47365 53464 -
7 3006228 3008159 + 4682 57561 59487 -
7 3013327 3032970 + 4682 72235 92834 +
7 3035421 3036734 + 4682 98328 99662 -
7 1565738 1600408 + 4766 13973 45160 +
7 950444 982093 + 4758 46 33415 -
7 3666118 3729222 + 4680 49388 83078 +
7 1615620 1757287 + 4683 50497 221421 +
7 1758119 1764198 + 4683 222586 228689 -
7 1765024 1844249 + 4683 229214 295990 +
7 3040463 3083150 + 4683 1675 46015 +
7 114804 125862 + 4711 76383 87413 -
7 126983 135071 + 4711 60304 68536 +
7 159682 196709 + 4711 92139 122399 +
7 353926 377827 + 4717 4011 32634 +
7 478515 533443 + 4713 55 33862 -
7 1285638 1318244 + 4765 48106 83172 +
7 1354741 1448842 + 4765 98842 196720 +
7 1449417 1484901 + 4765 199269 236535 -
7 1493126 1552673 + 4765 249006 316980 +
7 982097 1284546 + 4757 181596 408474 -
7 198374 211258 + 4712 892 15709 +
7 215750 220313 + 4712 23308 27718 -
7 226211 240482 + 4712 32524 45670 +
7 315140 316192 + 4712 48961 50117 +
7 388035 391441 + 4712 67317 68631 -
7 394441 422697 + 4712 88678 117038 -
7 426961 432075 + 4712 58963 63700 +
7 434520 437877 + 4712 119929 123651 -
7 443440 450630 + 4712 126145 133085 -
7 453136 456869 + 4712 147658 151244 +
7 460442 465025 + 4712 137174 141452 +
7 535003 632696 + 4712 303984 389004 -
7 633922 639796 + 4712 297375 303354 +
7 640513 781516 + 4712 154307 296123 -
7 4141184 4167875 + 4722 17579 45281 -
7 4168426 4172959 + 4722 12391 17000 +
7 1845694 1883353 + 4684 1636 46601 +
7 264821 305261 + 4646 15184 39688 +
7 307754 311990 + 4646 41167 44516 -
7 322829 324805 + 4716 54892 56869 +
7 1601180 1606211 + 4649 31963 37013 -
7 2906830 2935302 + 4743 11143 29519 +
7 2936028 2951051 + 4743 31784 46626 -
7 4036284 4041127 + 4743 2320 7571 -
7 4079272 4086457 + 4691 55028 62136 -
7 1907986 1932368 + 4697 20266 45024 +
7 2038426 2040475 + 4697 855 2875 +
7 782331 940353 + 4706 48421 198276 +
7 3765248 3780096 + 4656 23624 41522 -
7 3784874 3785966 + 4656 18619 19732 +
7 3790354 3804155 + 4656 423 14180 -
7 3804727 3822059 + 4655 57149 82582 -
7 4120930 4125664 + 4721 99014 103667 -
7 4174769 4191202 + 4721 111948 128869 +
7 4043342 4071213 + 4749 369 33012 -
7 4112194 4116529 + 4749 39059 43408 -
7 4127026 4136510 + 4707 9968 19795 -
7 4200435 4233175 + 4707 21961 41432 +
7 4234544 4235720 + 4643 38941 40149 +
7 2954265 2958078 + 4665 764 4549 -
7 3952135 3960778 + 4638 21770 30648 -
7 3997992 4010965 + 4638 3832 16717 -
7 2483296 2518202 + 4678 205 23187 -
7 2959143 2990164 + 4664 5772 40224 -
7 3654342 3661217 + 4692 3979 10652 -
7 4088830 4103398 + 4692 15974 38502 -
7 2549055 2642711 + 4676 49639 142567 -
7 2518220 2548323 + 4677 343 21982 -
7 4016723 4017893 + 4637 23104 24234 -
7 4019060 4020936 + 799 4796 6769 +
7 4026832 4029981 + 4742 56637 59806 +
8 93091 98445 + 1 26 5379 +
