1 1478 44162 + 205 10970 43946 +
1 1029352 1193535 + 32 45334 205003 -
1 1193852 1199263 + 32 36214 41366 +
1 1201665 1247215 + 32 421 35542 -
1 4976427 5189315 + 26 13170 222408 -
1 45585 129712 + 81 57801 129250 -
1 130431 143362 + 81 41553 54018 +
1 145075 180712 + 81 2472 40627 -
1 5299796 5301487 + 248 163 1869 -
1 7023999 7137934 + 37 395 126334 -
1 7137961 7199656 + 37 130485 193091 -
1 3972730 4482204 + 8 17933 363584 -
1 7978013 8057416 + 141 1855 79798 -
1 2556470 2558351 + 208 186 2061 -
1 8837641 8875794 + 56 213620 239112 -
1 8876061 8877654 + 56 211434 213016 +
1 8881870 8985036 + 56 99662 204533 -
1 8988121 9010062 + 56 66507 79930 +
1 9013619 9015064 + 56 62816 64582 +
1 9019233 9030434 + 56 82530 93434 -
1 9031637 9094244 + 56 725 59879 -
1 5626271 5627365 + 5 457028 458108 -
1 5629468 5677012 + 5 459858 510392 +
1 8132926 8316497 + 36 23851 160616 +
1 8477650 8502945 + 36 352 23493 -
1 185960 187930 + 402 7487 9587 -
1 290364 328442 + 87 87512 124542 -
1 332246 361055 + 87 52867 79281 +
1 364965 369182 + 87 80454 84380 -
1 378277 391929 + 87 28835 40841 -
1 397050 401477 + 87 22649 27053 +
1 422926 442204 + 87 867 18626 +
1 216132 218499 + 386 4512 7547 -
1 219826 221818 + 242 167 2140 -
1 223104 255437 + 241 3126 36174 -
1 9436403 9461140 + 39 233139 257163 +
1 9463712 9768396 + 39 589 224312 -
1 4699131 4976100 + 17 1274 277632 -
1 4693347 4697869 + 491 408 4861 -
1 6808854 7014064 + 29 972 216068 -
1 256872 259779 + 375 4658 9125 +
1 9118202 9151306 + 85 981 33920 +
1 9154395 9182373 + 85 74584 90173 -
1 9184700 9220838 + 85 91478 127341 +
1 9227218 9256157 + 85 44691 72551 -
1 9256554 9264167 + 85 35510 43455 +
1 8504176 8630959 + 73 2213 134387 -
1 2356507 2455605 + 156 1840 103727 -
1 1382196 1690197 + 52 521 317075 +
1 1312081 1379935 + 239 3004 57031 +
1 3371657 3461992 + 28 127392 216194 -
1 3463322 3510274 + 28 98350 126530 +
1 3511414 3712235 + 28 1216 94738 -
1 8719339 8828092 + 93 1016 121165 -
1 5779044 5868465 + 109 1082 82357 +
1 8450876 8470887 + 109 84179 103427 +
1 8471026 8475422 + 109 103596 108032 -
1 1890193 2354744 + 6 260 400842 -
1 402348 422614 + 7 134 20505 -
1 444114 478197 + 7 23123 45767 +
1 492168 493936 + 7 53500 55282 -
1 494746 588414 + 7 60880 166304 +
1 594102 643384 + 7 180295 226906 -
1 643863 1028910 + 7 229532 531437 +
1 9222587 9224519 + 178 2183 4115 +
1 9265484 9354909 + 178 5203 42717 +
1 9356247 9378450 + 178 43614 63315 -
1 9379737 9420977 + 178 65277 103836 +
1 3298738 3371395 + 153 1565 72902 -
1 1690853 1842435 + 62 612 153276 -
1 1853447 1890189 + 264 2684 35952 -
1 5869076 6166489 + 18 1219 261599 -
1 8351184 8450496 + 18 263517 380831 -
1 9105484 9107479 + 348 465 2432 -
1 6711878 6735373 + 282 2940 26474 +
1 6215116 6590094 + 48 770 254738 +
1 5190191 5298358 + 111 3111 108060 +
1 2558512 2604956 + 207 2529 49163 -
1 2456190 2480623 + 115 1889 26433 +
1 2481752 2494875 + 115 27077 40126 -
1 2496441 2555426 + 115 45289 103279 +
1 2817145 2936237 + 83 1342 127816 +
1 2669896 2816207 + 66 747 147591 +
1 7726992 7852485 + 84 986 127933 +
1 4512132 4515239 + 408 4974 8179 +
1 6213592 6214777 + 189 600 1747 +
1 4522629 4600307 + 171 1702 65391 +
1 7311277 7625226 + 11 2337 307644 +
1 3121745 3165413 + 218 2915 45906 +
1 3169058 3209101 + 216 4773 44857 -
1 3222902 3224561 + 216 2630 4167 +
1 6590441 6711610 + 89 964 122765 +
1 7201169 7258846 + 173 9120 70251 -
1 7853625 7975180 + 86 1383 126680 +
1 4515559 4519444 + 409 241 4071 +
1 8081585 8082630 + 164 235 1245 -
1 6737765 6740294 + 343 774 3411 -
1 8653559 8657959 + 263 37693 42041 -
1 8669686 8699522 + 263 2689 32009 -
1 6735543 6737490 + 283 892 2811 +
1 3166497 3168533 + 217 98 2078 -
1 5357256 5622122 + 88 1402 235802 -
1 1247530 1310390 + 180 2611 63194 -
1 4672527 4673762 + 180 198 1409 +
1 8083349 8132646 + 163 2802 67938 -
1 1380246 1382172 + 240 362 2314 +
1 9108538 9118160 + 347 3462 12847 -
1 8058310 8076546 + 295 3312 21681 +
1 8660313 8668121 + 328 23021 30398 +
1 6751599 6806947 + 192 1912 56660 +
1 1844579 1852283 + 381 4011 11706 -
1 2955902 2985222 + 53 597 32008 +
1 2986285 3000080 + 53 33074 46684 -
1 3001040 3002833 + 53 46948 48734 -
1 3003227 3007856 + 53 49251 53672 -
1 3008466 3119807 + 53 54239 164365 +
1 5777356 5778757 + 177 61 1457 +
1 5301509 5357029 + 247 3270 36682 -
1 4508954 4511170 + 244 138 2308 +
1 2606673 2669733 + 170 1772 65708 -
1 2937419 2940465 + 314 78 3121 -
1 3209543 3220771 + 137 74448 85310 +
1 3225303 3297591 + 137 1569 73941 -
1 7260252 7309514 + 191 2481 54482 -
1 3712517 3734283 + 338 11870 19250 -
1 7018683 7022199 + 398 63 3451 +
1 6168937 6213217 + 188 3439 59038 +
1 4483020 4508244 + 243 12294 37189 +
1 8631489 8651928 + 298 3181 24194 -
1 4601449 4672521 + 179 1806 73628 +
1 4674403 4691643 + 312 3609 20384 +
1 5677520 5777236 + 176 1964 63217 +
1 8078564 8080938 + 296 250 2683 +
1 6741756 6751580 + 342 3575 13337 -
1 7015041 7018590 + 397 5160 8740 +
1 7626921 7726706 + 118 1398 98403 -
1 9095035 9099589 + 412 4159 8381 +
1 9100659 9102092 + 413 1576 3000 +
2 2359968 2548178 + 80 865 189347 -
2 8933 32999 + 280 3697 25637 +
2 36675 49864 + 251 10085 23090 -
2 57478 78119 + 228 24701 46488 -
2 79798 86156 + 228 16465 22610 +
2 87276 91188 + 228 11004 14818 -
2 269981 313751 + 41 2130 43395 +
2 315581 332366 + 41 50162 66774 -
2 345754 423667 + 41 75627 140752 +
2 424762 434315 + 41 142158 152295 -
2 438738 549434 + 41 156378 271510 +
2 1618833 1804760 + 143 1423 155263 +
2 3216636 3437211 + 44 484 173577 +
2 96900 227170 + 112 1317 98507 -
2 3834054 3871500 + 144 32194 75857 -
2 3881988 3949616 + 144 2899 27248 +
2 4446148 4470525 + 244 4117 32647 -
2 1806986 1851249 + 157 1687 43502 +
2 1855099 1859810 + 157 44361 49331 -
2 1861437 1880708 + 157 50582 68144 +
2 3063927 3083420 + 124 72355 90566 -
2 3084977 3098136 + 124 57767 71293 +
2 3099015 3154508 + 124 1344 55941 -
2 2738608 2780388 + 56 250623 291167 -
2 227795 268382 + 268 3074 51113 +
2 1882958 1889397 + 16 3650 10086 +
2 1892049 1919385 + 16 12945 41237 -
2 1921952 2246712 + 16 45521 294255 +
2 3830825 3832209 + 16 1223 2553 -
2 3738176 3746917 + 331 18682 27464 +
2 1366431 1454266 + 15 992 85124 +
2 1464557 1525025 + 15 95381 158513 +
2 4370548 4444857 + 147 1509 79251 +
2 569339 592356 + 42 20597 47758 +
2 597515 613261 + 42 52518 65930 -
2 615897 722770 + 42 68281 177428 +
2 2550164 2668813 + 94 1027 119501 -
2 2689231 2736542 + 209 2471 49198 +
2 2900877 3030472 + 92 1042 120550 +
2 825963 885449 + 164 12706 66290 -
2 901050 907399 + 164 1731 7829 +
2 3818045 3821848 + 233 37482 41260 -
2 549630 552829 + 334 65 3267 -
2 554295 555977 + 459 728 2367 -
2 3988494 3990652 + 201 18 1911 +
2 3478131 3484655 + 288 8706 16192 -
2 3578759 3587248 + 72 36200 54656 -
2 3588438 3594161 + 72 29643 35066 +
2 3595576 3731402 + 72 3181 28382 -
2 4066209 4174507 + 72 76032 156248 +
2 4181542 4212828 + 72 160268 190368 -
2 4213406 4217948 + 72 192724 197877 +
2 4219500 4220520 + 72 206666 207689 -
2 4222585 4236825 + 72 210463 224664 +
2 910259 995326 + 136 1663 85475 -
2 562968 566806 + 458 7354 11144 -
2 755404 774144 + 262 9404 33276 -
2 889549 900653 + 332 3762 14896 -
2 3749481 3752003 + 332 852 3300 +
2 3549088 3569083 + 265 3221 31630 -
2 2319643 2356911 + 235 4236 40691 +
2 3753936 3777302 + 152 46742 73507 -
2 3990877 4036869 + 152 1765 45739 +
2 1552312 1618543 + 160 1907 69536 -
2 2248406 2315971 + 155 2657 69039 +
2 4239201 4274953 + 181 46373 62736 -
2 4279508 4310675 + 181 7437 45443 +
2 724832 749198 + 234 10061 37936 +
2 3815771 3817753 + 234 393 2321 -
2 779642 824748 + 225 6021 43300 -
2 750398 751889 + 263 1083 2611 +
2 3488278 3530509 + 227 2494 34682 +
2 3541961 3543049 + 227 38283 39473 +
2 778249 779639 + 226 167 1500 -
2 3752053 3753359 + 153 194 1511 -
2 3777599 3790690 + 266 15111 28449 +
2 4037910 4039677 + 266 12593 14263 -
2 4275475 4278039 + 154 81754 84667 -
2 4313555 4315005 + 511 3091 4618 +
2 1457960 1463186 + 105 93961 99126 +
2 996471 1093852 + 132 6126 87780 -
2 4319933 4370034 + 240 2903 37136 -
2 2687175 2688835 + 310 1376 2998 +
2 1526396 1538410 + 320 7352 19606 -
2 1550717 1552252 + 161 67 1591 -
2 3793407 3815700 + 325 3285 18536 -
2 3168016 3214736 + 172 15448 63851 +
2 2357078 2359008 + 236 404 2306 +
2 3572737 3575548 + 236 36540 39133 -
2 4047787 4051093 + 236 14677 17847 +
2 4053641 4064513 + 236 18978 29765 -
2 3034842 3062135 + 278 3379 31523 -
2 2668865 2685894 + 309 3321 20161 +
2 2780514 2898827 + 97 1073 114654 +
2 3872732 3880430 + 200 2313 11373 -
2 3950833 3988210 + 200 12410 51762 +
2 3569639 3572364 + 237 52 2246 -
2 3439153 3470887 + 253 3378 34965 -
2 3532818 3534190 + 443 4447 5844 +
2 4176540 4179437 + 316 12348 17895 -
3 9195 28872 + 42 192438 211527 -
3 461007 556113 + 5 310778 411205 +
3 560575 603428 + 5 416564 455057 +
3 972052 1246476 + 5 56619 306279 -
3 1247028 1249448 + 5 53623 56034 +
3 1250487 1321821 + 5 420 52525 -
3 4880532 4887576 + 146 65943 72656 -
3 4931343 4960714 + 146 35180 63588 +
3 4961771 4984881 + 146 15390 34881 -
3 5002224 5013719 + 146 2635 13966 +
3 2526070 2745784 + 2 312088 538703 -
3 2746337 2748490 + 2 306343 308143 +
3 2748631 3078153 + 2 85 305812 -
3 4447305 4507706 + 12 220601 283155 -
3 3279563 3462196 + 40 431 187586 +
3 3619228 3686389 + 159 2012 69611 -
3 31615 85209 + 98 73452 117181 -
3 99230 103535 + 98 63500 67912 -
3 104248 107374 + 98 54904 58103 +
3 109861 173703 + 98 4674 54438 -
3 86207 98707 + 304 5610 16616 +
3 1453517 1702536 + 35 42607 289119 -
3 1857623 2490335 + 1 126 546475 -
3 4775700 4776798 + 460 12741 13834 -
3 3687045 3721871 + 250 2613 36072 +
3 1855640 1856801 + 239 1074 2208 +
3 4663879 4682563 + 303 8806 29839 -
3 4684860 4687097 + 303 3281 6279 +
3 4726282 4727516 + 303 35638 36875 +
3 3252474 3258749 + 379 3931 10121 -
3 3220022 3245444 + 271 2822 29386 +
3 2492428 2520750 + 269 2693 30243 -
3 174516 197211 + 189 39091 58038 +
3 201433 217665 + 189 15728 34076 +
3 219454 227443 + 189 2681 11767 -
3 3925525 4183489 + 22 381 235125 +
3 239581 282828 + 99 98323 143589 -
3 406363 457046 + 190 14240 48646 +
3 965883 970310 + 190 50733 55006 -
3 4642244 4662938 + 108 8808 32506 +
3 4683049 4684705 + 108 68725 70252 +
3 4688490 4723729 + 108 33732 67741 -
3 228079 230005 + 352 1277 2745 -
3 230399 237604 + 351 5319 16019 -
3 3572707 3574496 + 185 17 1831 +
3 283041 287402 + 353 9239 13655 +
3 296507 298876 + 353 4408 6406 -
3 3872121 3873890 + 197 43 1761 -
3 4868211 4875479 + 289 4655 12623 +
3 4920444 4925134 + 289 18294 23231 -
3 330194 337457 + 350 5893 13119 +
3 603972 682946 + 139 28836 105437 -
3 4510186 4527507 + 103 2418 21350 +
3 4538581 4578678 + 103 28307 71011 -
3 4597476 4640428 + 103 77419 118082 +
3 3722620 3724043 + 155 42 1466 -
3 4316437 4433402 + 96 953 116218 -
3 3079913 3158799 + 126 40990 125784 -
3 5190137 5219380 + 149 5072 28480 -
3 5225445 5268348 + 149 29585 77808 +
3 1323868 1414673 + 101 37990 112498 -
3 1416039 1428174 + 101 22808 34549 +
3 1431348 1453447 + 101 1115 22081 -
3 3162058 3219799 + 169 1995 65579 -
3 4184674 4302528 + 130 1292 89276 -
3 3576782 3616797 + 230 3147 41818 -
3 5106993 5122512 + 119 82339 101062 +
3 5124001 5146424 + 119 49226 77809 -
3 5147605 5183524 + 119 8955 43725 +
3 5184848 5189330 + 119 1592 6149 -
3 4987463 4988570 + 198 58318 59515 -
3 5016286 5017950 + 198 10759 12387 +
3 5019682 5091697 + 198 12987 53799 -
3 5098501 5106053 + 198 2297 9152 +
3 1792486 1855608 + 238 2507 63202 +
3 4889006 4909098 + 254 13138 33235 +
3 4913273 4918243 + 254 3486 8634 -
3 3248637 3252315 + 380 111 3757 -
3 4825377 4827158 + 173 5201 7018 -
3 3728227 3871624 + 45 488 151262 -
3 3873944 3925352 + 196 1952 53851 -
3 3505312 3572651 + 184 1839 59381 +
3 3259074 3276810 + 306 3261 20812 +
3 3462463 3504262 + 226 2289 44464 +
3 4860913 4863701 + 423 4850 7212 +
3 4311376 4314825 + 344 221 3231 +
4 2976085 2996443 + 131 10466 44509 +
4 2996946 3015418 + 131 45140 60694 -
4 3020452 3022649 + 131 63826 66076 -
4 3030515 3050485 + 131 68708 88692 +
4 1762 52794 + 202 9504 51496 +
4 65007 67365 + 202 5638 8092 -
4 3414074 3485321 + 211 2102 74261 -
4 212143 242817 + 106 201722 228436 +
4 1998326 2001759 + 359 89 3516 +
4 4308460 4309953 + 5 412473 413878 +
4 4022109 4103648 + 203 2350 50217 -
4 54510 63800 + 344 3442 12929 +
4 1404696 1412366 + 233 7767 15687 -
4 4140347 4221707 + 158 6501 71184 +
4 4523025 4663953 + 107 1232 108517 -
4 69366 97316 + 208 4436 32171 +
4 98841 102361 + 208 33877 37506 -
4 105771 109765 + 208 40525 44208 +
4 1577530 1674791 + 50 150576 254653 -
4 1675568 1688699 + 50 135287 149673 +
4 1690356 1815300 + 50 492 128459 -
4 2877788 2879429 + 303 789 2415 -
4 1402259 1403802 + 331 1743 3291 -
4 142043 157728 + 335 4437 22818 +
4 161234 197484 + 75 1029 34814 +
4 245435 319558 + 75 43368 115591 -
4 2587906 2589190 + 167 8 1388 +
4 4130461 4139624 + 150 79872 89342 -
4 1088090 1231822 + 121 2458 94779 +
4 4990407 4991998 + 392 45 1747 +
4 665763 672254 + 366 5318 11614 -
4 2467317 2587854 + 166 1795 124767 +
4 663056 665566 + 367 370 2931 -
4 2411360 2467179 + 182 1846 62177 -
4 5196301 5197950 + 269 293 1928 +
4 3314210 3390461 + 135 1701 86227 -
4 5805789 5812196 + 214 3779 11026 -
4 5870144 5871438 + 214 12553 13785 -
4 5889529 5913723 + 214 15992 45353 +
4 3741160 3929163 + 54 921 162929 +
4 588461 614600 + 257 2985 30308 +
4 3513448 3546049 + 21 64369 96234 -
4 3547315 3553650 + 21 56080 62135 +
4 3555121 3609353 + 21 1883 55444 -
4 5486641 5488903 + 21 247898 249984 +
4 5496383 5643848 + 21 102999 247490 -
4 5791659 5793836 + 21 100256 102435 +
4 407980 413675 + 349 10210 13348 +
4 415522 418503 + 350 1079 3452 +
4 418589 421001 + 250 142 2418 -
4 421418 489303 + 249 12322 71296 -
4 4995997 5142117 + 79 10051 137044 +
4 4724113 4849745 + 78 4548 131241 -
4 2900158 2969853 + 151 1503 74100 -
4 3486730 3513035 + 213 15441 47687 -
4 4928893 4932082 + 213 2122 5132 -
4 5786912 5789142 + 213 6762 9086 +
4 4329722 4370499 + 221 3295 46696 -
4 498190 556806 + 193 2289 56062 -
4 698399 717536 + 273 8032 29668 -
4 562835 580192 + 279 4377 21928 +
4 614817 638531 + 283 4356 27045 +
4 4371717 4522172 + 70 692 137719 -
4 3090635 3306756 + 23 458 231070 +
4 1267375 1270085 + 187 11257 13596 -
4 4222738 4230473 + 187 2193 11198 +
4 4242150 4303992 + 187 17525 58974 +
4 3933006 4020028 + 123 1222 92777 -
4 675397 694781 + 274 6560 29034 +
4 4944758 4966287 + 224 5101 26835 -
4 694782 695901 + 275 104 1223 +
4 5169914 5194858 + 275 5168 28785 -
4 727412 728889 + 430 5020 6630 +
4 738042 743835 + 110 144461 151074 -
4 745189 758373 + 110 129028 141712 +
4 761133 829186 + 110 52681 128360 -
4 842741 874253 + 110 16625 51671 -
4 831092 838153 + 90 41025 47974 +
4 5198895 5275874 + 90 1933 39734 +
4 5282624 5430844 + 90 52308 169045 +
4 1569763 1573353 + 438 412 4066 -
4 4852011 4927754 + 105 14768 92040 -
4 4932217 4942083 + 105 1152 13332 +
4 1489320 1568655 + 129 1664 86832 +
4 5663801 5666074 + 238 66 2361 +
4 5431770 5434688 + 322 171 3113 -
4 5158013 5167530 + 341 5481 15143 -
4 2590104 2793737 + 51 5052 168679 -
4 2795866 2854298 + 154 1687 59736 -
4 838976 842018 + 512 1631 4855 +
4 4304255 4307939 + 45 167344 170950 -
4 4665403 4668467 + 506 855 3904 -
4 1233648 1265578 + 58 126039 158036 -
4 1277967 1402193 + 58 573 125422 -
4 3617783 3740210 + 71 939 135716 +
4 5751504 5785639 + 217 13243 48211 -
4 1859461 1968867 + 99 1034 57274 -
4 5672316 5676467 + 174 3730 7708 -
4 5691184 5743705 + 174 9245 64403 +
4 2064986 2410438 + 19 3573 309410 -
4 1412811 1425135 + 330 3486 13532 -
4 1425717 1442504 + 297 7106 24941 -
4 2874502 2876433 + 297 65 1999 +
4 4310478 4311702 + 247 453 1580 -
4 5461543 5486186 + 260 9729 32442 -
4 5489268 5496125 + 260 2910 9532 +
4 1985875 1998296 + 358 4491 16733 +
4 4312278 4321844 + 246 25645 37453 -
4 4325304 4327587 + 246 6999 12209 +
4 1574014 1575978 + 437 4562 6551 -
4 1969240 1983922 + 252 3070 17712 -
4 2001804 2063369 + 259 2684 33281 +
4 3087032 3090203 + 420 4192 7748 -
4 5452966 5457483 + 420 42 4180 +
4 2855157 2874428 + 296 3934 23053 +
4 3083304 3086911 + 421 243 3632 -
4 2879761 2896568 + 302 5074 21947 -
4 5645147 5663753 + 237 54740 72763 +
4 5794103 5805501 + 237 42425 53945 -
4 5815825 5847138 + 237 4254 37099 +
4 4706615 4716955 + 287 14260 24335 -
4 3311873 3312885 + 518 2824 3840 -
4 3390911 3413309 + 286 5237 27512 +
4 4126550 4128843 + 286 136 2839 +
4 3614126 3617726 + 400 150 3795 +
4 4670168 4704450 + 242 4061 38568 -
4 4020031 4021873 + 204 223 2021 -
4 4103866 4126165 + 285 2842 24708 +
4 4966315 4973554 + 345 12058 20078 +
4 4975725 4978242 + 436 4389 7438 -
4 4988526 4990205 + 374 8265 10357 +
4 5278643 5280430 + 573 922 2773 -
4 5280750 5281939 + 572 6706 7880 -
4 5434964 5449237 + 321 3202 17536 -
4 5666080 5671612 + 314 3175 8355 +
4 5680445 5690580 + 314 8744 19334 -
4 5937411 5939059 + 339 10650 12229 -
4 5941202 5945178 + 339 3885 8100 -
4 5939739 5941097 + 541 333 1764 +
5 19175 78083 + 162 12977 76479 +
5 3026565 3307531 + 14 132 287649 +
5 481988 648235 + 49 5072 149611 -
5 798064 873540 + 49 155236 228175 +
5 2383271 2384404 + 141 348 1388 +
5 2649116 2650198 + 121 147 1191 +
5 348255 480105 + 95 115627 269336 -
5 664896 700817 + 95 1186 44275 +
5 701772 707971 + 95 46304 52477 -
5 710327 771251 + 95 53266 111139 +
5 5866376 5867965 + 271 186 1769 +
5 2301818 2383251 + 140 1423 83152 +
5 1593019 1596150 + 3 431529 434645 -
5 1602685 1615614 + 3 435849 448383 -
5 1618090 1679268 + 3 368671 427092 -
5 1682165 1708077 + 3 353021 367848 +
5 1708915 1999420 + 3 70202 349994 -
5 1999835 2003477 + 3 65962 69503 +
5 2004331 2068779 + 3 1394 65442 -
5 6417705 6419594 + 477 7529 9771 +
5 95474 119706 + 185 83615 107694 +
5 123970 130329 + 185 73281 78927 -
5 132357 163663 + 185 43056 71744 +
5 166189 209807 + 185 10856 35576 -
5 5842376 5866048 + 270 2692 29394 +
5 4773663 5042564 + 38 1882 256142 -
5 4015206 4017095 + 221 214 2043 +
5 5367260 5465419 + 133 1722 86942 +
5 6238186 6386632 + 61 9084 167301 -
5 1218622 1519612 + 10 72308 352285 -
5 1527890 1592267 + 10 3206 67088 -
5 1616240 1617351 + 10 1271 2376 +
5 2089718 2301603 + 33 544 203732 -
5 211987 214500 + 451 2105 4301 +
5 217453 342290 + 122 3508 120759 -
5 5466889 5493520 + 13 317 27337 +
5 5497917 5610815 + 13 32429 145970 +
5 5612628 5616550 + 13 146408 150341 -
5 5617064 5816741 + 13 150960 291284 +
5 5045489 5118012 + 24 1646 71355 +
5 5118838 5123794 + 24 72223 77189 -
5 5126334 5140856 + 24 77816 91650 -
5 5141823 5298954 + 24 93808 249164 +
5 2713113 2714211 + 34 12649 14346 -
5 2716766 2784803 + 34 17412 92816 +
5 2795388 2868421 + 34 109640 185781 -
5 2871730 2875783 + 34 193240 198274 +
5 4017231 4295342 + 12 124 219197 +
5 3307551 3432345 + 31 3405 137236 +
5 2914596 2974933 + 104 1032 62534 +
5 2976770 2980715 + 104 63277 69338 -
5 2983003 3005073 + 104 72191 105733 -
5 2650238 2651802 + 207 382 1958 -
5 5316262 5319874 + 318 67 3161 +
5 2521104 2648826 + 120 1424 95247 +
5 4306582 4621659 + 57 614 280010 -
5 6387168 6409460 + 290 3481 24902 +
5 4621717 4773485 + 60 680 155918 +
5 3715210 3800201 + 128 1468 89594 -
5 5868374 5969866 + 100 26619 106027 +
5 5978536 5980046 + 100 107209 108753 -
5 6034718 6038245 + 100 117284 120940 +
5 2652071 2700473 + 206 2052 50004 -
5 5465441 5466589 + 134 38 1186 +
5 3517802 3671271 + 59 649 156529 -
5 5494678 5496513 + 323 28939 30192 +
5 656847 660565 + 395 4244 9144 +
5 3801000 3971892 + 69 682 148057 -
5 2384484 2520906 + 15 158652 286664 +
5 651877 653586 + 446 1032 3406 -
5 655242 656589 + 445 4962 6215 -
5 660583 664242 + 396 128 3659 +
5 874224 876927 + 361 832 3526 -
5 2876229 2881596 + 361 3782 12462 +
5 876996 891315 + 360 4238 18859 -
5 6198744 6210839 + 299 11841 23542 -
5 5816911 5819308 + 292 489 2901 -
5 5319890 5364670 + 219 2223 44858 +
5 1522118 1525457 + 288 5675 8670 -
5 3671747 3711379 + 232 2779 41737 +
5 3971922 4015141 + 220 2192 44838 +
5 5364771 5366869 + 220 144 2181 +
5 2071006 2089057 + 252 18092 35502 -
5 5819975 5842313 + 291 3019 23483 -
5 2881931 2883025 + 362 801 1889 +
5 2980783 2982869 + 258 26786 29089 +
5 3005546 3026505 + 258 2608 23329 -
5 6047414 6115029 + 215 6954 45939 +
5 4295762 4298067 + 378 1551 3761 -
5 4298533 4305953 + 377 3798 11614 -
5 5301976 5316107 + 317 4347 18310 +
5 6038547 6041052 + 357 38 2579 -
5 6122949 6159508 + 261 3379 27839 -
5 6160679 6175765 + 284 8330 25426 +
6 1411 160987 + 65 2533 149399 -
6 2230647 2312861 + 168 5147 86107 -
6 4051399 4110863 + 127 30738 91961 -
6 4112432 4116966 + 127 24213 28846 +
6 4117206 4138173 + 127 2950 23939 -
6 3710034 3712974 + 294 17809 22126 -
6 3740476 3744792 + 294 8571 12922 +
6 1126363 1136802 + 100 14014 26309 -
6 215438 226428 + 175 50562 61415 -
6 275820 300057 + 175 2196 24138 -
6 331821 349836 + 175 24803 47791 +
6 166575 207498 + 108 83838 125696 +
6 227231 230361 + 134 60851 64007 -
6 231611 235712 + 134 55641 59064 +
6 237411 268999 + 134 20523 53877 -
6 302039 330408 + 134 3015 18740 +
6 398587 410000 + 134 72010 83417 -
6 410937 414129 + 134 67343 70690 +
6 3599455 3603465 + 399 104 3891 +
6 3995310 4046361 + 194 2434 52769 +
6 3171366 3279772 + 102 1567 111791 -
6 1960889 1977141 + 20 249191 265621 -
6 1977845 1986990 + 20 239267 248325 +
6 1989067 2101530 + 20 125622 238160 -
6 2103597 2106943 + 20 121579 124866 +
6 2107697 2228325 + 20 192 121034 -
6 678765 1038267 + 4 70997 432804 -
6 1043147 1069669 + 4 44468 70745 +
6 1089210 1126310 + 4 67 38599 -
6 423785 459245 + 126 3313 23229 +
6 1138161 1280703 + 74 822 129617 -
6 3500921 3503616 + 365 11728 14611 +
6 421010 422228 + 477 1315 2668 -
6 600659 664062 + 150 10410 76348 +
6 473356 487066 + 201 4044 20091 +
6 497353 531126 + 201 21883 52037 -
6 489299 492447 + 223 40701 44110 +
6 534273 573698 + 223 2713 37522 -
6 3486668 3487672 + 223 1211 2211 -
6 492534 494399 + 224 6 1898 +
6 2316349 2437242 + 67 90086 217622 -
6 2438437 2453036 + 67 75213 89789 +
6 2454392 2518261 + 67 663 67236 -
6 1749103 1842206 + 197 2973 54671 +
6 574318 587401 + 311 3137 16027 +
6 592837 595385 + 436 963 3567 -
6 3306813 3468466 + 30 1974 147031 +
6 3604288 3661675 + 30 165777 209457 -
6 3538246 3556904 + 222 5459 27514 -
6 1705793 1748048 + 276 8564 49559 -
6 1441901 1704860 + 46 473 277412 -
6 3776928 3806196 + 106 178696 193956 -
6 3807376 3826944 + 106 156668 176686 +
6 3829942 3867915 + 106 110780 147838 +
6 3870953 3891829 + 106 85931 108295 -
6 3892061 3895871 + 106 79959 84220 +
6 3896180 3942511 + 106 28392 74785 -
6 3947339 3956887 + 106 10718 20889 +
6 3957286 3966117 + 106 1190 9682 -
6 1281070 1317568 + 55 125722 164580 -
6 1318831 1328779 + 55 114665 125043 +
6 1340466 1438260 + 55 5080 111858 -
6 3992661 3993908 + 607 556 1771 +
6 3280750 3282462 + 278 97 1842 -
6 2549961 2659062 + 114 3310 104336 +
6 3476071 3486666 + 165 1759 12771 -
6 3667841 3708349 + 165 17010 68062 +
6 3727801 3731309 + 281 3646 7116 -
6 3745827 3761956 + 281 14037 33446 +
6 3076610 3169290 + 117 2331 92794 -
6 2660015 2769572 + 145 1442 80421 +
6 1853212 1945631 + 148 8432 77246 -
6 1951891 1958583 + 148 1472 8069 +
6 3966352 3990310 + 267 2809 30414 +
6 4138754 4140261 + 347 1492 2988 -
6 3731956 3734335 + 462 535 2919 -
6 3771131 3775110 + 118 106300 110337 +
6 2545763 2547070 + 257 166 1368 +
6 3556921 3593137 + 255 17089 59716 +
6 4159147 4162319 + 255 5331 8626 -
6 3282842 3306474 + 277 3441 28182 -
6 4141776 4155478 + 346 3957 12911 -
7 1207 109190 + 91 6910 119852 +
7 1542862 1544531 + 211 237 2090 -
7 1376065 1425987 + 186 4140 58979 +
7 223184 256254 + 116 5336 38633 -
7 1178583 1181334 + 116 98773 101531 -
7 1183062 1184324 + 116 92609 93901 +
7 1184592 1225594 + 116 42765 91884 -
7 4043352 4064678 + 161 39786 62623 -
7 4069648 4091335 + 161 64881 86958 +
7 4106384 4126423 + 161 2623 23844 -
7 3201461 3607808 + 9 1361 375683 +
7 3828434 3889308 + 125 20349 89739 -
7 3891239 3897554 + 125 12765 18983 +
7 3899203 3907567 + 125 1354 10350 -
7 1934815 2114101 + 64 1043 148313 +
7 486977 668285 + 68 982 145961 +
7 1612876 1847131 + 27 269 233476 -
7 933713 1152402 + 77 944 151975 +
7 1544846 1587380 + 210 3115 48642 -
7 114799 125781 + 113 81768 92458 -
7 127152 135196 + 113 94197 102099 +
7 159912 221356 + 113 21224 75823 -
7 1226802 1238362 + 113 2889 17119 -
7 2839987 2903738 + 82 2110 75952 +
7 3608437 3650427 + 82 80930 128364 -
7 2905644 2935320 + 43 129627 148105 +
7 2937300 2951494 + 43 149823 163222 -
7 2953729 2962113 + 43 166064 174340 +
7 3929444 3960868 + 43 1433 36364 +
7 3962306 3971961 + 43 37027 46054 -
7 3975258 4041500 + 43 57809 125650 +
7 3663427 3707753 + 76 2207 18654 -
7 3730403 3739750 + 76 26196 35820 +
7 3740870 3747554 + 76 37313 44187 -
7 3747831 3774039 + 76 44488 70181 +
7 3775806 3781540 + 76 72052 77774 -
7 3783731 3825248 + 76 81229 130432 +
7 2974070 3181343 + 25 1093 219311 -
7 1283275 1285447 + 337 5824 8139 -
7 257788 305582 + 212 2651 27693 -
7 312464 315581 + 212 28386 33332 +
7 377019 384760 + 212 39824 47547 -
7 1241233 1242500 + 168 37 1174 -
7 394219 426824 + 142 47283 78738 +
7 427629 432075 + 142 84537 88974 -
7 435484 438658 + 142 40826 44197 -
7 440344 450630 + 142 28927 39076 +
7 452982 458473 + 142 19161 24158 +
7 460742 465128 + 142 13709 17682 -
7 321726 373798 + 248 2603 31318 -
7 373999 375507 + 231 2362 3873 +
7 1503989 1540645 + 231 5479 41889 +
7 2483306 2672272 + 47 5629 174805 +
7 389226 392237 + 396 5534 8454 -
7 1426228 1428160 + 187 4 1851 +
7 477588 484622 + 324 3232 10402 -
7 485565 486707 + 601 265 1469 +
7 1429580 1501578 + 177 1823 63652 -
7 915863 917492 + 406 1923 3527 -
7 1848523 1906258 + 229 2341 60164 -
7 1354697 1373984 + 292 3812 23991 +
7 798318 890586 + 138 1412 83843 +
7 4152555 4167629 + 195 1942 16914 +
7 4168434 4172959 + 195 17711 22150 -
7 4174762 4199131 + 195 24896 48691 +
7 677540 690174 + 384 3840 15723 -
7 690542 691925 + 184 14 1428 -
7 691928 798135 + 183 1883 110784 -
7 3182889 3185282 + 320 156 2486 -
7 3185342 3199727 + 319 3420 18343 -
7 931494 933250 + 502 1163 2842 -
7 1153653 1155344 + 327 691 2319 -
7 1906599 1931883 + 327 3782 29210 +
7 1155977 1172672 + 326 3490 16563 -
7 1173329 1175367 + 452 86 3474 -
7 1175489 1177222 + 451 4601 6235 -
7 3653738 3662117 + 199 22621 31945 -
7 3708750 3729212 + 199 2187 22190 +
7 4091597 4104599 + 199 33027 53880 -
7 1242724 1266806 + 167 51701 76557 -
7 1285630 1352879 + 167 2019 50695 -
7 2672893 2838550 + 63 686 153038 +
7 1602793 1605929 + 373 7195 10498 -
7 2968739 2972065 + 329 9602 13075 +
7 1588922 1591118 + 429 5666 7719 +
7 1592139 1595039 + 430 605 3996 +
7 1595540 1597861 + 340 718 3125 -
7 1598023 1599597 + 339 21792 23330 -
7 1601180 1602374 + 374 159 1344 -
7 1607095 1608588 + 543 3211 4781 +
7 2115010 2134894 + 308 4698 22200 +
7 3926475 3928180 + 301 393 2516 +
7 2962433 2965560 + 330 90 3122 -
7 3907577 3926156 + 300 3080 22144 +
7 4127027 4149624 + 204 27217 49414 +
7 4200433 4233790 + 204 4578 25168 -
7 4234401 4235931 + 487 206 1743 +
8 92970 99574 + 162 2246 8359 +
