1 1513 62879 + 86 22188 79219 +
1 3765808 3768847 + 86 2810 5836 +
1 7190776 7316280 + 7 149 137298 +
1 7318077 7333622 + 7 143906 156001 -
1 7341017 7491803 + 7 160560 306137 +
1 7495015 7504144 + 7 306497 315628 -
1 7504837 7520892 + 7 321447 330791 +
1 7521367 7546809 + 7 331382 355630 -
1 7547191 7625244 + 7 355865 430007 +
1 7626880 7645376 + 7 430560 448423 -
1 7647324 7833187 + 7 450223 634985 +
1 7845531 8127500 + 7 648659 971548 +
1 224646 257030 + 46 1845 34865 +
1 258280 259319 + 46 39903 40972 -
1 260734 293818 + 46 41999 51670 -
1 295924 297164 + 46 56709 58982 -
1 300615 315188 + 46 65584 81158 +
1 318783 328440 + 46 86966 99272 -
1 332271 342706 + 46 99833 109989 +
1 343825 346565 + 46 111019 113684 -
1 348760 393177 + 46 115071 167716 +
1 394226 401477 + 46 168263 174964 -
1 402380 442181 + 46 176164 212667 +
1 445384 451849 + 46 229229 234562 -
1 463969 478197 + 46 215738 228323 -
1 483959 485650 + 46 239274 240904 -
1 492168 590003 + 46 242366 338955 +
1 594629 643384 + 46 353540 398162 -
1 643870 730294 + 46 401520 458832 +
1 731711 746762 + 46 459218 472324 -
1 748251 847535 + 46 474353 569569 +
1 848019 852923 + 46 570665 575641 -
1 191556 221609 + 1 1376872 1421639 -
1 1955664 2126723 + 1 42 168181 +
1 2127361 2831928 + 1 188363 884167 +
1 2832554 2846118 + 1 887448 900516 -
1 2846622 2865659 + 1 902718 921751 +
1 2866000 2885783 + 1 923423 942933 -
1 2887586 2985220 + 1 943324 1044743 +
1 2986264 3000080 + 1 1045762 1062221 -
1 3001050 3002825 + 1 1062454 1064210 -
1 3003240 3187846 + 1 1064917 1239995 +
1 3190264 3209123 + 1 1246507 1264926 +
1 3209784 3224055 + 1 1266121 1279260 -
1 3225330 3322596 + 1 1280038 1372763 +
1 6205323 6948473 + 1 1428781 2050946 +
1 459247 461938 + 11 518146 520792 -
1 4844561 4878184 + 2 1763895 1797059 -
1 4883857 4920013 + 2 1727469 1762804 -
1 4920283 5310990 + 2 1312675 1709432 -
1 4878734 4882669 + 29 90833 95073 +
1 4483229 4842391 + 30 4615 346377 +
1 94134 129712 + 78 1483 38860 +
1 130629 144267 + 78 39683 52049 -
1 144768 187930 + 78 53750 111090 +
1 8624021 8628067 + 8 964051 968344 +
1 8633256 8959113 + 8 632743 962013 -
1 8960769 8975767 + 8 615283 629417 +
1 8976449 9009940 + 8 589614 613992 -
1 9013851 9030471 + 8 571994 587236 +
1 9031780 9077856 + 8 513851 568022 +
1 9080892 9151199 + 8 447272 510355 -
1 9154371 9182369 + 8 391959 406495 +
1 9184675 9198644 + 8 376487 390247 -
1 9200665 9205804 + 8 367154 371986 +
1 9209539 9224752 + 8 351155 365484 -
1 9227171 9242656 + 8 408437 423445 +
1 9245358 9264841 + 8 426027 445093 -
1 9270607 9385829 + 8 289797 346411 -
1 9386793 9421519 + 8 251867 286336 +
1 9426404 9472358 + 8 203686 247881 -
1 9474180 9517044 + 8 193784 202043 +
1 9518812 9772332 + 8 747 192712 -
1 5868913 5885698 + 17 291501 308174 -
1 5886080 5894973 + 17 282617 291302 +
1 5895333 6204163 + 17 5119 281702 -
1 8190875 8450520 + 17 310317 521390 -
1 5805265 5806382 + 4 373849 374991 -
1 1287931 1325389 + 104 3361 40285 -
1 1090654 1152148 + 55 125371 184612 -
1 1153195 1160585 + 55 117572 124475 +
1 1160867 1193573 + 55 90445 117039 -
1 1193852 1201205 + 55 77919 90094 +
1 1201651 1219155 + 55 60968 77457 -
1 1230034 1287331 + 55 7494 60353 -
1 1223453 1226078 + 50 250587 253179 +
1 8132928 8189613 + 45 165353 222117 +
1 8478107 8615482 + 45 24408 164174 -
1 8616290 8621536 + 45 17899 22931 +
1 8629261 8632747 + 45 13217 16913 +
1 5313598 5803703 + 18 1901 408489 +
1 5809273 5868465 + 18 410045 463677 +
1 8128861 8132564 + 18 491401 494881 -
1 8450774 8477082 + 18 465138 490896 +
1 853930 932678 + 27 11034 36938 +
1 3972735 4481007 + 27 37576 365927 -
1 3322758 3734680 + 40 644 261940 +
1 947128 1054189 + 62 51994 157738 -
1 1054784 1082145 + 62 24792 51391 +
1 1082328 1089209 + 62 17474 24409 -
1 6950464 7189632 + 51 10207 282089 +
1 1326813 1413494 + 33 547247 618504 -
1 1416300 1435450 + 33 527910 546089 +
1 1438364 1473450 + 33 488577 523117 -
1 1474602 1487473 + 33 475090 487571 +
1 1489287 1955370 + 33 576 474037 -
1 7837134 7839581 + 91 59559 62291 +
1 938344 943144 + 98 10027 13869 +
2 9158 32999 + 75 1017 22369 -
2 34632 35805 + 75 56328 57522 -
2 36675 71711 + 75 59226 92634 +
2 4313537 4321822 + 6 41985 50144 +
2 4170649 4174170 + 66 101459 104449 +
2 4181543 4188684 + 66 92442 100052 +
2 4190190 4212702 + 66 108202 128521 -
2 4213406 4274953 + 66 42979 90126 -
2 4279465 4310646 + 66 7892 42190 +
2 2211152 2305437 + 29 523504 611926 -
2 74269 108022 + 82 20885 65937 -
2 153555 166367 + 82 74424 86670 +
2 532040 558022 + 41 1509 29217 -
2 1464633 1467821 + 41 269732 272193 -
2 1468810 1488529 + 41 244525 263882 +
2 1496588 1619215 + 41 128511 241030 -
2 1622021 1644082 + 41 110135 127722 +
2 1645370 1670829 + 41 81884 106521 +
2 1672400 1736464 + 41 30743 79025 -
2 562968 582682 + 34 287762 320241 +
2 1739098 1833233 + 34 194241 284026 -
2 1837591 1855269 + 34 175413 188775 +
2 1861449 1886446 + 34 142096 165819 -
2 1889595 1919295 + 34 107886 135639 +
2 1921952 1970464 + 34 59372 107237 -
2 1971789 1983896 + 34 47473 58971 +
2 1984401 2035355 + 34 9129 46061 -
2 2036450 2044105 + 34 403 7689 +
2 2308412 3083200 + 2 550325 1311302 -
2 3085217 3098133 + 2 537023 549060 +
2 3098969 3469800 + 2 215127 534894 -
2 3478445 3484385 + 2 192482 197856 -
2 3488286 3492426 + 2 182309 186426 -
2 3503189 3575288 + 2 113631 180958 -
2 3777615 3779599 + 2 32524 34402 +
2 3781175 3790491 + 2 36881 45781 -
2 3793407 3821847 + 2 47674 76145 +
2 4037886 4039073 + 2 30561 31714 -
2 4045322 4050842 + 2 81772 90350 +
2 4053639 4063654 + 2 95085 104607 -
2 3497519 3499480 + 19 251680 252993 +
2 3830216 3832910 + 87 82337 84857 +
2 765289 766909 + 100 59395 61029 +
2 172641 290201 + 23 250917 361834 -
2 291861 309700 + 23 232614 248992 +
2 315296 332912 + 23 208894 224545 +
2 337727 530475 + 23 29092 204012 -
2 589522 592111 + 74 11178 13591 +
2 597514 613215 + 74 18372 30560 -
2 616102 648761 + 74 33182 61603 +
2 654194 693961 + 74 77436 110709 -
2 696326 697734 + 74 113993 115225 -
2 708974 749331 + 74 141672 183615 +
2 750933 752340 + 74 185173 186579 -
2 756309 764107 + 74 188748 196566 +
2 3738176 3776731 + 47 183834 223742 -
2 3834186 3871647 + 47 6738 58987 +
2 3872951 3948764 + 47 65622 96572 -
2 3950499 3958240 + 47 97500 107681 +
2 3960460 3978622 + 47 108683 127313 -
2 3979304 4037102 + 47 129229 181484 +
2 1400827 1453836 + 89 4333 51801 +
2 1454193 1462199 + 89 55621 63070 -
2 3824944 3826378 + 89 52555 54064 +
2 4276615 4278039 + 54 196472 198051 -
2 4322869 4444784 + 71 14050 123623 -
2 768958 885384 + 63 17772 158722 +
2 4447645 4470525 + 108 2562 26320 +
2 887154 907505 + 52 180301 200285 +
2 908331 1010813 + 52 80639 179413 -
2 1011387 1022981 + 52 73197 80093 +
2 1023216 1092791 + 52 8039 72873 -
2 2045394 2065866 + 72 107072 125665 -
2 2066134 2074377 + 72 99060 106594 +
2 2076274 2205968 + 72 27017 96906 -
2 4176992 4179641 + 72 18267 24963 +
2 2305530 2306975 + 164 62 1505 -
2 1366431 1398399 + 92 3910 35202 -
2 3581643 3585033 + 70 46815 51966 -
2 3588417 3594206 + 70 38370 43735 +
2 3595588 3731410 + 70 5729 37134 -
2 4067683 4085056 + 70 62333 80430 -
2 4086052 4150695 + 70 97777 127538 +
2 3471080 3473020 + 131 2751 5270 -
3 1385686 1403076 + 15 8517 22208 +
3 1403949 1415194 + 15 23319 34115 -
3 1415818 1428177 + 15 37458 49334 -
3 1431391 1437446 + 15 49777 55415 -
3 1437858 1611586 + 15 56347 232683 +
3 1613874 1624775 + 15 233628 243499 -
3 1626255 1676390 + 15 245288 311873 +
3 1680169 1697078 + 15 317265 333203 -
3 1698730 1959438 + 15 333745 534650 +
3 9289 28980 + 44 290761 310007 -
3 29237 31781 + 44 284837 288839 +
3 33438 85048 + 44 247971 283711 -
3 86077 98735 + 44 235710 247139 +
3 99670 103482 + 44 231285 235016 -
3 104248 106780 + 44 222581 225129 +
3 109861 153965 + 44 198973 222034 -
3 167700 172817 + 44 157421 163370 -
3 174524 197104 + 44 138701 154695 +
3 199476 200505 + 44 135878 136989 -
3 201435 217677 + 44 117645 134821 +
3 219449 282843 + 44 57165 114497 -
3 283221 287579 + 44 45086 49308 +
3 330196 387678 + 44 8313 34717 -
3 4315398 4471156 + 43 971 148469 +
3 1109231 1311689 + 54 2233 182724 +
3 1312027 1317089 + 54 183168 189316 -
3 307810 311086 + 11 1050820 1054139 -
3 3727881 3728903 + 6 56728 57965 +
3 965948 1108963 + 65 2098 149097 -
3 3373387 3409981 + 22 297186 331276 +
3 3411885 3721566 + 22 7987 293556 -
3 2783496 2791161 + 9 775149 782751 -
3 2791917 2794885 + 9 770986 773942 +
3 2795550 2922669 + 9 662256 770685 -
3 2924075 2987640 + 9 605575 658615 +
3 2990078 3119965 + 9 461954 605367 -
3 3122529 3125322 + 9 458354 461169 +
3 3126386 3372718 + 9 203109 455883 -
3 3729640 4290992 + 14 268526 772821 +
3 4291188 4295128 + 14 773140 777032 -
3 4295753 4313264 + 14 777502 792590 +
3 540603 556664 + 77 135540 151852 -
3 560574 682945 + 77 14594 130935 -
3 1986717 2003621 + 21 399861 416303 +
3 2018247 2042786 + 21 375707 398949 -
3 2043888 2056621 + 21 362660 374147 +
3 2057357 2152730 + 21 253928 361994 -
3 2154043 2162287 + 21 245503 253012 +
3 2166425 2349078 + 21 120010 242667 -
3 2349922 2364397 + 21 105809 119558 +
3 2364735 2487726 + 21 6389 105184 -
3 1317422 1336757 + 90 41117 59385 -
3 1356699 1379858 + 90 11913 32360 +
3 1381352 1385066 + 90 2108 5852 -
3 2489241 2745793 + 57 16469 295116 +
3 2746240 2781925 + 57 319273 385213 +
3 4987463 4988570 + 42 259517 260716 +
3 696161 699060 + 103 17607 20031 -
3 4991813 4992989 + 20 196311 197472 +
3 4471376 4514942 + 59 642 41952 +
3 4518785 4524999 + 59 45225 53310 -
3 4525875 4535035 + 59 59076 63539 +
3 4539915 4545566 + 59 105803 110634 +
3 4546047 4577116 + 59 72642 102934 -
3 4597978 4653486 + 59 112655 176213 +
3 406363 430203 + 66 183031 208462 +
3 456162 467764 + 66 217602 233327 +
3 469691 492826 + 66 236763 246805 -
3 494428 527719 + 66 259290 295468 +
3 529942 531331 + 66 253989 255392 +
3 533928 537717 + 66 248405 252020 -
3 3724474 3727552 + 92 38194 41268 -
3 4880982 4925359 + 81 92166 138629 +
3 4931302 4976528 + 81 43259 85096 -
3 5002221 5013719 + 81 24579 35805 +
3 5018941 5024668 + 81 16873 22466 +
3 5053885 5061740 + 81 7135 15358 +
3 4663809 4723677 + 48 9433 70570 -
3 4724191 4875451 + 48 73600 228587 +
3 441622 443644 + 129 16167 18233 -
3 5034305 5051783 + 45 234201 246122 -
3 5092398 5129246 + 60 136599 176826 -
3 5130182 5131606 + 60 83803 85242 -
3 5131867 5146454 + 60 119041 135080 +
3 5147604 5183075 + 60 87228 117530 -
3 5184762 5219338 + 60 56064 83253 -
3 5222058 5230172 + 60 42682 52642 +
3 5231703 5269537 + 60 1039 40836 -
3 1961298 1984690 + 95 15837 38022 -
3 2004158 2017684 + 95 1006 14641 +
4 5144420 5147635 + 14 237852 242455 -
4 5645151 5743715 + 14 111764 209517 +
4 5794508 5847286 + 14 58197 110690 -
4 5869947 5870969 + 14 51712 52736 +
4 5889527 5903146 + 14 31639 49439 -
4 5903697 5945176 + 14 1156 21910 +
4 1438 154680 + 69 1353 130653 +
4 2794194 2795765 + 6 84690 86196 +
4 3513402 3651294 + 6 687640 829382 +
4 3652013 3666862 + 6 831590 846846 -
4 3667237 3840354 + 6 857707 999311 +
4 4945090 4966180 + 6 62398 83284 +
4 4990407 4992001 + 6 4311 6016 +
4 4995508 5141641 + 6 127311 250656 +
4 5153238 5167445 + 6 266639 282117 +
4 5169138 5194463 + 6 284355 307836 -
4 5196268 5275211 + 6 309145 346345 +
4 5277636 5281758 + 6 1019642 1023694 -
4 5282623 5455790 + 6 348692 489677 +
4 5459706 5474892 + 6 494645 508729 -
4 5479278 5486248 + 6 511246 517998 +
4 5486641 5496122 + 6 518135 527086 -
4 5496383 5643848 + 6 527555 682394 +
4 5751887 5785226 + 6 7584 40277 -
4 5791833 5793836 + 6 682931 684883 -
4 4988622 4990168 + 72 8433 10670 +
4 3842601 3928489 + 31 248238 337373 -
4 3933103 3943971 + 31 233005 243346 +
4 3944610 4131870 + 31 76521 232752 -
4 4137493 4139301 + 31 68290 70015 +
4 4139948 4201742 + 31 7881 58568 -
4 4304255 4307739 + 31 337754 341995 +
4 2620818 2622282 + 1 177518 178961 -
4 188075 196951 + 19 144973 153876 -
4 211636 216027 + 19 11079 15124 -
4 216932 218097 + 19 15376 16517 -
4 218971 223517 + 19 17719 21938 +
4 228413 242490 + 19 23555 35186 -
4 243795 327083 + 19 47559 140006 +
4 331931 388879 + 19 180507 232460 +
4 409527 585532 + 19 270301 449670 +
4 2925881 2991373 + 9 132014 202592 -
4 3000091 3014507 + 9 102121 117442 +
4 3020452 3022227 + 9 97232 99002 +
4 3031416 3141529 + 9 4028 82980 -
4 2020165 2022952 + 2 1716578 1719382 +
4 1088082 1094282 + 37 301849 309106 +
4 1094499 1255654 + 37 201218 301107 -
4 1256514 1258628 + 37 198233 200278 +
4 1259864 1265816 + 37 191439 197025 -
4 1278025 1366519 + 37 106976 190956 -
4 1690430 1695643 + 37 372 5595 -
4 1702197 1799708 + 37 10913 106183 +
4 4976410 4986992 + 57 295535 316380 -
4 698371 723039 + 49 40690 83517 +
4 725378 726830 + 49 85828 87210 -
4 732725 741453 + 49 96532 105068 +
4 746078 758076 + 49 110922 120957 -
4 761054 829665 + 49 122649 189642 +
4 842741 874200 + 49 190040 220678 +
4 4971903 4974247 + 49 13670 15930 -
4 1267375 1270085 + 105 40725 43055 -
4 4214437 4221954 + 105 19861 26842 +
4 4222773 4227712 + 105 30851 35211 -
4 4228537 4229562 + 105 38921 40036 +
4 4246304 4249954 + 12 849 4566 +
4 4310481 4927458 + 12 9605 608502 +
4 588635 695670 + 76 5750 115015 -
4 5958532 5960130 + 5 621896 623954 +
4 3141985 3148167 + 11 2911 8779 +
4 1367937 1397363 + 16 310257 338394 +
4 1398352 1404126 + 16 341830 347576 -
4 1412812 1417325 + 16 350007 354347 +
4 1424957 1433374 + 16 358916 367334 -
4 1435150 1522202 + 16 373882 424746 -
4 1523381 1524729 + 16 425564 426857 -
4 1525649 1553089 + 16 428087 454281 -
4 1553587 1611363 + 16 454864 514843 +
4 1614277 1660303 + 16 517197 562468 -
4 1661555 1674874 + 16 563878 579089 +
4 1675573 1688555 + 16 580212 595141 -
4 1695730 1700343 + 16 601968 604451 -
4 1800621 2017839 + 16 157276 309083 -
4 2051567 2202075 + 16 2602 156315 -
4 1068596 1072398 + 129 3198 7044 +
4 157715 179976 + 97 2807 22675 +
4 829895 842153 + 73 206327 212895 -
4 4204502 4208137 + 61 13788 17550 +
4 2798939 2924302 + 22 333328 459565 -
4 2202735 2441237 + 56 996 195701 -
4 3314686 3409583 + 42 152405 258356 -
4 3413960 3512506 + 42 41043 149987 -
4 4928581 4939324 + 42 20464 31353 -
4 5787217 5789142 + 42 32906 34901 +
4 3148560 3306744 + 53 11887 174002 +
4 4308497 4310046 + 77 133454 134859 -
4 2442130 2608357 + 38 709 161596 +
4 2623132 2793728 + 38 161689 300318 +
4 2795981 2798007 + 38 308415 310520 +
4 4301839 4303646 + 134 4057 5861 +
4 4233323 4234942 + 96 30913 32549 +
4 3410368 3412387 + 114 15226 17215 -
5 21424 91619 + 10 566784 656757 -
5 95587 119625 + 10 537946 562351 +
5 124750 130329 + 10 526044 531486 -
5 133097 163638 + 10 491593 524338 +
5 166487 369138 + 10 294422 479942 -
5 383353 480105 + 10 171466 288567 -
5 624470 700829 + 10 161 102558 +
5 701772 707581 + 10 105000 110417 -
5 710337 771252 + 10 111421 166945 +
5 1522118 1525422 + 2 189325 192156 -
5 1616249 1678410 + 5 1078570 1153728 -
5 1682266 1707730 + 5 1063141 1076510 +
5 1712876 1743504 + 5 1020310 1053466 -
5 1743755 1752627 + 5 980157 988800 +
5 1768877 1798115 + 5 990773 1019624 +
5 1799450 2146316 + 5 635585 979211 -
5 2149710 2503509 + 5 271260 618992 -
5 2504385 2508630 + 5 267214 270205 +
5 2509091 2753082 + 5 59171 266809 -
5 2753712 2763950 + 5 47417 56983 +
5 2765846 2802850 + 5 4452 45649 -
5 6035373 6175792 + 20 20966 166026 +
5 6195595 6197671 + 20 206817 208995 -
5 6198655 6210839 + 20 183367 194876 -
5 6225487 6293293 + 20 229267 297858 +
5 6294060 6307038 + 20 298473 311104 -
5 6308575 6411556 + 20 312366 413825 +
5 3251080 4801972 + 3 698920 2113130 -
5 4804618 4822987 + 3 681277 697894 +
5 4823407 5457144 + 3 87173 680647 -
5 5457968 5467249 + 3 78076 86848 +
5 5468434 5481011 + 3 64499 76691 +
5 5481360 5493484 + 3 50819 62856 -
5 1218622 1358786 + 24 238630 360429 -
5 1359082 1369763 + 24 226438 236841 +
5 1371450 1446737 + 24 161860 226162 -
5 1447804 1461885 + 24 148338 160468 +
5 1463664 1519448 + 24 91332 146410 -
5 1526554 1554213 + 24 63294 89249 -
5 1557598 1572406 + 24 46490 60465 +
5 1574454 1589214 + 24 28260 41992 +
5 1589792 1592001 + 24 42566 44748 -
5 1592094 1596502 + 24 23581 28027 -
5 1601891 1615614 + 24 5182 19498 +
5 1763891 1766583 + 40 267233 269747 -
5 481978 513410 + 43 149428 164607 -
5 798064 891315 + 43 167417 255617 +
5 376921 379113 + 26 375400 377565 +
5 2897973 2973753 + 26 831 76064 +
5 2976969 2980715 + 26 77697 83541 -
5 2981133 2999167 + 26 94869 116823 -
5 3000051 3005117 + 26 89457 94388 +
5 3006528 3249744 + 26 122203 369911 +
5 5501686 5592484 + 28 295718 385967 -
5 5593220 5598477 + 28 289873 295006 +
5 5599310 5610516 + 28 278559 289385 -
5 5612901 5616546 + 28 274351 277825 +
5 5617064 5803083 + 28 150675 273443 -
5 5805716 5820260 + 28 135218 148473 +
5 5822333 5962928 + 28 28501 134243 -
5 5966953 5969448 + 28 24135 26457 +
5 5978174 5980086 + 28 17596 19532 +
5 514164 542926 + 83 65318 91607 -
5 547776 549430 + 83 57825 59429 +
5 551940 624448 + 83 844 51939 -
5 2805639 2896672 + 67 16080 145127 +
5 1072471 1079639 + 94 25889 29370 -
5 6417705 6419594 + 113 34220 36109 -
6 1409 99995 + 35 233403 326712 -
6 100818 103924 + 35 229817 232700 +
6 120907 156626 + 35 192727 228217 -
6 157825 202583 + 35 139180 180842 +
6 215539 226395 + 35 127130 137395 -
6 228246 232796 + 35 21271 25062 +
6 237430 240815 + 35 32937 36009 -
6 243837 248631 + 35 37381 41766 +
6 249117 251430 + 35 46535 48599 -
6 255630 257325 + 35 48950 50576 -
6 258459 349836 + 35 51649 124555 +
6 398264 410000 + 35 1247 12698 +
6 2313171 2315566 + 6 262077 264441 -
6 3076602 3187676 + 6 1429946 1534683 -
6 3479722 3505640 + 6 1051959 1071942 +
6 3538752 3629330 + 6 1078554 1193779 +
6 3646271 3648470 + 6 1195405 1197634 -
6 3651347 3653263 + 6 1197996 1199912 -
6 3653882 3711741 + 6 1201751 1271412 +
6 3719934 3726497 + 6 1305001 1311002 +
6 3727804 3744930 + 6 1277177 1296644 -
6 3745827 3796299 + 6 1316783 1360693 +
6 3808415 3826944 + 6 1365238 1385678 -
6 3832990 3867503 + 6 1394820 1427045 +
6 456723 486666 + 4 1118327 1150902 -
6 489376 531120 + 4 1081031 1116206 +
6 534037 587033 + 4 1029900 1078017 -
6 591525 599176 + 4 929798 937541 +
6 600648 641723 + 4 959359 999296 -
6 644270 657514 + 4 943961 956462 +
6 663991 677640 + 4 1006197 1019782 -
6 678732 718030 + 4 456300 496698 +
6 719331 722406 + 4 497270 500316 -
6 726241 1004945 + 4 504342 780490 +
6 1006915 1026058 + 4 782453 800659 -
6 1027073 1038267 + 4 837840 849535 -
6 1043940 1069680 + 4 813876 837569 +
6 1089181 1094994 + 4 801840 807506 -
6 1096714 1171815 + 4 850957 928979 +
6 1193435 1197721 + 4 1020436 1024468 -
6 1198444 1237470 + 4 417349 455674 -
6 1239273 1245997 + 4 408434 415077 +
6 1248392 1273105 + 4 375342 405070 -
6 1276233 1292945 + 4 339896 354470 -
6 1295350 1296762 + 4 336280 337794 +
6 1297721 1317415 + 4 315960 335176 -
6 1321489 1328677 + 4 307462 314441 +
6 1341782 1639582 + 4 1924 300961 -
6 365243 367479 + 1 1242492 1245581 -
6 415074 422536 + 73 126746 137950 -
6 3870964 3872353 + 79 97460 98796 +
6 3872633 3876503 + 79 93019 96856 -
6 3885565 3888125 + 79 87748 90237 +
6 3890114 3891811 + 79 80036 81596 -
6 3894524 3895558 + 79 103171 104193 +
6 3948325 3977050 + 79 38483 70961 -
6 3977780 4010758 + 79 1290 34471 +
6 1642084 1977151 + 13 287739 544532 -
6 1977845 1986427 + 13 277852 286346 +
6 1989146 2283862 + 13 798 276720 -
6 3188942 3213491 + 32 254496 283892 -
6 3214357 3230320 + 32 238170 251651 +
6 3243029 3286941 + 32 187079 228652 -
6 3288774 3299993 + 32 174667 183897 +
6 3303346 3306316 + 32 168878 172359 -
6 3306805 3321922 + 32 152200 167302 +
6 3322962 3406956 + 32 75789 152116 -
6 3421526 3476326 + 32 9665 74643 -
6 3896214 3946840 + 32 290838 337699 -
6 2832681 2834001 + 125 6315 7668 -
6 2454392 2769572 + 39 23582 302130 +
6 3519096 3523049 + 75 102753 107115 -
6 3034384 3035405 + 40 271251 272259 -
6 423776 427751 + 113 30187 34089 -
6 2284953 2313008 + 80 176240 205792 -
6 2316349 2351580 + 80 131003 171210 -
6 2356622 2374411 + 80 108746 125701 +
6 2375000 2450030 + 80 35960 106600 -
6 4035488 4040199 + 64 23820 28416 +
6 4052025 4053817 + 64 41885 43712 -
6 4056756 4061507 + 64 48240 52815 +
6 4063880 4072287 + 64 54673 60491 -
6 4074081 4162319 + 64 62783 158885 +
6 3413978 3415576 + 126 7423 9039 -
6 2450314 2453036 + 142 1412 4121 +
6 2895197 2897985 + 119 8678 11457 -
7 1479 109190 + 68 121878 228364 -
7 114798 125423 + 68 93262 103476 -
7 126636 155007 + 68 103949 113831 -
7 159685 180725 + 68 69367 89359 -
7 181927 200166 + 68 57602 68802 +
7 204129 240486 + 68 13977 53716 -
7 2483306 2754896 + 36 3626 248774 +
7 2755990 2773205 + 36 250275 265411 -
7 2775381 2843567 + 36 269065 320802 +
7 4016172 4020936 + 6 1030898 1036439 -
7 3833193 3889308 + 58 188653 249477 -
7 3891384 3897110 + 58 179069 184650 +
7 3898816 3960856 + 58 113675 176807 -
7 3962679 3971958 + 58 105043 112443 +
7 3975252 4010997 + 58 64426 101084 -
7 4043369 4097619 + 58 7548 63524 +
7 4234575 4235931 + 58 5052 6533 -
7 994853 1181154 + 11 26512 114227 +
7 1183112 1184306 + 11 118801 119986 -
7 1184592 1448613 + 11 120743 362942 +
7 1449416 1485649 + 11 366989 405037 -
7 1488381 1554271 + 11 405948 469333 +
7 1559396 1571262 + 11 470933 482874 -
7 1573931 1598324 + 11 487814 512376 +
7 1601180 1757420 + 11 545550 720677 +
7 1758109 1764148 + 11 721802 727385 -
7 1765017 2134860 + 11 727770 1041556 +
7 2845058 2864867 + 29 1580 25331 +
7 2865435 2871640 + 29 25653 31020 -
7 2871927 2904145 + 29 31459 62453 +
7 3159537 3198996 + 29 477571 515294 -
7 3201405 3218740 + 29 458801 476349 +
7 3219195 3568715 + 29 155460 457024 -
7 3569483 3596980 + 29 127856 152994 +
7 3600395 3624601 + 29 96793 126586 -
7 3626523 3627701 + 29 87438 88624 -
7 3628421 3635450 + 29 80788 86824 +
7 3636588 3650120 + 29 67004 80178 -
7 929622 993568 + 84 1265 84015 -
7 4127029 4136635 + 80 24405 33664 +
7 4200435 4233679 + 80 2193 22336 -
7 4109988 4126446 + 88 1334 14551 +
7 4141328 4196135 + 88 22102 73286 -
7 257826 305605 + 25 15623 41644 -
7 306428 311848 + 25 44349 49835 -
7 321726 385045 + 25 59810 96685 -
7 387988 391440 + 25 103914 107341 +
7 394424 432075 + 25 111828 154927 -
7 435503 438188 + 25 157803 160427 +
7 440333 450630 + 25 162956 172532 -
7 454590 457040 + 25 178271 180611 -
7 461528 533478 + 25 184534 234862 +
7 535000 541343 + 25 235471 241894 -
7 542267 553205 + 25 242944 256053 -
7 555829 562083 + 25 258252 263596 +
7 562860 564846 + 25 264897 266621 -
7 569935 584672 + 25 269454 284108 +
7 586996 596405 + 25 286400 296286 -
7 598051 694517 + 25 297918 384928 +
7 2906536 2943268 + 50 222001 246797 +
7 2944309 2965941 + 50 269924 291265 +
7 2968726 2972065 + 50 295844 299000 -
7 2975805 2990251 + 50 302021 316337 +
7 2992820 2999381 + 50 318845 325149 -
7 3000975 3052369 + 50 328252 384851 +
7 3053916 3083049 + 50 386021 412736 -
7 3083927 3096073 + 50 414846 426921 -
7 3100388 3155582 + 50 436614 487455 +
7 3654263 3661185 + 50 160099 166932 -
7 3663480 3729253 + 50 123504 158860 +
7 3729817 3739973 + 50 100343 111077 -
7 3740867 3744407 + 50 96204 99691 +
7 3747831 3774041 + 50 72314 95972 -
7 3775809 3781543 + 50 64471 70223 +
7 3784560 3805459 + 50 41857 62192 -
7 3806965 3822227 + 50 21298 35414 +
7 3830455 3831870 + 50 4799 6800 +
7 4025591 4031758 + 50 200982 208348 +
7 4036277 4041127 + 50 213746 218670 -
7 4101330 4104599 + 50 170289 173561 -
7 708420 767156 + 61 109831 171395 -
7 769606 771800 + 61 103261 109116 +
7 773087 806244 + 61 70113 102162 -
7 808043 810016 + 61 66596 68581 +
7 818550 856691 + 61 29889 65574 -
7 858084 859858 + 61 27379 29171 +
7 861779 865070 + 61 19504 22715 -
7 869528 873420 + 61 755 4135 -
7 873491 925495 + 101 1009 31832 +
8 92697 99290 + 10 668596 674867 -
13 8377 9848 + 44 171704 173190 -
