1 1515 44555 + 104 15356 46108 -
1 45568 62873 + 104 53243 70330 -
1 91297 113516 + 104 72354 94080 +
1 113930 119015 + 104 100126 105523 +
1 190738 191767 + 104 50211 51463 +
1 193414 213144 + 104 1850 14303 -
1 2299054 2304547 + 11 375150 380712 -
1 3608040 3615887 + 11 135362 142132 +
1 4059902 4073240 + 11 293094 297706 -
1 4098755 4110731 + 11 327053 338976 -
1 4111290 4116749 + 11 309702 315514 -
1 4128732 4169626 + 11 149273 183234 -
1 4196407 4235561 + 11 86848 126543 -
1 4235853 4283535 + 11 681 71634 -
1 6403686 6408005 + 11 202572 206897 -
1 688654 691298 + 71 129089 131936 +
1 1340116 1348488 + 71 87254 92104 +
1 6415054 6417821 + 71 97439 100192 +
1 875910 877218 + 166 41213 42350 +
1 5768498 5770043 + 166 42515 44045 -
1 5484045 5490199 + 82 153806 158485 +
1 3987081 4004671 + 81 39364 57188 -
1 8254215 8261110 + 81 64279 71136 +
1 3765810 3771901 + 56 259967 266276 +
1 3818955 3822911 + 56 238223 241274 +
1 3824059 3825416 + 56 229003 230347 +
1 3964237 3970060 + 56 189004 194698 -
1 2308376 2313893 + 53 318889 324396 -
1 3629058 3634158 + 15 241466 246359 +
1 3806929 3808401 + 15 197564 199166 +
1 6421877 6428266 + 15 332301 334334 +
1 6434115 6441352 + 15 311467 318616 +
1 1433338 1625874 + 96 1078 189584 +
1 673079 679895 + 3 521969 528915 +
1 1221285 1228107 + 3 364031 370974 -
1 3537727 3552831 + 3 15968 31070 +
1 3566022 3585902 + 3 31431 62340 +
1 3586589 3595366 + 3 73991 86616 +
1 3638064 3640409 + 3 92558 94921 +
1 3664479 3679800 + 3 114326 130177 +
1 3708685 3714365 + 3 161677 168004 +
1 3730625 3732128 + 3 229159 230663 +
1 3788995 3791270 + 3 133880 135877 -
1 4044988 4046388 + 3 268707 270112 +
1 5533593 5537022 + 3 419377 424157 +
1 5539847 5541145 + 3 315191 316499 -
1 6394914 6400789 + 3 316981 322858 +
1 9728698 9730074 + 3 467853 469596 -
1 5286287 5481929 + 1 496691 664376 -
1 5499435 5530031 + 1 465358 496192 -
1 5545294 5734593 + 1 278172 465311 -
1 5773140 5867718 + 1 197508 277774 -
1 7963650 8132596 + 1 35 169348 +
1 8457427 8470885 + 1 176530 190008 -
1 8471026 8475046 + 1 171997 176052 +
1 8475951 8477230 + 1 169682 170938 -
1 9307174 9312039 + 165 65017 69873 -
1 4629441 4669011 + 77 111245 148592 -
1 4669973 4771362 + 77 865 100959 -
1 63845 72121 + 31 140698 149011 -
1 3910543 3915493 + 80 127206 128496 +
1 3687315 3705815 + 65 269472 275458 +
1 3716051 3717521 + 65 235295 236763 +
1 5742503 5756399 + 65 30214 48431 +
1 9165418 9173177 + 65 275922 283646 +
1 80474 85487 + 109 52316 57273 -
1 3531922 3536773 + 109 1245 6093 +
1 121689 187938 + 133 2066 74852 -
1 4373730 4462277 + 21 239925 327662 -
1 4462407 4627611 + 21 70394 227689 -
1 6224120 6339509 + 21 278 69877 +
1 3289735 3531570 + 46 52463 284691 -
1 3756175 3757720 + 46 4850 6957 +
1 6339889 6347119 + 50 728 11133 +
1 6347407 6377460 + 50 24240 52920 +
1 6378755 6383341 + 50 63673 68305 +
1 6459705 6520953 + 50 71568 126009 +
1 6529158 6651667 + 50 126784 250068 +
1 2555572 3187636 + 4 49 634859 -
1 6831914 7321424 + 8 981 469084 -
1 6448835 6453548 + 7 321436 326152 +
1 3556972 3564898 + 18 365161 373091 -
1 5764116 5767755 + 18 410733 414381 +
1 8225520 8226994 + 61 167756 169208 -
1 8267177 8396764 + 61 52592 166849 -
1 1627689 2193640 + 23 1099 557267 -
1 4332261 4333900 + 161 92577 94216 +
1 215278 266766 + 162 6461 54116 -
1 7554471 7761274 + 87 862 222963 -
1 4092408 4094470 + 38 184722 186698 -
1 3857923 3860756 + 90 65750 68606 -
1 3877008 3891841 + 90 2819 11003 -
1 3949811 3952024 + 90 56189 58361 -
1 3732673 3734625 + 125 94712 96664 -
1 9180431 9224537 + 13 296 43577 +
1 9265486 9286816 + 13 44665 64838 +
1 9337331 9340730 + 13 65073 68599 +
1 9344767 9354922 + 13 75211 85503 +
1 9356263 9378690 + 13 86116 106283 -
1 9379734 9391374 + 13 107312 117921 +
1 9392628 9424322 + 13 119475 149092 -
1 9436409 9460126 + 13 158258 181595 -
1 9461624 9463816 + 13 187750 189883 -
1 9463950 9648853 + 13 191132 339134 -
1 9650241 9705011 + 13 339624 389884 +
1 9759101 9767126 + 13 391421 399488 +
1 8511936 8933896 + 29 530 398382 -
1 5882261 6019460 + 119 1204 92346 -
1 297017 394011 + 84 42406 128184 -
1 396687 399907 + 84 36682 39957 +
1 402335 437401 + 84 985 34631 -
1 8505255 8509814 + 233 2322 6877 +
1 5736549 5740562 + 98 63377 67379 -
1 9790904 9793045 + 98 4779 6905 +
1 3865778 3867222 + 43 320413 321490 -
1 702617 872310 + 6 426311 594413 -
1 925085 1219286 + 6 144922 426020 -
1 1229630 1328018 + 6 50026 144798 -
1 1328790 1336180 + 6 38457 45861 -
1 1352974 1387617 + 6 214 34652 -
1 6524776 6528068 + 25 257108 260424 -
1 9733649 9737580 + 25 12270 16189 -
1 6038412 6063214 + 201 2415 26830 -
1 437689 466958 + 128 1562 18865 +
1 467672 478573 + 128 19940 31377 -
1 480196 488713 + 128 32198 40047 -
1 491920 523545 + 128 43192 75930 +
1 4771476 5077769 + 16 84994 381901 -
1 5083147 5159351 + 16 203 75460 -
1 1406558 1407617 + 211 921 2004 +
1 8951662 8990465 + 196 2140 40677 -
1 6651971 6746399 + 116 1411 94461 +
1 5159420 5286030 + 83 822 130809 +
1 9013851 9015957 + 144 62567 64863 +
1 9031637 9090198 + 144 2020 61266 -
1 9090539 9091906 + 200 622 1974 -
1 7961737 7963595 + 183 57 1798 +
1 3894316 3908985 + 122 105921 113620 +
1 8939510 8949288 + 160 2325 12006 -
1 9116368 9151208 + 160 14324 47863 +
1 9154365 9163356 + 160 93513 102325 -
1 9175878 9180134 + 160 88417 92454 -
1 9226661 9264836 + 160 49611 87192 -
1 6171807 6223992 + 170 1692 50688 -
1 889264 895226 + 60 21450 27451 +
1 7323799 7439525 + 101 1820 106609 -
1 8265588 8266921 + 102 12335 13649 -
1 3189994 3279167 + 155 1871 96805 -
1 527101 588604 + 88 106303 161448 -
1 594107 643399 + 88 49901 100774 +
1 644292 667040 + 88 26948 47690 -
1 698418 702089 + 88 981 4665 -
1 2194772 2273219 + 33 1297 75778 +
1 2342658 2362329 + 33 75926 95451 +
1 8440141 8441767 + 204 200 1790 -
1 6748930 6793842 + 179 1971 47338 -
1 2496885 2498698 + 208 148 1933 +
1 9000760 9010219 + 212 15348 25570 -
1 9019709 9030628 + 212 2318 12983 +
1 2478106 2496799 + 207 2216 21810 +
1 8133824 8223746 + 95 23618 116048 +
1 8477647 8504958 + 95 1238 22803 -
1 2498706 2553874 + 156 1674 56823 +
1 6064658 6168608 + 106 1327 104259 -
1 1387788 1405384 + 210 2175 19448 +
1 5869076 5881330 + 203 2090 14453 -
1 8441779 8450523 + 203 16581 24763 -
1 1408806 1432928 + 202 2072 26216 -
1 6037321 6038352 + 202 559 1589 -
1 7442240 7552388 + 107 2216 104007 +
1 2554237 2555426 + 157 307 1419 +
1 7924202 7961624 + 182 1888 39815 +
1 2362765 2443067 + 151 1799 60267 -
1 2443443 2445007 + 191 198 1787 -
1 2445497 2478024 + 190 2008 34739 -
1 4291128 4292927 + 226 313 2066 +
1 8934220 8936819 + 199 2089 4337 +
1 9091954 9114046 + 199 6328 28022 -
1 4284622 4291101 + 225 2534 8961 +
1 3281779 3289249 + 224 2259 9692 -
1 4293316 4314055 + 187 2350 23450 +
1 4334061 4371636 + 187 23801 41370 +
1 6830109 6831883 + 187 60 1825 +
1 4371924 4373664 + 188 153 1860 +
1 7877469 7923104 + 188 2354 48538 +
1 6747055 6748701 + 180 111 1759 -
1 6019704 6033831 + 213 2246 16454 +
1 8990648 8992333 + 213 337 2107 -
1 6034757 6036883 + 214 6 2116 +
1 6170264 6171761 + 171 31 1562 -
1 7762047 7812048 + 171 2494 52289 +
1 6797951 6829976 + 186 5531 37830 +
1 7813975 7868986 + 153 2721 58617 -
1 7870383 7874836 + 230 2592 7024 +
1 7874841 7876677 + 231 83 1979 +
1 8509845 8511396 + 234 594 2143 +
2 1266655 1270010 + 50 15070 18424 +
2 3500919 3502766 + 50 53636 54938 -
2 1186146 1187193 + 11 281755 282814 +
2 684846 688231 + 122 28967 32307 -
2 1207044 1210118 + 165 53003 56001 +
2 3902950 3908321 + 81 9913 13795 +
2 4135933 4151915 + 30 251794 260188 -
2 4170272 4171547 + 30 240421 241744 -
2 4176655 4212633 + 30 205124 237624 +
2 4213963 4295073 + 30 147244 203415 -
2 4298525 4344937 + 30 77473 124932 -
2 4359860 4436060 + 30 488 77164 -
2 1818351 1970983 + 19 261323 402404 -
2 995306 1066350 + 31 366 66802 +
2 1076938 1083991 + 31 66994 74000 +
2 1084594 1092732 + 31 79301 87381 +
2 1146712 1147890 + 31 134880 136695 +
2 2897879 2902618 + 18 1015738 1020114 -
2 2921211 3302676 + 18 645231 1015610 -
2 3321655 3366458 + 18 601004 644666 -
2 3387674 3493336 + 18 492975 600893 -
2 3502788 3579494 + 18 419084 492929 -
2 3581158 3602064 + 18 385450 405857 -
2 3713128 3718376 + 18 355887 361295 -
2 3723558 3736275 + 18 340276 355289 +
2 3738178 3777395 + 18 299275 338836 -
2 3777596 3871223 + 18 106794 188656 +
2 3872999 3886465 + 18 204854 216047 -
2 3937372 3949617 + 18 189833 201421 -
2 3950900 4037106 + 18 217201 298630 +
2 4037804 4044356 + 18 100390 106155 -
2 4048234 4051093 + 18 85141 87958 +
2 4053635 4064511 + 18 89017 98899 -
2 4066018 4085052 + 18 65738 84667 +
2 4086045 4097167 + 18 50590 61273 -
2 4123670 4132910 + 18 23957 32932 -
2 1706911 1817397 + 120 1287 91278 +
2 140883 142002 + 15 341499 342609 -
2 1125677 1126824 + 15 103147 104266 +
2 1235157 1236588 + 15 101563 102984 -
2 1257420 1258898 + 15 56807 58102 +
2 1301801 1309804 + 22 30237 38094 +
2 1178 7849 + 3 453961 460568 -
2 111472 116605 + 3 104037 109236 +
2 1176242 1177951 + 3 542624 544345 -
2 1289361 1296593 + 3 1786 8996 +
2 3686365 3695775 + 3 497776 507073 -
2 1587786 1647577 + 5 475542 533315 +
2 1647799 1706209 + 5 556708 615078 +
2 3890742 3892426 + 5 545360 547352 +
2 8919 33000 + 189 2516 23687 -
2 33916 41978 + 189 27917 35514 +
2 1106668 1107957 + 65 192065 193353 +
2 3308220 3316957 + 65 141495 150743 -
2 1066464 1067936 + 13 73699 75169 -
2 3888961 3890189 + 13 71810 73017 +
2 43993 45033 + 170 593 1639 -
2 45783 69265 + 169 34859 50840 -
2 91974 94219 + 169 1887 3988 -
2 94936 108114 + 169 4288 18004 +
2 150142 166703 + 169 20032 34678 +
2 75654 90923 + 102 90905 105679 +
2 172442 230713 + 102 29048 89599 -
2 231224 242031 + 102 1119 11699 -
2 2553105 2640492 + 2 334 87187 +
2 2641151 2644160 + 2 103268 106292 +
2 2644320 2674070 + 2 123164 152990 +
2 2674445 2897362 + 2 159429 376447 +
2 3932190 3935241 + 2 95587 98591 +
2 243025 313890 + 103 83417 151245 -
2 315438 334838 + 103 56696 79514 +
2 337621 389700 + 103 1368 52915 -
2 1393496 1398436 + 108 1205 6152 +
2 1400275 1453923 + 108 23222 65189 +
2 1464570 1529966 + 108 82081 143940 +
2 1162467 1173032 + 174 2411 6114 +
2 4345323 4358757 + 174 50042 61286 +
2 1193972 1197823 + 80 132089 135833 +
2 1366431 1372824 + 80 48328 56078 -
2 1374568 1393280 + 80 929 19525 -
2 3371850 3374141 + 80 57045 59360 -
2 4154746 4158791 + 80 93456 97392 +
2 1094847 1097990 + 37 122216 125356 +
2 2904385 2920066 + 37 190005 198471 +
2 3368244 3371771 + 66 17042 20570 +
2 658566 684030 + 100 1347 26716 +
2 689622 752557 + 100 28710 97137 +
2 801559 812288 + 100 99108 109100 -
2 1223801 1229444 + 27 61126 65183 +
2 1532100 1586751 + 168 2528 51939 +
2 755367 791585 + 159 14229 50649 -
2 813310 832597 + 159 51844 69409 +
2 1971229 2271189 + 76 820 222883 +
2 2486254 2551759 + 142 1412 67795 +
2 2272132 2486233 + 42 447 218048 +
2 1199658 1202417 + 75 117841 120295 +
2 834287 994107 + 123 1465 147030 +
2 397571 516226 + 99 1693 108844 +
2 1244894 1253062 + 64 30645 37829 +
2 1136207 1138805 + 161 99191 102282 +
2 4437392 4444829 + 192 27552 34884 -
2 4445329 4446528 + 192 21392 22792 +
2 4451680 4470533 + 192 2563 21232 -
2 521514 657082 + 94 3680 116251 +
2 1178450 1181345 + 125 8000 10889 -
2 1340504 1342070 + 125 25820 27380 -
2 3624272 3627608 + 125 74755 78072 +
2 3707051 3708702 + 177 63 1630 +
3 4981778 5005442 + 66 151890 167114 +
3 5019418 5059279 + 66 116028 149198 -
3 5124013 5129253 + 66 2593 7697 +
3 5130139 5141300 + 66 37072 48088 -
3 5141616 5146466 + 66 9025 13895 -
3 5147608 5183070 + 66 50128 84847 -
3 5185040 5215353 + 66 85543 106760 +
3 846047 852339 + 65 324570 329076 +
3 9658 29017 + 149 2460 21514 +
3 29060 31721 + 149 22970 25695 -
3 32790 120205 + 149 26145 99190 +
3 2691541 2881156 + 10 672 181142 +
3 2906993 3173333 + 10 202588 457156 +
3 835990 842013 + 70 19881 25877 -
3 4063911 4434807 + 7 248 317821 +
3 4435480 4576052 + 7 329221 466226 +
3 4604744 4622199 + 7 466747 484172 -
3 967751 1041576 + 27 75413 148960 +
3 1063221 1204459 + 27 149462 288184 +
3 319771 326629 + 15 41933 48860 -
3 3174522 3188418 + 175 34884 47332 -
3 3189286 3209567 + 175 14405 33735 +
3 3210187 3222027 + 175 2082 13647 -
3 720099 722235 + 3 247931 250042 +
3 856463 858162 + 3 182483 184120 -
3 947278 949537 + 3 270736 272992 +
3 1049174 1052631 + 3 437048 440504 -
3 476328 485484 + 53 306811 316073 +
3 884059 886820 + 53 272523 275237 +
3 443210 445445 + 122 34146 36378 -
3 897716 905235 + 78 53395 60879 -
3 4646717 4660828 + 78 203699 215463 -
3 4663852 4673298 + 78 136346 145774 +
3 4675177 4687223 + 78 157242 165591 -
3 4687974 4723810 + 78 166284 201005 +
3 4724188 4822355 + 78 68323 134827 -
3 4825316 4826981 + 78 39847 41490 -
3 4869061 4878072 + 78 24644 33255 -
3 4880534 4887611 + 78 15627 22705 +
3 4948822 4960744 + 78 903 13421 +
3 145730 147319 + 11 451887 453745 -
3 4589170 4594856 + 11 387292 395165 -
3 699638 700730 + 43 292880 293971 -
3 3840579 3923463 + 127 1283 84228 -
3 3924249 3955303 + 75 120827 151400 -
3 3957155 4063783 + 75 872 107270 -
3 4889011 4947849 + 126 30032 85909 +
3 4961799 4969737 + 126 21534 29043 -
3 4971826 4974891 + 126 17730 20635 +
3 4975926 4979102 + 126 12268 15532 -
3 5006005 5013727 + 126 1408 9089 +
3 228101 255441 + 44 267586 288691 +
3 275867 282826 + 44 258389 265206 -
3 283037 287395 + 44 246351 250572 +
3 296717 299816 + 44 244022 245678 -
3 330193 428235 + 44 181828 242610 -
3 450282 474080 + 44 153922 177889 -
3 486516 527715 + 44 116171 153238 -
3 529255 532216 + 44 112684 115716 +
3 533821 556443 + 44 84725 110756 -
3 559438 572859 + 44 73631 82781 +
3 575858 646718 + 44 543 70623 -
3 120278 121329 + 150 52 1103 +
3 1206489 1233432 + 22 961 27571 +
3 1233500 1546729 + 22 48829 318640 +
3 1548568 1553837 + 22 320114 325302 -
3 1554914 1622205 + 22 331300 397478 +
3 1622340 1702557 + 22 422316 497117 +
3 123107 133027 + 121 80485 90168 -
3 147952 158722 + 121 70323 80300 -
3 160028 163416 + 121 63783 67179 +
3 164408 166582 + 121 67573 70207 -
3 169804 227443 + 121 17091 62266 -
3 256619 272520 + 121 1493 14405 +
3 4597488 4601577 + 197 24316 28453 +
3 4622435 4644031 + 197 3587 22052 -
3 4835830 4840958 + 46 40994 46108 -
3 2882454 2890907 + 16 77243 84468 +
3 906484 907997 + 90 77662 78943 +
3 923665 925609 + 90 94812 96797 +
3 2432067 2434950 + 90 41452 44316 -
3 864791 866233 + 161 39952 41370 -
3 1787072 2185150 + 28 316 398444 +
3 2236999 2423735 + 28 398745 578171 +
3 2444833 2569285 + 28 578538 701668 +
3 4602392 4604252 + 198 235 1458 +
3 2185738 2192316 + 60 12879 19200 +
3 3688643 3818226 + 105 1684 128278 -
3 3586187 3688261 + 131 1497 102739 -
3 3222357 3585233 + 26 342 347645 -
3 647861 682890 + 112 128496 162347 -
3 965885 967186 + 112 18062 19382 +
3 700957 703882 + 31 117851 124531 -
3 785669 791350 + 80 32951 38639 -
3 1045509 1048403 + 158 36794 39905 -
3 5090098 5115596 + 183 15296 39107 +
3 5215829 5225325 + 183 1822 12282 -
3 2569973 2690595 + 89 1000 119974 +
3 5228623 5248558 + 181 21463 39912 -
3 5255087 5273305 + 181 1955 19613 +
3 5225328 5226717 + 182 365 1766 -
3 3837264 3838861 + 210 146 1742 +
3 3820087 3837237 + 209 3718 21053 +
3 5115914 5117303 + 184 33 1460 +
4 135483 136799 + 3 440546 441877 +
4 1008512 1012884 + 3 339597 344001 -
4 1899325 1901207 + 3 67308 69186 +
4 1253 81871 + 71 2225 79687 +
4 915101 920248 + 71 102481 107598 -
4 3727812 4031388 + 52 869 275492 +
4 4063833 4114208 + 52 275775 323276 +
4 5488540 5694313 + 91 997 201774 -
4 1138976 1146310 + 18 39064 46326 -
4 3576516 3598280 + 18 248 21837 -
4 201501 202567 + 28 715001 716090 -
4 246222 250734 + 28 702470 707019 +
4 951161 955891 + 11 128365 135221 -
4 4448885 4454442 + 11 396872 401858 +
4 2612159 2619922 + 37 126865 153202 -
4 4501306 4622166 + 37 386 120743 +
4 4622907 4625108 + 37 160705 162913 +
4 4660192 4682553 + 37 163096 185334 +
4 4682857 4712315 + 37 205560 234250 +
4 5980351 5984987 + 37 198514 203131 -
4 2719441 2726745 + 122 40933 48213 -
4 2590938 2608297 + 58 173632 191332 -
4 2623298 2718285 + 58 87473 173250 -
4 2737695 2826593 + 58 572 87442 -
4 1454338 1479342 + 30 126807 142960 +
4 5316724 5321179 + 93 25112 29570 -
4 4153714 4230440 + 79 170121 242575 -
4 4244648 4448350 + 79 19788 167688 -
4 4459453 4477570 + 79 893 19041 -
4 838922 842408 + 108 65449 72232 -
4 4047878 4061431 + 108 6812 12850 -
4 5049594 5110005 + 20 299919 353276 -
4 5110119 5146302 + 20 257701 293758 -
4 5149032 5150478 + 20 255214 256660 +
4 5154934 5167649 + 20 242061 253910 -
4 5169124 5195313 + 20 215519 240692 +
4 5196358 5203891 + 20 207746 215125 -
4 5250262 5307676 + 20 149518 204699 -
4 5332270 5486938 + 20 542 148580 -
4 82243 84662 + 166 34997 37498 -
4 85811 102751 + 166 16685 30881 +
4 103798 109834 + 166 10729 16361 -
4 141846 144636 + 166 1855 4526 -
4 211557 246169 + 173 1798 36474 -
4 262495 327062 + 173 40056 97272 -
4 1077360 1085120 + 5 536828 544558 -
4 1256787 1392656 + 5 343859 475479 -
4 1393213 1442768 + 5 294427 330325 +
4 1486551 1494456 + 5 332666 340588 +
4 1499942 1811058 + 5 42 293420 -
4 1443752 1452430 + 66 22037 30635 -
4 2026773 2029011 + 6 46210 48354 -
4 3725843 3727599 + 181 55 1791 +
4 2732612 2735813 + 125 3451 6643 -
4 3065408 3069066 + 65 122782 126451 +
4 4807716 4809100 + 158 127 1497 -
4 330382 351225 + 85 1460 21498 +
4 359842 394737 + 85 38283 53844 +
4 396657 408252 + 85 55053 65474 -
4 415562 487894 + 85 74390 127316 +
4 2942369 2973338 + 41 534 31780 +
4 2976713 3050503 + 41 46551 109037 +
4 3083303 3249272 + 41 110342 273974 +
4 3250307 3409792 + 41 278277 430871 +
4 4231561 4239493 + 41 36602 44628 +
4 881205 883265 + 165 5987 7935 -
4 5209772 5211175 + 78 149058 150704 +
4 5923648 5927050 + 78 46285 49672 +
4 965933 972074 + 176 40450 45713 +
4 131144 135434 + 2 384410 388687 +
4 2021717 2025658 + 15 352535 356539 +
4 4631517 4637312 + 15 334895 340582 -
4 5990837 5996890 + 15 156619 177307 -
4 5998135 6000643 + 15 248920 251428 -
4 589060 695935 + 56 475257 570442 -
4 698688 720760 + 56 446712 473716 +
4 725432 726814 + 56 441718 443047 +
4 738623 743980 + 56 430947 436796 -
4 745182 759147 + 56 414605 428283 +
4 762430 829193 + 56 348205 412452 -
4 842473 873824 + 56 315158 347570 -
4 921085 923257 + 56 182925 185090 +
4 1088094 1125385 + 56 82602 131540 -
4 1173802 1256760 + 56 605 82157 -
4 1883437 1888583 + 56 281115 286450 +
4 1895766 1899212 + 56 199684 204178 -
4 5219428 5222556 + 56 286672 289769 -
4 145231 154770 + 221 2520 11943 +
4 155704 197333 + 163 2160 45312 +
4 257418 259166 + 163 51483 53372 +
4 3598854 3697780 + 111 1796 101547 +
4 488828 542916 + 63 114682 166715 +
4 1137642 1138975 + 112 60873 62204 -
4 5961020 5963842 + 112 116304 119063 -
4 5239721 5246635 + 21 229747 236707 -
4 3699211 3715642 + 211 2568 19255 +
4 259761 260941 + 164 204 1373 +
4 4878152 4889229 + 140 2390 13481 -
4 4904389 4956855 + 140 15702 66358 +
4 4959161 4987285 + 140 68955 93901 -
4 4995718 5048214 + 140 95877 120920 +
4 261002 262389 + 174 164 1562 -
4 3715701 3717175 + 212 8 1626 +
4 4116249 4152495 + 185 3782 38750 -
4 5694409 5847187 + 49 701 147544 +
4 5848577 5849969 + 49 151672 152990 -
4 5868407 5913730 + 49 154045 180917 +
4 5937982 5947398 + 49 181341 195114 +
4 3492482 3566430 + 138 1835 73781 +
4 2144290 2156132 + 205 10543 22960 +
4 3567787 3575885 + 205 2460 10379 +
4 4478343 4479508 + 205 168 1342 -
4 4712553 4806865 + 118 1362 93806 +
4 2158585 2336427 + 48 586 176465 +
4 2379699 2466219 + 48 176931 259001 +
4 548308 586819 + 184 3233 38746 -
4 2368533 2375925 + 152 20460 27759 +
4 2466966 2589042 + 92 1032 118202 +
4 1812142 1878595 + 54 134558 193220 -
4 1934565 2017822 + 54 48193 131505 -
4 2051482 2097172 + 54 681 47197 -
4 903436 905664 + 90 62905 64950 -
4 1067414 1071785 + 90 71563 75788 -
4 885834 891935 + 45 171289 177296 -
4 2351844 2358851 + 150 24382 32136 +
4 2098987 2144220 + 177 1825 45352 -
4 3413244 3488856 + 132 1341 74968 +
4 4852171 4856017 + 206 17978 21723 +
4 4874325 4876011 + 206 15599 17302 -
4 4892437 4903289 + 206 4086 14598 +
4 5048287 5049524 + 141 184 1372 +
4 2827728 2942186 + 117 1310 113226 -
4 3717798 3725757 + 180 34422 42057 +
4 4479761 4500935 + 204 2332 23508 -
4 4114446 4116179 + 186 484 1731 -
4 4809249 4849747 + 157 15301 55542 -
4 4858684 4868255 + 157 1893 11376 +
5 18225 130824 + 72 15289 126570 +
5 132593 164023 + 72 127284 157687 -
5 166660 168371 + 72 162124 163771 +
5 1853045 2095788 + 36 443 241054 -
5 4585641 4782743 + 12 241278 443748 -
5 4800234 4856634 + 12 184251 240476 -
5 5100118 5299003 + 12 401 183697 +
5 950877 952587 + 19 79272 80988 -
5 5701752 5709523 + 85 27864 35610 +
5 2574504 2593866 + 24 289857 308799 -
5 2625919 2923633 + 24 410 289640 -
5 1762940 1767476 + 65 339987 344457 +
5 4793256 4797602 + 65 360933 365297 +
5 1108156 1110148 + 112 110774 112769 -
5 6002568 6003619 + 112 79067 80107 -
5 6019856 6021445 + 112 76638 78215 -
5 1043102 1046744 + 11 345855 349494 -
5 1155110 1162131 + 11 78250 85334 -
5 482988 517061 + 129 101770 120107 +
5 797858 891310 + 129 12523 99254 -
5 1102955 1104990 + 56 215066 217039 +
5 6013720 6017523 + 56 247893 251702 -
5 5409845 5418105 + 122 127316 135626 -
5 998005 1000016 + 53 254094 256486 +
5 1218600 1281198 + 53 195828 253551 -
5 4890823 5089283 + 53 629 194609 -
5 6010423 6012424 + 27 9990 11987 +
5 1082497 1085889 + 165 85359 88115 -
5 4509758 4512043 + 165 60541 62770 +
5 1047417 1048990 + 90 37617 39139 -
5 1168734 1173825 + 15 108657 113726 -
5 5911700 5913523 + 15 238728 240586 -
5 5406922 5409843 + 125 35796 38745 +
5 685738 694268 + 191 2131 13692 +
5 701760 721870 + 191 15784 35279 -
5 5558799 5656014 + 14 494923 591976 -
5 5714088 5891209 + 14 306359 491438 -
5 5917182 5980725 + 14 255346 306012 -
5 6022161 6088731 + 14 199052 255053 -
5 6090295 6096950 + 14 190606 198042 +
5 6100650 6178069 + 14 135599 189898 +
5 6195006 6212868 + 14 118186 134733 -
5 6222396 6239989 + 14 100050 114003 +
5 6242832 6311021 + 14 17629 92680 -
5 6311418 6319757 + 14 762 7714 -
5 438571 451556 + 2 407147 420030 -
5 732124 745896 + 2 421286 434967 +
5 2976949 2989443 + 2 437077 451758 -
5 2990435 3126311 + 2 452585 588656 +
5 3153584 3155215 + 196 75 1683 +
5 559812 682038 + 124 3746 86749 +
5 1525887 1536180 + 17 342984 351689 +
5 1592629 1635324 + 17 299744 342616 -
5 1638567 1678958 + 17 249375 288051 -
5 1682030 1708470 + 17 233618 248465 +
5 1711966 1752307 + 17 187803 226222 -
5 1768655 1852747 + 17 100668 185887 -
5 2471739 2574082 + 17 309 100477 -
5 3155343 3182955 + 64 1287 29029 +
5 3183449 3314079 + 64 37945 169381 +
5 2923867 2925163 + 146 87 1385 -
5 1148126 1152845 + 43 314396 319115 +
5 4170792 4441217 + 69 6430 269450 +
5 4472777 4476869 + 69 270098 274180 +
5 3383634 3610846 + 9 317116 529167 -
5 3611409 3948875 + 9 741 310148 -
5 4479873 4506553 + 147 36793 64005 -
5 4520130 4554011 + 147 2052 36010 -
5 2199617 2442861 + 35 361 236707 +
5 1443361 1478067 + 176 1916 36334 -
5 4450342 4452165 + 31 168371 170129 +
5 4859086 4885365 + 68 691 26658 -
5 5366277 5406512 + 68 182781 221909 -
5 5420858 5497510 + 68 106483 182334 -
5 5497633 5557599 + 68 222389 280966 +
5 169156 176632 + 60 717 7944 +
5 196822 200792 + 60 8475 12120 +
5 202086 242796 + 60 32288 89728 +
5 328552 416181 + 60 90517 172544 -
5 1070445 1072050 + 60 29813 31424 -
5 5667538 5668550 + 46 32404 33406 -
5 243697 245491 + 134 93440 95299 +
5 249838 326548 + 134 2153 67249 -
5 418775 437214 + 134 72619 91013 -
5 455203 480299 + 134 120879 144624 -
5 748357 770524 + 134 96396 118436 +
5 1418400 1442907 + 71 138178 158474 -
5 6005330 6009461 + 71 119086 123166 +
5 184053 190632 + 158 23484 34255 +
5 519311 545805 + 50 250876 275395 +
5 1035059 1037007 + 161 123149 124918 +
5 3950597 4153970 + 62 1561 170230 +
5 1504129 1505848 + 201 57 1864 +
5 5418107 5420428 + 104 97273 99673 +
5 546672 549425 + 237 2577 5306 +
5 4885532 4887704 + 237 134 2183 -
5 696018 700551 + 145 1463 5986 -
5 723620 729298 + 145 7188 12786 +
5 2925357 2974614 + 145 15063 64180 -
5 551926 553430 + 229 33 1538 -
5 553828 558172 + 228 2809 7309 -
5 1405963 1414714 + 222 2956 11521 -
5 3314812 3382812 + 139 1667 70190 +
5 1478436 1504028 + 200 2319 26754 +
5 2443556 2455517 + 216 2561 14004 +
5 4887873 4890077 + 236 2711 4925 -
5 1318156 1382775 + 115 22204 94634 -
5 3128509 3146220 + 115 3483 21386 +
5 1292378 1301068 + 219 377 9274 +
5 1039077 1042315 + 110 25784 29006 -
5 6320830 6344330 + 110 1500 25049 +
5 6344479 6409705 + 110 30847 88600 +
5 2595256 2603127 + 109 74217 82054 +
5 4161698 4167381 + 150 43371 56362 -
5 1281326 1292025 + 218 2424 13079 +
5 2457654 2458793 + 218 990 2100 -
5 1315571 1317354 + 220 19 1776 +
5 1383416 1403966 + 195 2052 22414 -
5 3146774 3153116 + 195 23021 29402 +
5 4577305 4578905 + 195 150 1757 +
5 1404046 1405731 + 223 173 2080 -
5 5089671 5097226 + 223 2656 9993 +
5 1507142 1519338 + 143 55619 67746 -
5 1539214 1572500 + 143 2161 34824 +
5 1574733 1592025 + 143 36569 53577 -
5 2095816 2165688 + 137 1438 71703 +
5 4168513 4170779 + 152 18035 20296 -
5 2459133 2471507 + 217 2318 14436 -
5 4554495 4577224 + 194 2115 30991 +
5 4579048 4583671 + 232 2438 7028 +
6 2865285 2866614 + 81 117967 119299 +
6 4174438 4181354 + 81 2680 9729 +
6 2779731 2782804 + 65 382321 388384 -
6 3023339 3024876 + 65 336661 338174 +
6 3006810 3009391 + 174 24701 27273 +
6 365271 368520 + 150 36620 39825 +
6 3089780 3092648 + 150 57966 60678 -
6 3098751 3101797 + 150 1797 4753 -
6 1891073 1898663 + 11 189395 196879 -
6 2828595 2836386 + 75 109217 116941 -
6 3385 104069 + 74 59320 153425 -
6 121874 156815 + 74 21774 56776 -
6 207932 230361 + 74 1734 21078 +
6 2381206 2437052 + 73 206293 260886 -
6 2439329 2546902 + 73 2481 113875 -
6 1175788 1182233 + 2 110131 119993 -
6 550276 573784 + 208 2350 21554 -
6 1813584 1819694 + 38 172296 178342 -
6 3939574 4131912 + 38 681 170796 +
6 4132580 4162727 + 38 187224 220033 +
6 3439199 3558753 + 114 1256 96016 +
6 115935 117450 + 166 46714 48212 -
6 160019 207211 + 57 695 49189 -
6 231614 269056 + 57 51013 84209 +
6 275793 350577 + 57 84933 147274 +
6 355555 359633 + 57 167283 170121 -
6 398538 405897 + 57 156359 163730 -
6 406770 413221 + 57 148612 154753 +
6 415655 487074 + 57 171796 218302 +
6 527792 531095 + 57 220365 223484 -
6 2756101 2759793 + 158 1634 6542 -
6 3076598 3086508 + 158 49368 55725 +
6 3130526 3135766 + 226 2325 7598 -
6 1152383 1163234 + 43 262941 273490 -
6 1164564 1172033 + 43 248214 255822 -
6 1193436 1317811 + 43 128304 247721 -
6 1321232 1328680 + 43 120917 128203 +
6 1340468 1457700 + 43 481 116546 -
6 3044769 3048222 + 43 256363 258476 -
6 1857766 1887853 + 34 522 30210 +
6 1910928 1977142 + 34 30914 96219 +
6 1977716 1986884 + 34 97558 106782 -
6 1989390 2101917 + 34 107868 219818 +
6 2103765 2105157 + 34 224318 225701 -
6 2107696 2380236 + 34 226160 495546 +
6 733394 926802 + 51 516 196456 -
6 272643 275090 + 165 3267 5628 +
6 2747721 2750144 + 31 164834 167295 +
6 2759891 2760962 + 31 259874 260899 -
6 2880148 2881667 + 31 103778 105077 -
6 2904318 2906864 + 31 109027 112276 +
6 3335416 3339275 + 31 74361 78161 -
6 1457825 1795051 + 32 459 313871 +
6 1823773 1857203 + 32 313874 339596 +
6 3135910 3205216 + 82 963 74453 +
6 3205880 3231328 + 82 163814 188287 -
6 3236456 3318356 + 82 75214 151739 -
6 3319632 3322364 + 82 189675 192381 +
6 3322965 3334605 + 82 223136 234613 -
6 3339288 3369420 + 82 193201 222649 -
6 3370489 3438228 + 82 235337 288614 +
6 3745767 3763012 + 167 33986 49648 -
6 3771141 3776491 + 167 26607 31898 +
6 3777555 3803320 + 167 14193 24760 -
6 3818275 3826945 + 167 1813 10245 +
6 4200389 4208569 + 19 62843 70872 -
6 1187335 1189218 + 15 308727 310820 +
6 2548218 2586025 + 15 365 38327 +
6 2586260 2587976 + 15 76484 78220 +
6 2588101 2602029 + 15 137689 152324 +
6 2603582 2607016 + 15 189815 193295 +
6 2607398 2609007 + 15 225431 227039 +
6 2611366 2614309 + 15 253557 256616 +
6 2615964 2618320 + 15 297968 300326 +
6 2625813 2632153 + 15 379199 385701 +
6 2686046 2699893 + 15 268192 283002 +
6 2952917 2956648 + 15 64799 68423 -
6 2632598 2655805 + 3 548881 594122 -
6 2656949 2663902 + 3 476462 483389 -
6 2664410 2676424 + 3 402477 414735 -
6 2700083 2708903 + 3 376750 401959 -
6 2710289 2720714 + 3 351258 360943 -
6 2721186 2747083 + 3 284590 307447 -
6 3807250 3817981 + 178 1897 12589 -
6 3841892 3867528 + 178 19738 44326 -
6 1124206 1150747 + 198 1972 28737 +
6 489767 524560 + 152 29374 60371 +
6 534022 543472 + 152 6141 15499 -
6 927393 1038268 + 67 66243 173968 -
6 1042322 1069673 + 67 39089 65975 +
6 1089288 1124112 + 67 845 34291 -
6 3127756 3129393 + 227 512 2140 -
6 3560922 3597364 + 141 32351 68291 -
6 3599554 3630036 + 141 1407 31682 +
6 574323 587785 + 33 98206 112206 +
6 599099 664062 + 33 124663 188310 -
6 725517 732187 + 33 247490 254197 +
6 3832978 3840036 + 130 1361 8453 -
6 3872483 3891748 + 130 10716 28427 -
6 3892052 3895847 + 130 28707 32548 -
6 3896162 3935967 + 130 34618 74882 +
6 3108527 3122327 + 214 2274 15853 -
6 3646538 3704480 + 154 2613 57113 -
6 3705922 3712295 + 193 24861 30804 -
6 3721793 3745479 + 193 1989 22789 +
6 1151098 1152372 + 199 794 1952 +
6 3559673 3560768 + 142 156 1327 -
6 3125568 3127666 + 236 236 2334 +
6 1899051 1907595 + 77 101464 109951 +
6 3840068 3841818 + 179 34 1741 -
6 3102418 3103989 + 238 2783 4348 +
6 3104627 3106007 + 239 461 1831 +
6 3122465 3125462 + 235 2355 5311 +
7 1333701 1341500 + 73 118417 126136 +
7 2303223 2307354 + 165 48551 52652 +
7 2226191 2227797 + 80 100185 101777 -
7 2417022 2430392 + 80 40657 46631 +
7 2323541 2326245 + 112 70380 73066 -
7 3371481 3372798 + 112 58501 59819 -
7 2279340 2280983 + 56 312681 314100 -
7 2292470 2293867 + 56 185641 187040 -
7 2439235 2441201 + 125 101586 103540 +
7 2682937 2796543 + 39 1440 113692 +
7 2811254 2914778 + 39 114386 219245 +
7 2377757 2378899 + 3 208146 210878 -
7 2527992 2529131 + 3 429631 430770 +
7 2530730 2533088 + 3 451115 453470 +
7 4246582 4254458 + 3 190016 197741 +
7 2124911 2134879 + 65 294271 320168 +
7 2556396 2564303 + 65 80942 107515 +
7 2565228 2569135 + 65 165923 170013 +
7 2569344 2585511 + 65 197797 211974 +
7 2588387 2602974 + 65 2211 16793 -
7 3429356 3433967 + 65 50111 53743 +
7 2010976 2075981 + 98 69464 136807 -
7 2105345 2111354 + 98 50096 56456 -
7 2113094 2114199 + 98 13787 14908 -
7 2152635 2158965 + 11 318082 324380 -
7 2187353 2188869 + 11 244006 245477 +
7 2229163 2234351 + 11 298186 303330 -
7 2240118 2241618 + 11 144732 148259 -
7 2443515 2445625 + 11 224571 226590 -
7 2473406 2481584 + 11 424506 430488 +
7 2797329 2804618 + 11 251506 258755 -
7 4203800 4205973 + 11 274616 276732 -
7 1010790 1026319 + 15 371959 379008 +
7 2142299 2151671 + 15 96454 99621 -
7 1327261 1331707 + 81 19462 23891 -
7 2267255 2271563 + 81 28360 32640 +
7 2115484 2121041 + 174 62469 68022 -
7 2542296 2547695 + 174 14469 19810 +
7 2548265 2555871 + 174 30995 39705 +
7 2920495 2929987 + 71 108414 117536 +
7 4210174 4214610 + 43 281865 285854 -
7 1471 130318 + 86 2536 124150 +
7 610324 613457 + 9 310158 313338 +
7 2393154 2394458 + 161 38435 39723 -
7 2483306 2504495 + 161 48636 86679 -
7 2506995 2524059 + 161 15976 35117 -
7 2534396 2541490 + 161 8370 14964 -
7 306416 311912 + 97 40149 45474 +
7 312630 313662 + 97 46043 47079 -
7 314307 318855 + 97 35353 39819 -
7 352719 384506 + 97 1587 32888 +
7 1391144 1470491 + 97 47646 114642 +
7 2381081 2389680 + 17 289603 298133 +
7 2135570 2141493 + 2 153037 158897 -
7 893419 908445 + 14 8340 16578 +
7 3201320 3263023 + 19 444 61498 +
7 3263548 3367771 + 19 84210 187273 +
7 3375092 3405005 + 19 187835 217141 +
7 3419783 3422336 + 19 72868 75474 -
7 3440395 3486176 + 19 218564 261059 +
7 3833144 3933173 + 113 1984 96896 +
7 1141378 1148445 + 5 547815 555081 +
7 1701755 1740763 + 25 264099 305112 -
7 1741956 1823033 + 25 176902 254923 -
7 1835463 1999537 + 25 16829 175840 -
7 2000053 2010449 + 25 585 10940 -
7 159683 239542 + 40 147632 219028 +
7 255268 257153 + 40 131861 133646 -
7 257830 305612 + 40 106566 131335 +
7 1226805 1308020 + 40 444 63699 -
7 1345409 1390374 + 40 64658 105621 +
7 142449 149347 + 22 401637 408681 -
7 321707 325843 + 70 2015 6262 -
7 386579 388169 + 70 8698 9960 +
7 394437 422908 + 70 30696 58591 -
7 433270 438762 + 70 59405 65395 +
7 440349 450809 + 70 67193 77695 -
7 453137 457978 + 70 82408 87254 -
7 460306 610323 + 70 88074 211039 +
7 623978 762690 + 70 211196 337873 +
7 2326573 2336143 + 20 293829 299819 -
7 977923 986559 + 63 104910 113525 -
7 1600271 1701625 + 63 726 98066 -
7 913637 973561 + 146 2030 61902 +
7 1341627 1344181 + 41 274203 276760 -
7 131508 135302 + 220 2300 6126 +
7 153806 155326 + 220 7870 9433 +
7 4040119 4126628 + 59 788 81513 +
7 4127028 4196160 + 59 88199 154920 -
7 4200511 4202789 + 59 156080 158398 +
7 4217553 4232552 + 59 160524 175631 +
7 3486698 3497786 + 55 221505 232333 -
7 3498978 3521792 + 55 197652 219773 +
7 3524238 3660264 + 55 61451 196256 -
7 3665456 3729219 + 55 23937 60547 +
7 3738815 3760505 + 55 591 22221 +
7 2995580 3166770 + 45 1000 168896 +
7 3167164 3199772 + 45 178920 213318 +
7 3828687 3829913 + 137 215 1293 -
7 1825641 1835077 + 90 102725 111944 -
7 2319619 2321758 + 90 79976 82119 +
7 2604052 2638160 + 122 51704 87075 -
7 2639447 2666807 + 122 1339 28706 -
7 830464 889647 + 148 5050 63345 -
7 3736690 3738581 + 228 82 1991 +
7 987676 1007147 + 47 114346 133723 +
7 1028264 1039393 + 47 134539 146483 +
7 1079828 1091763 + 47 95970 107950 -
7 1093826 1117367 + 47 12382 34843 +
7 1149842 1221801 + 47 35222 95427 +
7 1222461 1225582 + 47 8455 11210 -
7 1312459 1318452 + 47 1441 7329 +
7 1524539 1591386 + 47 147393 210367 -
7 1594785 1598345 + 47 109324 113043 +
7 3435802 3438680 + 166 48213 51115 -
7 1522465 1524000 + 173 118 1682 +
7 2943417 2994647 + 164 1979 53598 +
7 975581 976834 + 147 103 1380 +
7 1471226 1522406 + 172 1769 49311 +
7 2394805 2396918 + 102 13840 15945 -
7 3934256 3955267 + 93 1341 22266 +
7 3955424 3980849 + 93 36680 58831 +
7 3982547 4010981 + 93 65119 94042 -
7 4016985 4038384 + 93 95126 115333 +
7 763285 829708 + 135 1505 60232 -
7 2917708 2920339 + 135 61336 63988 +
7 2931909 2942166 + 135 64222 74462 +
7 3662729 3664123 + 136 2620 3950 +
7 3761631 3824272 + 136 4591 66119 +
7 3830112 3831870 + 136 70819 72490 -
7 2078409 2092579 + 150 6968 12308 -
7 3730727 3736658 + 227 2299 7607 +
7 1308059 1309093 + 239 2472 3552 +
7 2667159 2680056 + 215 2398 15090 +
7 2680059 2681869 + 216 69 1819 +
8 92580 99565 + 72 950 7464 +
10 11679 19995 + 65 21148 29463 -
10 116426 122463 + 65 228810 234671 -
10 31845 39131 + 109 10557 22666 +
10 6643 7693 + 15 124018 125078 -
10 93856 98695 + 27 23205 28565 -
10 60691 65007 + 98 19317 23636 -
10 50632 52298 + 93 32428 34121 +
11 14292 18042 + 3 461427 465173 +
13 727 6485 + 15 201685 210935 +
13 7340 9804 + 109 39293 41755 -
