1 989 88096 + 2 3329483 3439456 +
1 88768 103902 + 2 2695382 2710666 +
1 107513 123126 + 2 3439709 3455881 -
2 1451 10910 + 4 3513394 3523079 -
2 19523 21523 + 4 5791778 5793836 +
2 22090 119138 + 4 5543074 5643848 -
2 119280 122455 + 4 3525321 3528448 -
2 123992 198948 + 4 3531924 3609353 +
2 199747 206252 + 4 3610701 3617059 -
2 208161 253922 + 4 3617179 3652688 -
2 254950 363232 + 4 3654000 3785980 +
2 365136 406300 + 4 3786300 3828201 -
2 406433 453461 + 4 3830137 3875431 -
2 454408 569463 + 4 3875612 3998533 +
2 570703 588416 + 4 3999660 4012617 -
3 527 27027 + 5 489557 528874 +
3 30680 45348 + 5 544973 558448 -
3 45714 51708 + 5 482997 489070 -
3 56517 82677 + 5 798068 824648 +
3 83686 192771 + 5 2876665 2973922 +
3 197256 200424 + 5 2976949 2980178 -
3 201750 223525 + 5 2986596 3005102 +
4 535 9727 + 3 2701210 2710683 -
4 10257 23279 + 3 2711941 2726085 +
4 25197 38720 + 3 2727461 2741056 -
4 40573 42577 + 3 2742863 2744875 +
5 1702 8472 + 4 5815983 5822985 +
5 9507 18077 + 4 5796566 5805516 -
5 18431 20274 + 4 5794116 5796032 +
5 21680 46643 + 4 5645145 5671034 +
5 47586 66149 + 4 5672126 5690565 -
5 67488 122394 + 4 5691191 5743572 +
5 135746 169521 + 4 5751792 5784640 -
5 174778 180276 + 4 5806232 5811991 -
5 185849 187453 + 4 5883144 5884940 -
5 188253 214743 + 4 5894900 5945173 +
5 225833 255409 + 4 5824144 5882804 +
5 170446 172046 + 2 774938 776562 +
6 1284 28501 + 5 2749561 2777740 -
6 30389 51594 + 5 2779830 2794949 +
6 52504 121685 + 5 2796213 2867918 -
6 128233 131165 + 5 2873413 2876389 +
6 136813 151750 + 5 829583 844864 +
6 160498 172025 + 5 845692 861800 -
6 152934 159456 + 3 4213469 4220113 +
6 173294 194733 + 3 4190024 4212029 -
6 194902 356297 + 3 3998302 4187276 +
7 1830 17196 + 7 4152254 4168013 +
7 17622 21800 + 7 4168761 4172957 -
7 22459 44020 + 7 4173851 4196162 +
7 52531 69931 + 7 4127029 4145089 -
7 71944 93510 + 7 4200433 4235066 +
7 102347 109735 + 4 832093 842153 +
7 113265 150524 + 2 486393 526391 -
8 82 12848 + 3 3793035 3805896 -
8 13509 39131 + 3 3805937 3825160 -
8 39963 52661 + 3 3825670 3838752 +
8 53321 74072 + 3 3840276 3861477 -
8 75044 97703 + 3 3861616 3884530 +
8 274577 282916 + 3 3884748 3893366 -
8 99269 274526 + 1 1383825 1564804 -
8 284274 312438 + 1 1565813 1594901 +
8 313506 326947 + 1 1597251 1610717 -
8 329786 355089 + 1 1611225 1636869 -
8 358621 367858 + 1 1637812 1647226 -
8 367877 371536 + 1 1652002 1656002 -
8 372471 389231 + 1 1656231 1672523 +
8 389546 459621 + 1 1672778 1744186 -
8 460293 478817 + 1 1744718 1762822 +
8 479923 484663 + 5 1880421 1885239 +
8 505036 569669 + 6 1199023 1264921 +
9 1278 17645 + 2 528868 545610 +
9 18124 105842 + 5 3288538 3372188 +
9 139260 161096 + 5 3264497 3286177 -
9 161766 174971 + 5 3250840 3264197 +
9 175227 237862 + 5 3185895 3250293 +
9 238135 259026 + 5 3164532 3185842 -
9 259035 263377 + 5 3160131 3164463 +
9 263725 292577 + 5 3130556 3160080 +
9 108262 112758 + 3 167794 173703 +
9 114451 119208 + 3 192868 197698 -
10 162 24661 + 1 3018516 3044148 -
10 30503 45000 + 1 2990388 3005015 +
10 45761 73053 + 1 2960749 2989674 +
10 75746 113047 + 1 2921934 2959258 +
11 192 19357 + 3 1129692 1150378 +
11 20624 58311 + 3 1150400 1187952 -
11 58447 118373 + 3 1188966 1246352 +
11 119123 121529 + 3 1247028 1249448 -
11 122397 159397 + 3 1250391 1311106 +
12 1641 4326 + 7 3401926 3404571 -
12 5351 68308 + 7 3440564 3505579 -
12 69072 113742 + 7 3505851 3553900 +
12 130684 157710 + 7 1185645 1214104 +
12 159379 210068 + 7 1217046 1267713 -
12 113942 122278 + 5 1339829 1348094 +
12 124297 128997 + 1 2210206 2214907 -
13 604 69794 + 7 2483306 2575956 -
13 70368 106587 + 7 2582148 2616491 -
13 149746 213731 + 7 2658962 2724125 +
13 214126 237396 + 7 2724358 2746988 -
13 140799 142647 + 2 831744 833465 +
14 346 11254 + 6 1425691 1434798 +
14 18375 26665 + 6 1435882 1445743 +
14 13626 15801 + 2 3324692 3326875 -
14 27581 141154 + 2 3184105 3322129 -
14 142028 154182 + 2 3170747 3182275 +
14 155188 171650 + 2 3152881 3170526 +
14 173500 186872 + 2 3069755 3083354 +
14 187938 200514 + 2 3084977 3098136 -
14 202017 254951 + 2 3098784 3152834 +
15 557 66488 + 3 2143523 2265008 +
15 66802 142834 + 3 2063880 2143164 +
15 142888 230621 + 3 1972838 2063741 -
15 230729 241919 + 3 1961199 1972698 +
15 242305 271140 + 3 1931605 1960991 -
16 5149 8216 + 7 3828438 3831870 -
17 1408 30229 + 4 391100 422906 +
17 32596 71046 + 4 329748 390651 -
17 72585 163598 + 4 201508 290370 +
17 165426 167045 + 4 292904 294614 -
18 200 7477 + 6 249646 257286 +
19 922 5677 + 5 4860196 4864956 +
19 6057 26557 + 5 4866738 4887950 -
19 45978 88129 + 5 4905575 4947280 -
19 88647 109282 + 5 4948588 4969188 -
19 109646 171056 + 5 4969487 5033236 +
19 173000 181232 + 5 5033707 5041988 -
20 193 28659 + 4 9001 53883 -
20 30199 32091 + 4 65017 66932 -
20 40604 78631 + 4 71111 109795 -
20 86234 95474 + 4 53961 63532 -
20 101704 122175 + 4 112030 160332 +
20 123262 145555 + 4 300654 322864 +
20 154905 191943 + 4 160994 197352 -
21 215 3267 + 4 3210379 3213599 +
21 4103 39834 + 4 3213647 3249271 -
21 40113 97744 + 4 3250216 3306756 -
21 99861 190944 + 4 3311161 3397328 +
21 191045 206327 + 4 3397421 3413293 -
21 207059 216087 + 4 3413960 3423329 +
22 4049 19220 + 5 1602397 1615568 +
22 19653 46824 + 5 1618411 1647569 -
22 47364 74284 + 5 1647624 1675535 +
22 78613 93093 + 5 1681376 1708077 -
22 95154 140778 + 5 1708907 1752362 -
22 142634 207157 + 5 1768407 1832975 +
22 207282 226221 + 5 1833191 1850775 -
22 226997 239674 + 5 1851189 1864496 -
22 240574 254354 + 5 1865986 1879771 +
23 222 4543 + 4 5332976 5337783 +
23 6568 18248 + 4 5338989 5351007 -
23 19251 52924 + 4 5353840 5391041 +
23 56009 82516 + 4 5395103 5422951 -
23 96142 141533 + 4 5436857 5486250 +
23 141669 150391 + 4 5486641 5496125 -
23 150842 195107 + 4 5496379 5542640 +
24 263 6376 + 3 5098526 5105246 -
24 7164 25814 + 3 5106895 5122688 +
24 27110 30947 + 3 5124099 5128077 -
24 34927 55478 + 3 5130160 5146424 -
24 56897 86015 + 3 5148820 5183725 -
24 32114 33541 + 1 1167265 1168692 +
24 86263 93289 + 7 2775304 2782430 -
25 242 13508 + 5 1438618 1451805 +
25 14406 24579 + 7 2747864 2757814 +
26 586 7675 + 1 1270339 1277501 -
26 7837 20086 + 1 1256744 1269612 +
26 20823 54656 + 1 1210822 1256146 +
26 55476 88403 + 1 1172309 1210752 +
26 88564 91964 + 1 1168707 1172200 +
26 92123 187591 + 1 1068465 1166763 -
26 188751 218958 + 1 1038314 1068082 +
26 219014 234884 + 1 1020086 1037120 +
26 235368 400565 + 1 797915 1020033 -
27 443 84910 + 5 3856295 3966855 +
27 85639 110187 + 5 3079601 3104559 +
27 111969 119691 + 5 3967380 3975432 -
27 120198 138910 + 5 3059031 3079009 -
27 139592 159536 + 5 3018386 3039617 +
27 162913 173489 + 5 3006528 3017275 -
27 176320 226067 + 4 640027 695901 +
27 234178 253825 + 4 698389 717541 -
27 255830 257866 + 4 722201 724212 +
27 260907 262251 + 4 725432 726814 -
27 274888 277007 + 4 754624 757138 +
27 283231 285883 + 4 739393 741995 -
27 287997 295068 + 4 745293 752518 -
27 304883 336739 + 4 767096 798464 -
27 343443 372772 + 4 801688 829174 -
28 1161 20684 + 1 6215783 6235933 -
28 23046 55676 + 1 6242953 6279627 +
28 56293 99089 + 1 6281424 6357410 -
28 111094 123533 + 1 6368333 6383045 -
28 128029 134545 + 1 6458866 6465409 -
28 136909 164869 + 1 6466311 6497399 +
28 171435 174310 + 1 6497967 6500987 +
28 175725 189597 + 1 6506305 6520394 -
28 190558 198611 + 1 6529166 6537073 -
28 199843 225937 + 1 6537110 6563585 +
28 227256 347787 + 1 6564624 6689236 -
28 165061 169414 + 7 1399966 1404364 -
28 124974 127157 + 3 1907275 1909748 +
29 360 61062 + 1 7522739 7586471 -
30 1981 9033 + 3 4480719 4487858 +
30 9913 30142 + 3 4489946 4507187 -
30 31044 51383 + 3 4507430 4527507 +
30 60782 94798 + 3 4539850 4574866 -
30 97323 133129 + 3 4597476 4639708 +
30 142506 175425 + 3 4688520 4723729 +
30 178345 190792 + 3 4650500 4661247 -
31 658 15380 + 6 2437122 2453036 -
31 15800 26489 + 6 2453885 2464744 +
32 328 18591 + 4 1246904 1265578 +
33 343 45471 + 4 4348356 4394342 -
34 178917 205832 + 4 2893662 2920967 +
34 228801 295273 + 4 2824295 2891345 -
34 295419 407698 + 4 2687081 2823955 +
34 410067 494521 + 4 2581755 2686835 +
34 495722 544355 + 4 2528765 2580407 -
34 1000 97223 + 5 2423082 2521974 -
34 100663 178097 + 5 2336897 2416023 +
35 2662 12077 + 6 509872 520243 +
36 352 38629 + 1 7205388 7243978 -
36 38847 69746 + 1 6984264 7013850 +
36 72915 74984 + 1 7020175 7022199 -
36 78347 151408 + 1 7024425 7097079 +
36 173521 285679 + 1 7097560 7204170 +
36 289368 355289 + 1 6923437 6982171 +
36 358841 389398 + 1 6893206 6923022 +
36 152901 173230 + 2 3995719 4017880 -
36 355718 358222 + 5 2419770 2422750 -
37 754 86892 + 5 5253179 5338772 -
37 88444 154600 + 5 5340544 5423942 -
38 788 76387 + 6 1555658 1626347 +
38 76535 103761 + 6 1626353 1654317 -
38 107022 146887 + 6 1654361 1695872 -
38 147417 205630 + 6 1699328 1754205 -
38 206228 209970 + 6 1754960 1762910 -
38 210496 219916 + 6 1763727 1784245 -
38 220364 315076 + 6 1786158 1945628 -
39 484 71794 + 7 2784834 2867405 +
40 714 60333 + 1 45711 129711 +
40 62389 74100 + 1 130431 143362 -
40 74649 94754 + 1 144787 165225 +
40 96279 103085 + 1 167559 175155 -
41 402 41634 + 3 493893 532261 -
41 43116 125740 + 1 2349117 2434146 -
41 127024 176581 + 1 2216439 2270370 +
42 432 2458 + 5 5452012 5454088 -
42 4968 16365 + 5 5438167 5450202 +
42 16956 28013 + 5 5424829 5436694 -
43 459 14022 + 6 2420761 2434685 +
43 15207 133372 + 3 4291188 4410693 -
44 433 88820 + 1 2717458 2807295 -
44 89126 148701 + 1 2807610 2862817 +
44 148730 157589 + 1 2863167 2872030 -
44 158620 207515 + 1 2872535 2921635 +
44 209200 253749 + 1 1323808 1382377 -
44 278209 300608 + 1 1283796 1306648 +
44 264644 277552 + 4 4070330 4083484 +
44 302754 320970 + 4 4018447 4069838 +
45 54226 57974 + 4 4967097 4970788 -
45 2905 25266 + 2 4292523 4310689 +
45 34679 52611 + 2 4269545 4288858 -
45 59154 80388 + 2 4229578 4267466 -
45 84086 90376 + 2 4222690 4229231 +
45 30964 33028 + 5 6417498 6419594 -
46 489 34187 + 1 8294724 8330177 -
46 34858 42297 + 1 8330303 8338090 -
46 43114 86140 + 1 5869756 5911538 -
46 90227 203662 + 1 8338887 8448508 -
46 204070 320873 + 1 5912133 6072221 +
46 334849 346298 + 1 6072753 6084891 +
46 321223 333965 + 4 3423485 3436835 +
46 348650 425782 + 4 3439725 3512507 +
46 431759 434096 + 4 5786917 5789142 -
46 435221 449461 + 4 4928484 4942922 +
46 450321 498236 + 4 4878646 4927504 -
47 508 51650 + 6 1446262 1500298 +
47 52081 54688 + 6 1500706 1503650 -
47 55291 68360 + 6 1504175 1518321 +
47 123731 141441 + 4 4944624 4963804 +
47 98779 100673 + 3 3722126 3724043 -
48 4021 27731 + 5 166142 209279 -
48 33289 56549 + 5 132630 158469 +
48 57025 111599 + 5 210412 273198 -
48 114698 119536 + 5 273615 278413 +
49 482 17950 + 1 1763589 1781025 -
49 18751 36731 + 1 1781051 1799026 -
49 37194 98429 + 1 1799074 1860268 -
49 98639 143233 + 1 1860616 1908959 +
49 144596 152884 + 1 1909459 1918230 -
50 688 248749 + 1 7244315 7492224 +
51 1329 96368 + 2 2796609 2897520 +
52 1220 22463 + 5 6293192 6313821 -
52 24389 36023 + 5 6314365 6326025 -
52 36366 54898 + 5 6326321 6342824 +
53 524 83177 + 3 2607385 2690790 -
53 83688 92392 + 3 2690836 2700517 +
53 93053 102012 + 5 4664573 4674145 -
54 26844 42118 + 2 4067608 4083417 +
54 51187 91899 + 2 3738954 3777302 +
54 92402 99115 + 2 4030612 4037305 -
55 774 24545 + 1 9031461 9056266 -
55 28954 48550 + 1 9081246 9101769 +
55 50089 126154 + 2 1003728 1093722 +
56 1162 39702 + 1 644693 709134 -
56 43059 89364 + 1 594067 643392 +
56 105164 209706 + 1 491939 590001 -
56 213903 224496 + 1 479875 489928 +
56 227384 233125 + 1 445577 451703 +
56 234401 246966 + 1 464589 478197 -
56 249797 285511 + 1 402589 440947 +
56 288569 295342 + 1 394751 401477 +
56 295943 308792 + 1 378277 393177 -
56 323178 350678 + 1 332246 361924 +
56 350977 354943 + 1 364965 369182 -
57 642 55041 + 4 1334015 1393544 +
57 60783 99024 + 4 1295023 1333894 +
57 120209 161266 + 3 4220385 4289777 +
57 161387 191276 + 1 4762215 4792464 -
58 903 88376 + 5 3595280 3686646 +
58 88817 175451 + 5 3686984 3774194 -
59 16532 64703 + 5 5534267 5580064 -
59 65062 115055 + 5 5582873 5635227 +
59 116224 133017 + 5 5636647 5655135 -
59 134683 239997 + 5 5697641 5820400 +
60 668 17241 + 3 1472927 1491095 +
60 17365 82135 + 3 1404322 1472823 -
61 1365 34884 + 5 5213106 5252577 +
61 36430 123140 + 5 5045414 5137128 +
61 123307 132077 + 5 5137897 5147094 -
62 654 132299 + 3 972341 1125186 -
63 2463 22778 + 7 4106386 4126380 -
63 55875 95127 + 7 4043342 4081579 +
63 96495 118220 + 7 3654275 3677749 -
63 119973 150520 + 7 4083052 4104599 -
63 151846 192991 + 7 3704372 3731271 +
64 686 73566 + 3 2987407 3046610 +
64 74463 112356 + 3 3046689 3085704 -
64 113302 194200 + 3 3087561 3164816 +
64 195701 201569 + 3 3166293 3172145 -
64 203301 232519 + 3 3173624 3200194 +
64 232768 246319 + 3 3200805 3215574 -
64 247371 266181 + 3 3216037 3234381 -
64 266989 276320 + 3 3234707 3244046 +
64 307659 370001 + 3 3248670 3312203 -
64 280181 307486 + 6 1411 28254 +
65 1422 2458 + 2 1688274 1689452 +
65 3674 44744 + 2 1644765 1684263 -
65 45596 93889 + 2 1745750 1794692 -
65 103243 138914 + 2 1690337 1745708 -
65 94263 102464 + 4 1666529 1674801 -
66 6732 29711 + 4 1675568 1700347 +
67 2991 8560 + 2 1514786 1520498 -
67 9048 10974 + 2 1512250 1514196 +
67 11654 27579 + 2 1496137 1512029 -
67 29781 50794 + 2 1522782 1551985 +
67 50971 139183 + 2 1552644 1644083 -
68 672 44628 + 6 682578 728419 +
68 45202 48142 + 6 793087 796017 -
68 54256 113594 + 6 733341 793061 -
68 114528 145670 + 6 796253 828327 +
68 145957 162074 + 6 828868 845534 -
68 162510 226859 + 6 847013 914066 -
68 229520 238752 + 6 914229 923039 -
68 241006 267051 + 6 925162 952333 +
68 49261 53825 + 7 3833627 3838159 -
69 2635 15006 + 4 4214395 4227805 -
69 19526 69688 + 4 4140405 4202113 -
69 70311 73720 + 4 4304275 4307768 -
69 77936 78952 + 4 4228536 4229562 +
69 79833 82080 + 4 1267375 1270085 -
69 83741 122911 + 4 4241694 4304005 +
69 125160 136463 + 4 4310481 4321646 +
70 1375 7570 + 7 3815805 3822224 +
70 69944 75183 + 7 3775800 3780847 -
70 77003 114909 + 7 3783731 3814236 +
70 11282 67076 + 1 6689582 6746852 +
71 715 20925 + 3 3445564 3466296 -
71 21332 28874 + 3 3466461 3474168 -
71 29152 44182 + 3 3474805 3490383 -
71 44659 97983 + 3 3490421 3548194 +
71 97998 122434 + 3 3368033 3393634 +
71 124008 126196 + 3 3548360 3551246 +
71 126679 188679 + 3 3554066 3622938 -
71 191010 260738 + 3 3623193 3695126 +
72 3965 20904 + 7 1507812 1524956 -
72 22175 46125 + 7 1529754 1553779 +
72 46219 100704 + 1 5501883 5572518 -
72 101428 119689 + 1 5466635 5501227 +
72 120998 217835 + 1 5367717 5466630 +
72 218591 226282 + 1 9105436 9113477 +
73 868 55244 + 3 603337 659598 -
73 103130 124084 + 3 659854 683174 -
73 63808 102840 + 1 1953266 1993231 +
73 124579 131441 + 1 1943976 1953181 +
73 132700 139536 + 1 1937335 1943324 +
74 9603 36504 + 1 209568 228564 -
74 42448 54914 + 1 231881 243653 -
74 58546 73296 + 1 244786 259779 +
74 79511 86107 + 1 261535 293689 -
74 104116 113505 + 1 305693 315172 -
75 13299 55742 + 1 8830011 8873650 -
75 57862 69017 + 1 8884772 8897977 -
75 70264 74206 + 1 8899539 8903500 +
75 115256 155451 + 1 8907509 8949373 -
75 157593 206526 + 1 8951377 9010062 +
75 208491 217642 + 1 9020409 9030427 -
76 11759 73414 + 7 950688 1029485 -
76 75177 130240 + 7 1031549 1158862 +
76 130695 197598 + 5 315150 381401 +
77 1023 32152 + 5 2081191 2112836 -
77 32620 195496 + 5 2113503 2288763 -
77 196104 215928 + 5 2289001 2309031 +
78 2870 66939 + 6 2103995 2174071 -
78 67663 109085 + 6 2176233 2222843 +
78 116204 163810 + 6 2228555 2280756 -
78 166250 181988 + 6 2280759 2296261 -
78 182096 196152 + 6 2298276 2310873 -
79 782 105803 + 2 2440659 2547721 +
80 943 10599 + 6 398957 408850 +
81 30653 33187 + 2 3837484 3840042 +
81 1110 24827 + 4 5169575 5194858 -
82 1031 57036 + 5 1885588 1942295 +
83 865 29063 + 1 5573346 5602369 -
84 7534 23565 + 2 315581 332246 -
85 1015 44581 + 6 953303 1000844 +
85 45600 51442 + 6 1089226 1095030 -
85 55461 80890 + 6 1041797 1069669 +
85 81111 114623 + 6 1002793 1038267 -
86 7945 9072 + 2 4037914 4039074 -
86 9756 49471 + 2 3777599 3821850 +
87 3127 6564 + 5 6055279 6058909 +
87 11414 23406 + 5 6198668 6211055 +
87 33002 57071 + 5 6042080 6051829 -
87 57807 65798 + 5 6035201 6041559 +
87 71816 81275 + 5 6024154 6031350 -
87 86474 87724 + 5 5978170 5979419 +
87 92299 97850 + 5 5964296 5969861 +
88 2132 76720 + 2 4387665 4454142 -
89 1969 6178 + 7 427629 432103 +
89 7896 12245 + 7 387804 392237 -
90 5782 35571 + 2 4181548 4212828 -
90 52311 55300 + 2 4219055 4221695 +
90 62388 66183 + 2 4213814 4217600 -
91 1568 30142 + 6 28862 56722 -
91 31268 66785 + 6 58135 93989 +
91 70220 76881 + 6 121784 128425 -
91 79125 82550 + 6 100811 104289 +
91 93586 147582 + 6 129119 187410 -
91 147798 154627 + 6 196072 202785 +
92 5755 17344 + 2 154010 166064 +
92 29109 43319 + 3 224197 238289 -
92 58456 73849 + 3 202282 217665 -
92 78555 82397 + 3 219457 223333 +
92 85401 86860 + 3 189884 191384 +
92 87803 88993 + 3 179217 180419 -
93 1251 66742 + 1 7912293 7975334 -
93 67208 70589 + 1 9147802 9151199 +
93 71642 78428 + 1 7905155 7912154 +
93 79729 103995 + 1 9115700 9143970 +
94 2685 168495 + 7 3201405 3365383 +
94 170428 181575 + 7 3376330 3387814 -
95 984 26302 + 2 3967409 3995423 -
95 28823 40451 + 2 3956866 3967185 +
95 40574 42094 + 2 3872752 3874237 -
95 43244 47297 + 2 3950924 3955273 +
95 51553 54415 + 2 3874511 3877334 +
95 55243 65243 + 2 4053639 4064518 +
95 67845 70474 + 2 4048232 4050851 -
96 1726 25847 + 2 1467127 1495517 -
97 4617 32381 + 6 3556908 3585017 -
97 45740 48989 + 6 3587547 3590996 -
97 51472 89032 + 6 3592123 3629461 +
97 89708 91547 + 6 3651316 3653113 -
97 100311 113972 + 6 3653890 3664127 +
97 129920 221742 + 6 3365517 3468408 -
97 222840 229216 + 6 3353555 3359792 +
97 229571 244420 + 6 3331483 3350701 +
97 245790 263835 + 6 3313644 3330978 +
97 264271 332508 + 6 3243782 3313426 -
98 1029 5536 + 4 1714804 1719722 -
98 5771 11897 + 4 1719790 1726476 -
98 12097 25138 + 4 1726595 1740132 -
98 25251 39184 + 4 1740328 1754296 -
98 40033 74753 + 4 1754357 1790097 -
98 75344 177108 + 4 1792007 1956165 +
98 177109 214840 + 4 1956175 1995516 -
98 215184 227636 + 4 1995620 2008391 +
98 227737 244972 + 4 2014358 2064650 -
98 246389 299650 + 4 2064682 2119009 -
99 1684 8123 + 1 9371546 9378451 +
99 9774 19606 + 1 9344871 9354909 -
99 20883 29807 + 1 9356261 9367126 +
99 38163 50826 + 1 9379734 9392068 -
100 996 16189 + 6 2087771 2103243 +
100 16736 71579 + 6 2032417 2087656 -
100 74628 86951 + 3 5216112 5222844 -
100 88527 110473 + 3 5185230 5207149 +
101 4331 9497 + 2 306948 313362 -
101 10482 53874 + 2 256462 305472 +
102 2054 51897 + 6 2465361 2515154 -
102 52440 65842 + 6 2515754 2529280 +
102 66869 72194 + 6 2530369 2535823 -
102 75394 162349 + 6 2536022 2625283 +
103 1025 16126 + 3 124181 155222 +
104 4060 88047 + 7 20412 107843 -
104 96392 115717 + 7 1479 19584 +
104 88139 89684 + 1 2346460 2348009 +
105 2418 31346 + 6 3668079 3697637 -
105 35700 59161 + 6 3476014 3505833 +
105 70316 84495 + 6 3702451 3712974 +
105 90329 118786 + 6 3715235 3743006 -
106 1328 20399 + 1 7709372 7730050 +
106 21125 43494 + 1 7682533 7706072 -
106 49841 61447 + 1 4216244 4228446 +
106 62510 146229 + 1 7594733 7681305 -
106 147228 151759 + 1 7586595 7591186 +
106 44334 48621 + 5 1433772 1438244 -
107 1062 51416 + 7 3993476 4041479 +
107 54430 71923 + 7 2905624 2934951 +
107 73498 87767 + 7 2936680 2951775 -
107 90481 103214 + 7 2953738 2966360 +
108 1358 7171 + 5 446091 451973 +
108 9159 19470 + 5 434407 444841 -
108 21003 35920 + 5 410705 426277 +
108 40241 76165 + 5 382552 410001 -
109 1811 69204 + 4 1561617 1623477 -
110 4645 12229 + 1 1520 9151 +
110 17922 34558 + 1 9574 38859 -
111 2372 25226 + 2 8935 33193 +
111 34098 35954 + 2 33930 35601 -
111 36898 39288 + 2 36675 39531 -
111 39328 85341 + 2 41168 77989 +
111 87024 93196 + 2 79837 86156 -
111 94909 99145 + 2 87272 91667 +
112 1994 87536 + 4 4402140 4502147 +
112 122012 208351 + 4 4503112 4589987 +
112 210653 270237 + 4 4590098 4685341 -
112 270788 287744 + 4 4687447 4704398 -
112 287875 294340 + 4 4705763 4712232 +
112 294790 332328 + 4 4719631 4756557 -
112 88715 92875 + 3 1125373 1129587 +
112 92950 121971 + 3 3764264 3792897 +
113 1205 113895 + 5 4552031 4664440 -
113 114481 134281 + 5 4530817 4551285 +
113 136506 176603 + 5 4475781 4529387 -
113 177073 188572 + 5 4432939 4475352 +
113 189029 198071 + 5 4423661 4432542 +
114 1785 73930 + 7 1653405 1723978 +
114 74538 92353 + 7 1634409 1652540 +
114 92554 137470 + 7 1601180 1634316 -
114 155380 188856 + 7 1565197 1598645 -
114 143637 152289 + 1 453957 461709 +
115 1142 12095 + 6 1413405 1425211 +
116 1312 18316 + 1 4740471 4759349 +
116 18987 135509 + 1 4621813 4740371 -
116 136138 182494 + 1 4574021 4621321 +
116 194518 222436 + 1 4544044 4573502 +
116 222685 247303 + 1 4494154 4519410 +
116 267132 277576 + 1 4482706 4493712 +
116 278447 297045 + 1 4453908 4472585 +
116 297300 356881 + 1 4392740 4453500 +
116 356928 390803 + 1 4356941 4392551 -
116 390957 432018 + 1 4276200 4356716 +
116 433313 477006 + 1 4230658 4275284 +
117 5325 157888 + 6 3080484 3230792 -
118 2427 8692 + 4 1657255 1663264 +
118 13336 40473 + 4 1626571 1654681 -
119 1593 12285 + 4 425060 436147 +
119 23145 26389 + 4 460192 463415 -
119 35088 62556 + 4 476803 502741 +
120 1214 10801 + 4 4865511 4876017 +
120 14869 24707 + 4 4852177 4861592 -
121 1622 42571 + 7 2867611 2903083 -
122 3356 9928 + 6 1322147 1328779 +
122 11018 59311 + 6 1267758 1317495 -
123 6238 54225 + 7 3603566 3650287 -
123 55771 57960 + 1 9470534 9472753 +
123 59321 64046 + 1 9547918 9553025 -
123 67383 72130 + 4 4012904 4017892 +
123 73596 105853 + 5 3775542 3808806 +
123 107069 152222 + 5 3810474 3855133 -
124 1239 11740 + 3 1613762 1624999 -
125 1343 62056 + 5 5147209 5208966 +
126 1409 29000 + 5 2524054 2552448 -
127 231 1250 + 5 2522707 2523732 -
127 1273 4955 + 1 9650709 9654514 -
127 6821 19979 + 1 9654546 9667779 -
127 20274 68340 + 1 9668561 9769948 +
128 1329 9491 + 3 4663799 4672303 -
128 14361 36454 + 3 4726323 4752321 +
128 74504 98175 + 3 4799061 4826789 -
128 115504 124257 + 3 4868960 4877291 +
128 133019 140868 + 3 4914458 4922108 -
128 146137 165808 + 3 4889006 4909868 +
128 169802 190446 + 3 4931340 4952771 +
128 194810 200718 + 3 4881170 4887526 +
128 203772 209161 + 3 4954197 4959838 -
129 1601 8027 + 2 1905027 1911505 -
129 8188 10070 + 2 1922035 1923925 -
129 12935 25694 + 2 1892048 1904925 +
129 26000 47818 + 2 1923947 1946483 -
129 67286 216722 + 2 1947074 2113342 -
129 217112 231857 + 2 2191193 2205968 +
129 233210 234524 + 2 3824944 3826201 -
129 234905 255047 + 2 2209405 2245433 +
130 1878 122755 + 3 2847653 2986821 -
130 123405 135533 + 3 2835412 2847464 +
130 135666 148793 + 3 2809004 2834503 +
130 149476 175301 + 3 2782769 2808840 -
130 175729 179631 + 3 2777896 2781618 +
130 180924 205088 + 3 2746338 2773543 -
130 207942 211845 + 4 4976417 4986520 +
131 2393 16442 + 2 3937418 3949609 +
131 24868 48385 + 2 3842253 3868176 -
132 2940 113601 + 1 3973223 4209153 -
133 1710 13711 + 4 4807755 4819484 -
135 5000 9048 + 6 423785 427939 +
136 4123 6854 + 4 5145209 5147238 -
137 40357 42823 + 6 420508 422536 -
137 15242 35767 + 5 5498278 5520412 -
137 43636 81027 + 5 5455429 5493239 -
138 265 1317 + 5 5454195 5455262 -
138 2099 12117 + 3 4412601 4423147 -
138 12798 57117 + 3 4424103 4471933 +
139 1382 10096 + 1 9473780 9517044 +
140 1392 47141 + 4 2921144 2969688 -
140 47239 76026 + 4 3017148 3052108 -
140 76982 91470 + 4 2999783 3015188 +
140 92708 123968 + 4 2971248 2995696 -
141 146 1391 + 4 2969768 2971022 -
141 1403 30811 + 5 4686405 4712797 -
141 31160 82645 + 5 4712851 4763084 +
141 96752 124015 + 5 4778582 4823470 -
143 2671 19252 + 2 172641 188971 +
143 21488 37126 + 2 191002 207757 -
144 3080 6261 + 2 2580876 2584133 +
144 6721 49402 + 2 2584364 2629031 -
144 49804 65388 + 2 2630791 2646789 -
145 27254 42840 + 6 473542 487095 +
145 44622 51617 + 6 524400 531047 -
145 1632 22686 + 1 6085099 6106769 +
146 120921 122847 + 1 6108470 6110625 +
146 204489 266584 + 1 6805876 6871329 -
146 280229 333480 + 1 6748612 6805788 -
146 3133 11601 + 4 2120578 2129084 -
146 12775 81440 + 4 2140237 2208561 +
146 81658 120206 + 4 2209060 2247962 -
146 123051 173442 + 4 2248329 2301973 -
146 173770 203376 + 4 2301994 2333712 +
146 266924 280196 + 7 1447387 1459114 +
147 2711 3900 + 1 1648978 1650161 -
147 7647 9568 + 3 87488 89378 -
148 1532 5519 + 6 534037 538013 -
148 8482 20861 + 6 489351 506884 +
148 21457 65663 + 6 538081 587398 +
148 67691 130501 + 6 591528 654020 -
148 133626 145163 + 6 1165931 1198483 +
148 146113 155692 + 6 654235 663116 -
148 155863 160621 + 6 1157858 1163174 +
148 163084 217252 + 6 1104275 1155851 -
148 218595 224471 + 6 1095869 1102437 +
149 2128 71564 + 6 1340466 1411943 -
150 2622 4869 + 5 5960448 5962998 +
150 6920 47954 + 5 5888454 5959672 -
151 3529 10505 + 2 3595915 3713013 +
151 20791 32060 + 2 3719043 3731229 -
152 4210 13988 + 2 3553455 3563523 -
152 17105 23924 + 2 3566994 3575034 +
152 32376 39660 + 2 3879276 3886843 +
153 4161 56673 + 6 2316349 2364467 +
154 1532 14005 + 3 1625804 1638518 -
154 15320 74349 + 3 1654712 1755781 -
154 92332 121854 + 3 1766933 1798948 +
154 122063 134879 + 3 1802084 1817853 -
154 135735 180256 + 3 1817866 1862807 -
154 180847 198339 + 3 1864498 1882476 +
154 198760 222032 + 3 1883002 1907261 -
154 223074 242095 + 3 1911588 1931095 -
155 78 1402 + 3 1909848 1911269 -
155 2805 24051 + 7 834587 856691 -
155 25566 43998 + 7 807600 834371 +
155 44353 64378 + 7 786143 806074 -
155 65870 113168 + 7 737689 785764 +
155 113801 127607 + 7 721058 735376 +
155 129853 141114 + 7 709771 721034 +
155 141657 206339 + 7 635361 708480 -
156 167 1519 + 7 633993 635310 -
157 7584 10535 + 6 4159150 4162105 -
157 11460 34074 + 6 4143792 4157354 +
157 38960 58324 + 6 4117518 4138173 -
157 58917 60378 + 6 4112448 4113902 +
157 61483 62912 + 6 4138813 4140256 +
157 1813 4656 + 4 4205186 4207918 -
158 2003 57398 + 1 8085324 8132646 +
158 57701 59141 + 1 8475680 8477197 -
158 59395 63768 + 1 8471026 8475422 +
158 63916 83902 + 1 8450643 8470885 -
158 85591 101750 + 1 5853087 5868344 -
158 103155 123122 + 1 8058859 8079340 +
158 123500 145285 + 1 8034815 8057229 -
158 213232 244469 + 1 7977796 8009120 +
158 147339 165016 + 2 889493 907399 +
158 168913 209103 + 2 835481 884909 -
158 279218 300372 + 2 909268 932308 -
158 304795 333711 + 2 933389 963485 +
158 334360 338256 + 2 964495 968402 -
158 339895 371933 + 2 969393 1002673 -
159 2526 31349 + 5 5830225 5861667 +
160 2267 25924 + 5 2555759 2579647 -
160 27238 51782 + 5 2580911 2638852 -
160 52472 57037 + 5 2646930 2651379 -
160 78901 141273 + 5 2673879 2736483 -
160 143147 152221 + 5 2738276 2747345 -
161 458 1571 + 5 2736546 2737657 -
161 4054 29473 + 3 42442 85054 +
161 29975 37170 + 3 9196 16161 -
161 38145 46949 + 3 32883 42042 -
161 47223 54298 + 3 29070 32088 +
161 55265 66804 + 3 16315 28878 -
161 67465 71459 + 3 94325 98820 -
161 85271 89323 + 4 5277682 5281939 +
161 73587 83027 + 6 231948 240815 +
162 2295 4450 + 3 5270963 5273287 -
163 1661 23502 + 5 1266234 1290726 -
163 35656 61642 + 5 1313098 1339370 +
165 14982 40194 + 5 6231864 6255565 +
165 42283 45279 + 5 6277256 6280457 +
165 52852 68779 + 5 6258184 6274916 -
166 1781 69029 + 7 3015921 3085329 +
167 1662 46742 + 3 3952855 3998237 -
167 47301 57252 + 3 3941042 3951410 +
168 120 1268 + 3 3951433 3952660 +
168 1672 18700 + 1 7886760 7904200 +
168 19824 207785 + 1 2505766 2694944 +
168 208136 233971 + 1 7858634 7885965 +
168 234924 307543 + 1 2435099 2505479 -
169 1684 33847 + 3 2265570 2306666 -
169 42279 61436 + 3 2312468 2332590 +
169 61717 68233 + 3 2333641 2340407 -
169 69163 79174 + 3 2340776 2351087 -
169 79554 104846 + 3 2351444 2377428 -
169 105563 124757 + 3 2377602 2397974 +
170 5585 35815 + 6 3980934 4020605 +
170 52444 55143 + 6 4025474 4027662 -
171 2174 51644 + 3 5224400 5269536 -
172 1713 30238 + 3 1581991 1611582 +
172 30712 72266 + 3 1543674 1581981 -
172 72768 117702 + 3 1491122 1536731 +
173 3616 35465 + 5 1452153 1483892 -
173 37017 65699 + 5 1488998 1519410 -
174 294 1583 + 5 1486006 1487567 -
174 2635 27310 + 4 5282623 5308147 -
174 32977 36361 + 4 5271551 5275137 -
174 36953 47811 + 4 5259074 5269665 +
174 49006 71271 + 4 5195144 5256707 +
175 64 1497 + 4 5256902 5258429 +
175 5549 30003 + 5 3373144 3397756 +
175 30200 78357 + 5 3397899 3461300 -
175 80344 143060 + 5 3462742 3526234 +
175 143298 182055 + 5 3526381 3564012 -
175 182511 188951 + 5 3564245 3570553 -
175 189134 211155 + 5 3570839 3593002 +
176 2929 12227 + 6 297527 307710 +
176 14049 27189 + 6 322995 335888 -
176 34793 45051 + 6 339438 349937 +
176 46863 61062 + 6 212643 226427 -
177 1762 8346 + 3 101255 107851 +
178 2358 32627 + 2 1818329 1854172 -
178 39866 62431 + 2 1861437 1880543 +
179 1883 39800 + 5 4101148 4135089 -
179 41657 68853 + 5 280287 308353 -
179 73193 78194 + 5 4135382 4140489 -
179 79023 95326 + 5 4141656 4158480 +
179 97710 121998 + 5 4172052 4197139 -
179 122065 198224 + 5 4197236 4289066 +
179 198704 255878 + 5 4289996 4347881 -
179 256967 278440 + 5 4348075 4369998 -
179 278907 297292 + 5 4370826 4389819 +
180 2539 51629 + 1 3207675 3257967 -
181 1806 6656 + 2 3588989 3594161 +
181 8017 12196 + 2 3583038 3587277 -
181 18178 27130 + 2 4020857 4029895 -
182 3179 36930 + 2 2933841 2967848 -
182 40534 137213 + 2 2969910 3063075 +
183 118 1519 + 2 3063446 3064986 +
183 2101 27951 + 1 2107959 2134385 -
183 28732 107880 + 1 2136160 2207567 +
184 473 1544 + 1 2207571 2208641 +
184 2836 67786 + 3 2540567 2602833 -
185 2349 41255 + 3 550798 592917 +
185 44557 70786 + 3 535138 547745 +
187 3516 6771 + 5 5823206 5826649 -
188 2251 35702 + 4 2492726 2527178 +
188 46156 54015 + 4 2483853 2491816 +
188 55639 59040 + 4 2476775 2480228 +
189 2002 8723 + 1 5837483 5844255 +
189 10720 55327 + 1 5784692 5834046 +
189 56912 67469 + 1 5733307 5782304 +
190 1892 63894 + 5 6347999 6410927 +
190 76364 78412 + 5 6344252 6346216 +
191 286 1891 + 5 6346399 6347979 +
191 1904 13225 + 7 489969 501635 -
191 14893 76188 + 7 526413 590999 +
191 79162 98466 + 7 591718 624797 -
191 99178 100783 + 7 630263 631923 +
192 54 1859 + 7 631978 633900 +
192 2436 9631 + 6 3747108 3750787 -
193 21 1165 + 6 3745898 3747066 -
193 3225 17492 + 3 1378275 1396150 +
193 23079 47031 + 3 1351903 1374542 +
194 7849 12838 + 5 6174620 6193755 -
195 3925 11540 + 2 1881518 1889357 +
195 14443 19240 + 2 1914238 1919184 -
196 253 1857 + 2 1911895 1913493 -
197 2161 30662 + 1 8583890 8614015 +
197 70196 133697 + 1 8477675 8543815 -
197 134181 181286 + 1 8132931 8177312 +
197 183672 191574 + 1 8180332 8188863 -
198 138 1762 + 1 8178518 8180299 -
198 3687 82806 + 4 5045797 5121002 +
199 499 1742 + 4 5121382 5122745 +
199 2315 11771 + 7 204452 214247 -
200 2176 48543 + 7 1805783 1866302 -
200 49863 86293 + 7 1868844 1905939 +
200 87376 91044 + 7 1725081 1728802 -
200 92697 126535 + 5 1534516 1570406 +
200 148435 151229 + 5 1583722 1586675 -
201 272 1983 + 5 1581471 1583246 -
201 2571 68662 + 6 4044935 4107859 +
202 2444 5621 + 5 1592780 1595966 +
203 3169 13466 + 7 1494701 1505674 -
204 11 1855 + 7 1492312 1494018 -
204 2662 35548 + 2 650982 693178 +
205 3537 7507 + 1 9270061 9274411 +
205 11769 19179 + 1 9216808 9224530 -
205 23420 27514 + 1 9209535 9213639 +
205 27660 34800 + 1 9200879 9208538 -
206 94 1323 + 1 9199197 9200628 -
206 3662 56126 + 7 3839748 3889307 +
206 57301 63317 + 7 3891384 3897556 -
206 65874 128947 + 7 3899203 3958259 +
207 899 2051 + 7 3959591 3960784 +
207 2065 6158 + 6 227538 231907 -
207 7359 9045 + 6 410973 412969 -
208 3731 28361 + 3 1311989 1336757 -
209 2173 32214 + 7 460311 489704 -
209 33398 38274 + 7 453137 458454 +
209 43276 53534 + 7 440348 450872 +
209 55655 59968 + 7 434578 438658 -
210 3184 37106 + 4 548421 580192 -
211 3286 16345 + 4 5128092 5141641 +
211 34884 41473 + 4 5158643 5165394 -
212 2134 17994 + 3 239576 254173 -
212 40559 47748 + 3 274744 282028 +
212 48060 55783 + 3 449782 457321 +
212 64640 81976 + 3 297630 342006 -
212 86652 91184 + 3 283040 287564 +
213 4071 11448 + 2 1366431 1372873 +
214 7030 44771 + 2 3488935 3545110 -
214 45723 51153 + 2 3545801 3551679 -
215 490 1551 + 4 4988774 4989848 +
215 3228 11561 + 1 9234177 9242610 +
215 12951 18735 + 1 9226467 9232369 -
215 20242 23614 + 1 9178716 9182326 -
215 23780 37562 + 1 9184698 9198562 -
215 39816 44616 + 1 9154362 9159234 +
216 316 2086 + 1 9159371 9161345 +
216 3007 20915 + 6 3809638 3826473 +
216 35600 44125 + 6 3774994 3796875 -
216 26267 30538 + 4 509147 511611 +
216 45513 71233 + 4 514568 541929 -
217 2380 119191 + 1 5224712 5367658 +
217 119452 122021 + 1 5221857 5224450 -
217 122385 203880 + 1 5141494 5221389 +
217 204324 288191 + 1 5050141 5141312 -
217 307784 364992 + 1 4971436 5032836 +
217 365517 378413 + 1 4958745 4971390 +
217 378604 388007 + 1 4949420 4958620 +
217 396497 461917 + 1 4867881 4940669 +
217 463433 505311 + 1 4823319 4866299 -
217 505758 533801 + 1 4792513 4820594 +
218 112 2031 + 1 4820864 4822757 +
218 3422 30237 + 5 2041497 2068779 -
218 45165 52582 + 5 2070012 2077803 +
219 218 2115 + 5 2078152 2080657 +
219 2893 50581 + 3 3318222 3367220 -
220 104 2070 + 3 3312413 3314404 -
220 3788 59379 + 7 868540 942162 +
221 21125 55833 + 7 3563899 3602009 +
221 2983 19737 + 1 716987 733603 +
221 59466 61889 + 1 711182 713595 +
221 56298 57485 + 4 4127060 4128462 +
222 806 1846 + 1 714525 715607 +
222 3151 93883 + 1 3462675 3585639 +
223 481 2210 + 1 3586642 3588510 +
223 2328 6052 + 2 2924725 2928270 +
224 28726 39067 + 2 1806710 1817149 -
224 4770 20134 + 3 405329 423585 +
225 3749 74249 + 5 6090270 6170475 +
226 2968 35197 + 5 1391213 1424924 -
227 708 2184 + 5 1388987 1390488 -
228 2811 17347 + 7 1946402 1961761 -
228 19933 44654 + 7 1962793 1988613 -
228 45935 57363 + 7 1991618 2004232 -
228 58416 141605 + 7 2005389 2120304 +
229 3046 45173 + 3 3395728 3440872 +
230 2566 58830 + 3 2480535 2538271 +
230 60101 117506 + 3 2399563 2480414 -
230 118264 135616 + 1 3436909 3454625 -
230 135948 153973 + 1 3417658 3436528 +
230 154313 156321 + 1 3415326 3417578 +
230 157133 169592 + 1 3401565 3414399 +
230 172239 220097 + 1 3351835 3401088 -
231 285 2118 + 1 3349722 3351585 -
231 4679 7572 + 3 5092401 5095372 -
231 10612 12426 + 3 5016071 5017891 +
231 13365 43503 + 3 5052976 5091431 -
231 54336 60829 + 3 5020020 5026057 -
231 62855 80307 + 3 5028574 5051524 +
231 82193 91273 + 3 5004595 5013719 -
232 65 1708 + 3 5002221 5003922 -
232 2498 23432 + 7 158044 179611 +
233 78 1509 + 7 179628 181057 +
233 2385 73289 + 7 1310007 1399905 +
233 74284 95221 + 7 1287468 1309316 -
234 708 1908 + 7 1285630 1286827 -
234 7314 35749 + 5 4392980 4422654 -
235 10308 102276 + 1 9556213 9647030 +
236 2538 30915 + 6 2368011 2397130 +
236 31098 40685 + 6 2397228 2406705 -
236 41001 45118 + 6 3759873 3763790 +
236 48190 59506 + 6 2406714 2418659 +
237 757 2351 + 6 2419072 2420689 +
237 3466 53840 + 2 2713933 2765782 +
237 78890 83057 + 2 2791356 2795405 -
238 2372 32086 + 1 3591712 3714127 +
239 171 2313 + 1 3589607 3591656 +
239 2753 40874 + 4 3176134 3209944 -
239 41086 74742 + 4 3141180 3175829 +
239 75093 97361 + 4 3116105 3139472 +
240 2392 10351 + 2 755765 764221 +
240 13134 40828 + 2 765841 774144 -
240 41468 84140 + 2 778208 824887 -
240 85934 90849 + 2 826233 831348 -
241 701 2390 + 2 833536 835389 +
242 2592 15530 + 1 8267752 8294671 +
242 16129 34078 + 1 8210176 8248684 +
242 36885 57085 + 1 8190385 8209734 -
245 4502 13013 + 3 469486 491069 +
246 148 1821 + 3 491137 492827 +
246 2452 3722 + 7 312644 314017 +
246 4081 5956 + 7 307752 310857 -
246 6781 27445 + 7 264826 304283 +
247 2471 7762 + 2 724793 730210 -
247 8910 21729 + 2 734685 748548 -
248 14059 32762 + 7 3975258 3991515 +
249 2531 57756 + 1 5640703 5693628 -
249 58023 94226 + 1 5696146 5733200 -
250 101 1996 + 1 5694184 5696106 -
250 3190 41961 + 6 1989166 2028562 -
250 43233 52052 + 6 1977954 1986821 +
250 53007 65535 + 6 1964071 1977131 -
251 2786 57948 + 1 3291066 3348825 +
251 59090 86705 + 1 3261530 3289845 -
252 78 2361 + 1 3258855 3261298 -
252 2610 9286 + 7 3009187 3012988 -
252 12767 15808 + 7 2968768 2971651 -
252 17390 46926 + 7 2974059 3001420 +
253 405 2511 + 7 3005274 3007409 +
253 3206 4926 + 2 4177775 4179437 +
254 78 1598 + 4 4137493 4139068 -
254 2533 8084 + 1 2027548 2032638 -
254 16318 85897 + 1 2033664 2104068 -
254 8654 14824 + 6 2754133 2760902 +
255 2621 13113 + 5 5871410 5882201 -
255 18114 20117 + 5 5884855 5886910 -
256 100 2005 + 5 5882885 5884781 -
256 2600 14911 + 1 6202372 6214778 +
256 18192 51318 + 1 6170049 6202293 +
256 51608 104161 + 1 6110800 6164415 +
257 2597 19159 + 7 1788537 1805233 +
257 19804 72563 + 7 1731916 1788461 -
258 669 2487 + 7 1730028 1731810 -
258 3333 10476 + 4 1097634 1105051 -
258 13092 89496 + 4 1105491 1241587 +
259 3231 5745 + 5 2982534 2984989 +
260 6329 46516 + 4 4758853 4804460 +
261 104 2585 + 4 4804463 4806960 +
261 6743 33334 + 2 3459863 3484382 -
261 3510 6186 + 5 1522337 1525460 -
262 2612 13548 + 4 842732 854419 -
263 66 1484 + 4 855096 856524 +
263 3020 67889 + 7 3087097 3154455 +
263 68210 95321 + 7 3156095 3185284 -
263 97172 108767 + 7 3186895 3198650 -
264 2697 105986 + 1 3101354 3205650 +
264 106583 154733 + 1 3046615 3101148 -
265 302 2577 + 1 3044297 3046578 -
265 4234 55370 + 2 2248410 2301264 +
265 56718 106967 + 2 2319604 2370145 -
265 107683 143104 + 2 2370387 2406401 -
265 143299 167556 + 2 2413691 2438606 -
266 16 2607 + 2 2410785 2413571 -
266 32147 63913 + 2 4311374 4340040 +
266 3697 22216 + 4 4995932 5015679 -
267 4289 16080 + 2 4164763 4171523 -
267 28182 31962 + 2 4147164 4151092 -
267 24737 27202 + 6 2313197 2315721 +
267 34974 59355 + 5 3107038 3130223 -
267 17676 23877 + 1 5845317 5851700 -
268 3382 92648 + 6 3832628 3917984 +
269 3557 17945 + 4 858307 872520 +
271 120 2513 + 1 2104794 2107176 -
271 2767 5290 + 5 4098321 4101016 -
271 9178 46752 + 5 4020413 4090689 +
271 48200 71063 + 5 3996914 4019981 -
272 2712 6976 + 5 475499 480105 +
272 12325 49399 + 5 1348429 1386612 -
272 49746 70026 + 5 455725 475394 -
273 201 1339 + 5 454237 455415 -
273 3583 29281 + 2 4360098 4385969 -
274 639 2582 + 2 4342488 4344518 -
274 2844 5047 + 6 2767399 2769572 +
276 4013 10306 + 5 692903 699383 -
276 11472 23186 + 5 681640 692733 +
276 24077 88592 + 5 614822 679857 -
277 448 1518 + 5 578239 579301 -
277 4847 9602 + 1 2696285 2701009 -
278 192 2484 + 1 2701943 2704707 -
278 3090 8534 + 2 421723 427194 +
278 10386 18076 + 2 430177 439080 -
279 492 2408 + 2 427696 429275 -
279 6909 37941 + 7 224359 256254 -
280 2857 18486 + 4 3083913 3098885 -
280 18960 34375 + 4 3101587 3115849 -
281 171 2790 + 4 3098967 3101571 -
281 3598 9202 + 5 701772 707580 +
282 2812 20312 + 4 1436362 1494772 +
283 648 2002 + 4 1497375 1498692 +
283 4021 57970 + 1 735941 791442 +
284 743 2712 + 1 792443 794513 +
284 3287 21935 + 5 83558 96991 +
284 23761 38531 + 5 99965 115058 -
285 2842 13107 + 7 114799 125689 -
285 27772 35722 + 7 126735 135878 +
286 2852 31880 + 5 713895 743405 -
287 142 1437 + 5 712494 713767 -
287 3452 29416 + 7 1461901 1490179 -
288 208 2559 + 7 1459370 1461689 -
288 3076 16723 + 6 1518476 1532220 +
288 22153 45586 + 6 3538246 3556905 +
288 46354 65328 + 6 1535177 1554902 -
289 1170 2796 + 6 1532335 1533977 -
289 2882 5627 + 5 1589603 1592140 -
290 2892 8344 + 7 214618 220308 +
291 1608 2761 + 7 222524 223966 +
291 6854 43957 + 4 1501466 1538834 +
291 45003 62982 + 4 1541552 1559559 -
292 902 2816 + 4 1538989 1540902 -
292 2997 30576 + 2 1406822 1430064 -
292 34811 39977 + 2 1374574 1379746 +
293 4835 27070 + 2 4086036 4132908 -
294 2942 17855 + 3 3893414 3908077 +
294 18194 19392 + 3 3908436 3909680 -
294 19613 32308 + 3 3911591 3924261 -
294 33979 47942 + 3 3927016 3940702 -
295 209 2760 + 3 3924475 3927015 -
295 3361 22486 + 6 3927358 3946840 +
295 24734 30184 + 6 3951963 3957043 -
295 31344 46581 + 6 3957339 3973428 -
295 47703 49020 + 6 3947420 3948881 +
296 2952 6710 + 4 1398355 1402131 -
296 8891 26771 + 4 1412799 1433051 +
297 25 2951 + 4 1433260 1436337 +
297 6552 10061 + 4 4128920 4132653 +
297 11987 50855 + 4 4087331 4126787 -
298 180 2961 + 4 4083527 4086316 -
298 7246 8541 + 2 94782 96105 -
299 3318 23945 + 2 1381464 1402009 +
300 3500 86503 + 1 8749042 8828626 -
300 87317 124974 + 1 8716580 8748337 +
300 125132 162051 + 1 8677528 8716488 -
300 163665 192451 + 1 8644380 8675530 +
300 193513 211160 + 1 8626077 8643852 -
301 683 2946 + 1 8623702 8626030 -
301 3340 4999 + 3 3715757 3717499 +
301 5262 20327 + 3 3695912 3711431 +
302 1040 2858 + 3 3713255 3715484 +
302 3357 43950 + 6 2703442 2746884 -
302 44247 85236 + 6 2626685 2676189 +
303 681 2207 + 6 2701312 2702818 +
303 3473 6457 + 1 6889662 6892797 +
303 9076 21135 + 1 6871671 6884446 +
304 685 2255 + 1 6885271 6886865 +
304 3032 16928 + 1 9056558 9071112 -
304 17110 21645 + 1 9071168 9076169 +
305 4207 12566 + 5 22184 31213 +
305 20783 64497 + 5 36579 78123 -
306 470 3021 + 5 33860 36546 -
306 3214 19254 + 7 1418776 1446867 -
306 20422 31380 + 7 2121671 2134864 +
307 4972 10207 + 5 159034 163533 +
307 11982 21831 + 5 120283 130325 -
308 800 2903 + 5 117107 119645 -
308 4697 12243 + 7 3962304 3970551 +
309 524 1914 + 7 3970565 3971959 +
309 3567 10413 + 4 1088651 1094502 +
310 84 2638 + 4 1094519 1096334 +
310 3701 9107 + 7 1556925 1562281 -
310 11235 23613 + 7 1907351 1919862 +
310 23922 46065 + 7 1923173 1946383 -
311 3966 11659 + 3 110440 118580 -
312 3520 4668 + 7 1183205 1184326 +
312 5335 21449 + 7 1161791 1181305 -
313 3272 26816 + 5 743552 766996 +
314 40 2478 + 5 767719 770279 +
314 7598 21107 + 5 559849 573281 +
315 893 2381 + 5 575039 576557 +
315 3749 7228 + 7 322218 325755 -
315 11189 22100 + 7 358629 369449 -
315 23469 31878 + 7 369561 378044 +
315 40515 42086 + 7 257826 259447 +
315 44128 47641 + 7 314368 317338 +
315 51954 55132 + 7 381784 385064 -
316 374 3141 + 7 378772 381502 -
316 3152 7616 + 4 4396878 4401212 -
317 589 2984 + 4 4394507 4395648 -
317 3162 8230 + 6 243843 249482 -
317 11555 42714 + 6 261020 296591 -
318 100 2422 + 6 258459 260828 -
318 4067 32615 + 3 3735484 3763930 +
318 34054 35275 + 3 3732050 3733380 -
319 5 2374 + 3 3729663 3732045 -
319 3335 14198 + 7 1404519 1415012 +
320 133 3109 + 7 1415130 1418242 +
320 5507 7058 + 1 9431569 9433286 +
320 8703 13937 + 1 9415978 9421441 +
320 15227 30212 + 1 9395168 9411890 -
321 3274 36178 + 2 2647106 2681631 +
322 219 2838 + 2 2682024 2684722 +
322 9058 21480 + 6 1945862 1958588 +
322 23028 24824 + 6 1960884 1962813 -
322 4322 8807 + 3 4680429 4687228 +
323 3222 27953 + 7 3747961 3773977 -
323 28377 37548 + 7 3740870 3747542 +
323 38386 43019 + 7 3735366 3740076 -
324 782 3102 + 7 3732781 3734723 +
324 3430 9532 + 7 3556452 3562735 -
325 584 2663 + 7 3554453 3556440 -
325 3311 80761 + 5 1946812 2026876 -
326 346 2999 + 5 1943393 1946131 -
326 3744 5701 + 7 857903 859842 -
326 6467 11558 + 1 5635274 5640365 -
327 441 3251 + 1 5631462 5634404 -
327 4153 33290 + 2 208836 238208 +
327 34153 36195 + 2 242455 244592 -
328 519 3234 + 2 238333 241153 -
328 3744 11414 + 1 319950 327695 +
329 3743 7675 + 4 4343257 4347183 -
329 8783 17463 + 4 4328120 4339253 +
330 3292 14506 + 1 9248553 9259720 +
331 172 1678 + 1 9245401 9247167 -
331 8971 20388 + 2 636683 648651 +
331 26388 38720 + 2 615961 629485 -
331 41266 54148 + 2 597515 613039 +
331 56335 64144 + 2 585612 593456 -
332 13497 21040 + 2 97123 105063 +
333 3763 128634 + 1 7730854 7856032 +
334 585 1870 + 1 7856075 7857500 +
334 3977 5607 + 1 3730486 3732113 +
335 703 2630 + 1 3732687 3734611 +
335 6050 17546 + 1 9278945 9340972 +
337 163 2840 + 1 2023612 2026327 +
338 11957 18683 + 2 445987 452976 -
338 19486 39359 + 2 462207 482221 +
339 462 2724 + 2 483121 485371 +
339 3819 26112 + 1 9518827 9541822 +
340 1 2495 + 1 9544398 9546879 -
341 52 3391 + 5 5862984 5866385 -
341 3565 31936 + 5 4826758 4856936 +
342 237 2880 + 5 4823552 4826193 +
342 4059 36000 + 4 2334860 2414429 +
342 36223 82070 + 4 2418329 2465076 -
343 1 3149 + 4 2414978 2418304 -
343 3781 18412 + 4 4822267 4837454 -
344 353 2200 + 4 4820364 4822258 -
345 499 2959 + 6 2747706 2750154 +
345 4508 40024 + 5 1219866 1259908 +
346 540 2395 + 5 1260566 1262493 +
346 3559 10760 + 5 4674599 4681897 +
347 64 3348 + 5 4682549 4686150 +
347 3583 27136 + 2 1431010 1461359 +
348 218 3215 + 2 1461636 1464331 +
348 12818 29167 + 2 698251 722770 -
349 704 3328 + 2 695239 698047 -
349 3494 6617 + 3 3717591 3720880 +
350 3715 35817 + 4 602550 635770 -
351 4044 27747 + 5 866903 891086 -
352 1016 3057 + 5 863295 865354 -
352 10280 16158 + 3 461386 467791 +
353 5058 10953 + 2 579609 582856 -
354 3532 17971 + 2 338465 353969 -
354 25224 35611 + 2 353996 364405 -
354 38268 57433 + 2 368621 390368 -
354 59566 72128 + 2 402786 415746 +
355 1178 3531 + 2 416207 418786 -
355 3722 30858 + 2 2548365 2576357 +
356 325 2802 + 2 2576988 2579724 +
356 4707 6970 + 1 9460994 9463249 +
356 14584 37548 + 1 9436509 9460301 +
357 4140 7473 + 1 3458629 3461960 -
358 144 3513 + 1 3454851 3458455 -
358 3603 26734 + 7 394423 418727 -
359 144 3505 + 7 418846 422382 -
359 3699 13318 + 5 532547 542927 +
360 12513 30175 + 3 4963943 4982430 -
361 27 1691 + 3 4961771 4963745 -
361 4366 5651 + 7 425477 426767 -
362 11629 12969 + 6 4035412 4036759 +
363 35 2637 + 6 4036940 4039728 +
363 3835 8184 + 6 3752198 3756761 +
364 838 3526 + 6 3756859 3759672 +
370 285 2364 + 7 2782606 2784731 -
374 118 1885 + 7 4145162 4147105 -
380 3905 10466 + 4 2465205 2471857 +
382 431 2910 + 4 2472696 2475276 +
388 3952 8422 + 1 3008825 3013380 +
392 140 2133 + 1 3014453 3016534 +
396 33 1390 + 2 246208 247617 +
403 1184 3232 + 2 440738 442457 -
414 4423 10043 + 2 1795090 1801705 +
415 275 1632 + 2 1801965 1803344 +
418 1777 2992 + 5 4096003 4097143 -
431 2715 3906 + 5 1616267 1617453 -
438 326 2360 + 1 7706908 7708991 +
440 1262 3276 + 5 2552818 2555159 +
441 1579 4372 + 1 9175876 9178662 +
448 503 2190 + 3 4475866 4477663 -
451 203 3077 + 1 8080983 8083887 +
453 87 1211 + 7 353840 354951 +
455 578 2749 + 7 3013354 3015729 -
463 7309 14814 + 4 4842235 4849745 -
465 496 2635 + 4 4839141 4841502 -
479 5010 13395 + 5 3977404 3987953 +
482 79 2094 + 5 3990020 3992108 +
486 1577 4503 + 6 3771131 3774090 +
494 338 1991 + 1 4211292 4212862 -
495 948 4340 + 5 430683 433225 -
507 6079 8538 + 3 1758291 1760914 +
509 25 1719 + 3 1762011 1763699 +
537 1027 3347 + 1 9412211 9414749 +
567 74 1767 + 6 3363174 3364805 +
592 137 4333 + 4 2009851 2013945 +
597 126 1197 + 5 2641348 2642467 -
599 264 1575 + 5 2639186 2640589 -
607 278 1859 + 7 628233 629931 +
612 2257 3920 + 3 2774488 2775867 +
613 340 2035 + 3 2776085 2777783 +
629 507 2198 + 7 3397784 3399492 -
633 68 1268 + 5 2332733 2334036 +
646 9881 16628 + 5 6082085 6087599 -
650 245 1282 + 3 4994476 4995505 -
702 2347 5342 + 4 3528492 3531640 +
702 7711 12076 + 7 193357 197725 -
764 266 1492 + 2 2901824 2921468 +
790 8509 13765 + 2 2310461 2316334 -
791 287 2088 + 2 2308412 2310371 -
792 160 1708 + 2 2306429 2308150 -
913 9186 14636 + 5 3051194 3057523 -
917 2 4558 + 5 3045395 3049477 -
925 510 2378 + 1 9465142 9466876 +
957 160 1421 + 4 296597 297867 +
1049 595 2402 + 4 2137844 2139573 -
1057 144 1640 + 4 2132853 2134547 -
1555 7795 8800 + 1 4759863 4760940 -
1555 16023 18076 + 1 1920071 1922067 +
1562 90 1216 + 1 1926219 1927330 +
1566 18 1019 + 1 1928411 1929612 +
1571 12 3996 + 1 1931650 1935692 +
1586 101 1201 + 3 2605806 2606932 -
