1 1225 16446 + 34 2490 68404 -
1 193080 195971 + 34 115098 119678 +
1 216352 258577 + 34 390244 444519 +
1 260758 266766 + 34 498959 505848 -
1 295923 297794 + 34 530281 532678 -
1 305703 328503 + 34 551936 598011 +
1 328603 331092 + 34 600593 603054 -
1 332246 356070 + 34 603142 624870 +
1 9744493 9749263 + 34 468652 473617 -
1 17934 21096 + 106 4644 9834 +
1 34516 132911 + 106 10543 126545 +
1 5958107 5960232 + 106 127731 130651 +
1 4069717 4071221 + 30 341310 342825 -
1 26234 28983 + 63 347324 350016 +
1 5744263 5749268 + 63 352721 357660 +
1 278986 283731 + 1 1843403 1848343 -
1 902423 904372 + 1 1397074 1399016 -
1 3836496 3839379 + 1 625961 627760 +
1 5869076 5919953 + 1 1118741 1174101 -
1 5944460 5955163 + 1 1107929 1118646 -
1 5976929 6091678 + 1 981235 1107222 -
1 6093957 6116173 + 1 958481 980053 +
1 6117623 6296998 + 1 756917 956006 -
1 6329728 6383467 + 1 643720 701043 -
1 6460502 6477422 + 1 609909 622360 -
1 6479806 6980478 + 1 11793 604069 -
1 8133392 8227082 + 1 1415338 1536008 -
1 8267229 8279176 + 1 1402384 1414267 -
1 8293293 8438937 + 1 1219859 1379784 -
1 8440160 8450516 + 1 1175989 1186231 -
1 8478104 8658884 + 1 1537468 1757798 +
1 8676955 8685633 + 1 1857104 1866219 -
1 8687061 8713263 + 1 1767027 1792629 -
1 8720702 8823245 + 1 1885791 2025409 +
1 9481938 9484367 + 1 1380187 1383581 +
1 2308388 2312899 + 49 48310 52833 -
1 4071224 4073021 + 49 3184 4981 -
1 4880019 4882389 + 49 252907 255311 -
1 9775959 9781810 + 16 675687 682308 +
1 8240152 8246711 + 52 116159 122717 +
1 5805999 5807570 + 72 58383 65810 +
1 6301410 6302482 + 33 372646 373721 +
1 4336289 4338450 + 9 582525 584695 +
1 3899289 3902807 + 21 242748 246263 +
1 6434420 6437771 + 21 39383 42752 -
1 4179238 4185337 + 36 27312 33615 -
1 5739260 5742099 + 36 116066 118932 -
1 6323704 6325685 + 36 301959 303895 +
1 356458 361615 + 144 73048 78154 -
1 365034 369182 + 144 63892 72403 +
1 378277 393151 + 144 30819 44419 +
1 393644 415836 + 144 6171 29325 -
1 9492230 9493657 + 22 522678 524512 +
1 2126094 2205392 + 6 1413 86121 +
1 2207182 2273129 + 6 128905 202222 +
1 2342707 2367632 + 6 202515 229348 +
1 2368182 2443071 + 6 248028 303910 +
1 2443453 2480634 + 6 304277 342474 -
1 2481804 2665177 + 6 345196 554929 +
1 2665263 2914099 + 6 585301 900777 +
1 3757269 3765809 + 143 5316 7773 +
1 6404720 6408002 + 24 610401 613683 -
1 5324716 5326950 + 93 6054 8260 -
1 5973605 5976683 + 46 173270 176348 -
1 7081713 7116620 + 50 212470 249207 -
1 7117338 7119288 + 50 191600 193517 -
1 7122026 7236569 + 50 3276 122374 -
1 4082513 4087077 + 148 52112 56872 -
1 135256 143383 + 68 67680 76401 +
1 144782 157967 + 68 212725 227124 -
1 158190 187930 + 68 118812 174523 -
1 1183282 1184730 + 68 63623 65205 +
1 3913608 3916535 + 37 582191 584969 +
1 3986996 4009479 + 37 505319 527845 -
1 4040421 4043233 + 37 501910 504723 -
1 4096085 4168866 + 37 420020 500718 -
1 4195704 4241956 + 37 371992 419073 -
1 4242638 4335090 + 37 293258 366429 -
1 4356224 4364574 + 37 281419 291654 -
1 4365083 4366499 + 37 278726 280138 +
1 4367356 4481080 + 37 162268 278419 -
1 4483319 4604763 + 37 419 137311 -
1 8837977 8848304 + 14 21331 31232 -
1 8898841 8929292 + 14 41967 73923 +
1 8930332 8934892 + 14 86179 91496 -
1 8939991 8959380 + 14 94203 113042 +
1 8961854 8975773 + 14 115868 129500 -
1 8976450 9010219 + 14 131647 156654 +
1 9013857 9030634 + 14 158435 174652 -
1 9031451 9077987 + 14 178242 222278 -
1 9080803 9102791 + 14 227383 250192 +
1 9105484 9114035 + 14 251700 260289 -
1 9115805 9151323 + 14 263108 297402 +
1 9154373 9163411 + 14 345906 354318 -
1 9175876 9182373 + 14 338381 345081 -
1 9184699 9224301 + 14 355980 396469 +
1 9227220 9264853 + 14 298736 336015 -
1 9265484 9286815 + 14 398336 417748 +
1 9337360 9387117 + 14 417950 468512 +
1 9392830 9421464 + 14 470344 506430 -
1 9427224 9434192 + 14 519010 525811 -
1 5749578 5756149 + 110 131168 137630 -
1 9435528 9480368 + 90 25648 69446 +
1 9515414 9566742 + 90 71299 125271 +
1 9607542 9629784 + 90 136676 163293 -
1 9630432 9638869 + 90 126411 135348 +
1 3598715 3601807 + 20 311557 316879 +
1 3646989 3649801 + 20 626238 628972 -
1 5929782 5931070 + 17 463315 464589 +
1 8893865 8895206 + 17 65037 66648 -
1 8823584 8829074 + 113 72315 78147 +
1 1526957 1572727 + 5 32718 126992 +
1 1574628 1579584 + 5 128316 133270 -
1 1580757 1594088 + 5 134387 147381 +
1 1597534 1736057 + 5 155800 292859 +
1 1736375 1812443 + 5 315915 419564 +
1 1813858 2081735 + 5 431101 737369 +
1 2082598 2125916 + 5 752603 797810 +
1 2334895 2340735 + 5 740528 746533 +
1 4045367 4048082 + 101 70836 73548 -
1 3743757 3745799 + 141 40230 42286 -
1 9334237 9337211 + 141 97496 100675 +
1 9567877 9591414 + 99 18975 42190 -
1 9591579 9593118 + 99 16731 18218 +
1 9594498 9607135 + 99 3215 15945 -
1 9640208 9704741 + 99 43898 137331 +
1 444128 447918 + 3 1282705 1286660 -
1 448108 478197 + 3 1202366 1227432 -
1 479866 488083 + 3 1192107 1200387 +
1 488768 490346 + 3 1287685 1289225 -
1 492168 519122 + 3 1161046 1187766 -
1 519650 541366 + 3 1139609 1160321 +
1 541942 588068 + 3 1072779 1139129 -
1 594145 636250 + 3 955659 994970 +
1 636900 637954 + 3 995168 996366 -
1 638624 643391 + 3 997342 1002317 +
1 644292 668607 + 3 928537 952533 -
1 698748 749889 + 3 872291 925465 -
1 751478 871876 + 3 722262 848979 -
1 925490 977286 + 3 663617 721272 -
1 977604 1025483 + 3 578760 654692 -
1 1026503 1181600 + 3 416042 574523 -
1 1186594 1193573 + 3 408412 415216 -
1 1195022 1199401 + 3 401748 406015 +
1 1201660 1219139 + 3 383315 400041 -
1 1230000 1290131 + 3 322483 379163 -
1 1291196 1296045 + 3 315111 320051 +
1 1296802 1298006 + 3 320710 321851 -
1 1298312 1379462 + 3 197843 314186 -
1 1379761 1413627 + 3 139050 171417 -
1 1416434 1435447 + 3 119967 138085 +
1 1438320 1526561 + 3 24199 115911 -
1 3656257 3660718 + 94 118870 123321 +
1 2321261 2325667 + 54 361149 365630 -
1 2914699 2985223 + 67 1702 76402 +
1 2986285 3000080 + 67 77492 99314 -
1 3001033 3002833 + 67 99565 101358 -
1 3003217 3015229 + 67 101911 113781 +
1 3016460 3209123 + 67 130697 333767 +
1 3209545 3224805 + 67 334196 348923 -
1 3225330 3243483 + 67 349452 366757 +
1 3244738 3461992 + 65 168597 396636 -
1 3463322 3510477 + 65 139761 167959 +
1 3511443 3595691 + 65 47122 135975 -
1 3664451 3679921 + 65 28191 43783 -
1 3708796 3734711 + 65 14674 26873 -
1 7237625 7322142 + 26 518197 640853 -
1 7324697 7491803 + 26 313593 490644 -
1 7493882 7504144 + 26 301943 313248 +
1 7504867 7681446 + 26 1076 296767 -
1 3881701 3882869 + 97 4147 5300 -
1 673305 677907 + 59 36613 41164 -
1 5136704 5317578 + 12 318022 501961 -
1 5339862 5652420 + 12 14957 318004 -
1 3746876 3752609 + 32 369178 375506 -
1 8228056 8229819 + 32 132032 133807 -
1 4023674 4029427 + 4 320036 323767 +
1 417055 442172 + 179 1784 25378 -
1 5135176 5136347 + 172 154 1570 +
1 3923485 3925926 + 25 36277 38640 -
1 6388483 6391260 + 25 93096 96195 +
1 3694508 3699932 + 91 70218 75633 -
1 6447102 6453287 + 91 110051 116700 -
1 7682533 7733014 + 85 308240 361928 -
1 7734961 7976398 + 85 23009 301708 -
1 6441349 6443938 + 142 53843 56402 -
1 9166986 9173180 + 53 237332 243689 +
1 1221345 1228106 + 39 138892 145624 +
1 5652745 5734593 + 39 218165 301995 -
1 5773140 5804223 + 39 186738 217795 -
1 5808709 5829818 + 39 163720 185216 -
1 5830913 5868572 + 39 93079 125576 -
1 8117463 8132571 + 39 50910 64831 +
1 8450876 8477179 + 39 65249 91660 -
1 3793360 3800164 + 111 26852 33647 +
1 8853845 8893167 + 160 3837 51138 -
1 4605397 4626324 + 161 2232 23485 +
1 6994650 7022199 + 107 13618 38349 +
1 9760664 9770592 + 107 78549 88997 +
1 1219281 1220722 + 165 3972 5519 -
1 6981329 6990581 + 166 27893 44778 +
1 8255708 8259782 + 166 14424 18540 -
1 4811942 4878279 + 81 969 71737 +
1 4883831 4897550 + 81 72787 86354 +
1 4898671 5091916 + 81 95989 306248 +
1 5093206 5114407 + 81 311169 331718 +
1 4627099 4811802 + 78 14816 204560 +
1 3765810 3768345 + 71 3924 6488 +
1 7977345 8116403 + 71 41644 203784 +
1 3956967 3961329 + 139 75076 79418 +
1 4033327 4036701 + 139 56547 60651 -
1 7024391 7080703 + 138 8476 85478 +
1 3774708 3777167 + 203 3333 5730 -
1 3869419 3874395 + 185 15122 19648 +
1 5114838 5134993 + 171 13285 33703 +
2 1285048 1286706 + 6 241604 243284 +
2 3511120 3543172 + 32 44665 79909 -
2 3545793 3551910 + 32 33326 39755 +
2 4345267 4346570 + 32 87775 89137 -
2 3920361 3921993 + 22 564160 565780 +
2 1108906 1111794 + 118 179072 182592 +
2 4177700 4179641 + 3 575567 577574 -
2 9719 33021 + 141 121595 153822 +
2 34628 38147 + 141 101736 106786 -
2 44052 50091 + 141 60323 65876 -
2 57229 72262 + 141 1631 17242 -
2 1833744 1836516 + 46 31780 35967 -
2 172645 248180 + 126 2295 98863 -
2 1155084 1157468 + 2 47211 49592 -
2 1253653 1256641 + 2 74831 77807 +
2 3680674 3684782 + 57 208589 212661 -
2 252115 280594 + 8 682637 710188 -
2 283824 290202 + 8 671087 679794 +
2 292348 313362 + 8 648265 668061 -
2 315632 324321 + 8 587977 604793 +
2 324625 332366 + 8 622682 630402 +
2 337694 384260 + 8 535975 583303 -
2 401398 423667 + 8 496375 528669 -
2 424494 434315 + 8 481277 494846 +
2 438566 571955 + 8 332424 477306 -
2 578626 592732 + 8 261590 316091 -
2 597496 613184 + 8 244089 257607 +
2 616285 651661 + 8 198053 241377 -
2 654003 681106 + 8 65409 172695 +
2 689326 693960 + 8 187679 192600 +
2 695259 698043 + 8 59808 62472 +
2 708697 717841 + 8 43383 51998 +
2 718509 723342 + 8 37308 42013 -
2 725182 749331 + 8 2642 28258 -
2 2123678 2125091 + 20 308337 309764 -
2 3411832 3423034 + 88 8759 19814 +
2 3423898 3470948 + 88 49855 94627 +
2 3478028 3484418 + 88 106933 113027 -
2 3488843 3493161 + 88 124648 128916 +
2 3502880 3508412 + 88 129291 134766 +
2 72839 91292 + 58 74769 101734 -
2 94712 95988 + 58 60501 61776 +
2 96662 108105 + 58 33819 45087 -
2 147822 166399 + 58 9679 31477 -
2 2144228 2148008 + 33 496304 500243 +
2 3658159 3660116 + 33 367543 369410 +
2 1193582 1198015 + 25 62295 66789 -
2 1689047 1817630 + 43 192453 335941 -
2 1837216 1880643 + 43 126583 171087 -
2 1882949 1889032 + 43 114734 121225 -
2 1890630 1920312 + 43 80346 111458 +
2 1921952 2003692 + 43 801 77024 -
2 2933561 3064987 + 43 338861 486694 +
2 3069949 3079947 + 43 491260 501279 -
2 3081155 3083034 + 43 503160 505093 +
2 3085276 3098136 + 43 506547 526519 -
2 3098967 3410569 + 43 528071 814026 +
2 3830058 3832211 + 43 124083 126077 +
2 2003965 2065866 + 52 603909 663779 -
2 2066132 2074465 + 52 595523 603483 +
2 2075912 2113250 + 52 557419 594096 -
2 2170760 2556847 + 52 124125 557207 -
2 2556876 2602318 + 52 36074 81641 -
2 2604769 2607445 + 52 534 3338 -
2 2850135 2853110 + 52 101980 104923 +
2 1138635 1143140 + 172 23769 31158 +
2 1320576 1322707 + 54 428330 430460 -
2 111457 116490 + 15 367852 372874 +
2 1200290 1201362 + 65 399243 400468 -
2 572683 574028 + 50 208540 209885 -
2 3822822 3826394 + 37 153871 157930 +
2 1272243 1275779 + 101 25589 29309 -
2 4354223 4358149 + 150 32260 36159 -
2 1168549 1172070 + 148 150076 153594 -
2 3553308 3563573 + 41 134828 145068 +
2 3567799 3575043 + 41 183466 190214 +
2 3777580 3821852 + 41 300010 349738 +
2 3834172 3863640 + 41 351301 385262 +
2 4045050 4046209 + 41 230845 232018 +
2 4048234 4051099 + 41 225956 228558 -
2 4053777 4063654 + 41 202732 219899 +
2 3500720 3501811 + 68 43576 44665 +
2 4066207 4072848 + 102 7330 14282 -
2 4086047 4166334 + 102 74637 119881 +
2 4190164 4193423 + 102 126025 129154 +
2 3602144 3622079 + 21 77762 96447 +
2 1175925 1178361 + 139 29285 31645 -
2 3628959 3630427 + 139 3653 5115 +
2 4170021 4174165 + 82 352347 356865 +
2 4181582 4188708 + 82 343137 350662 +
2 4193962 4212378 + 82 361711 378027 -
2 4213803 4275277 + 82 277570 340550 -
2 4279506 4310652 + 82 233783 276373 +
2 4319772 4344518 + 82 182840 224928 -
2 4360103 4385654 + 82 155230 181491 -
2 4387538 4396319 + 82 144903 154011 +
2 4396639 4470525 + 82 37293 143689 -
2 874286 878338 + 53 34199 37789 -
2 1328995 1331783 + 53 38419 42486 -
2 922134 924007 + 79 81950 84006 -
2 953118 1065684 + 79 85880 192738 +
2 3660439 3661543 + 158 329 1436 +
2 3583002 3587249 + 72 175301 179706 -
2 3588438 3594226 + 72 137857 143477 +
2 3595927 3601617 + 72 110212 124137 -
2 3713041 3731555 + 72 31864 55572 -
2 4028525 4036820 + 72 2772 11111 -
2 4074449 4085056 + 72 193159 205744 -
2 131120 137429 + 195 4833 11346 -
2 1161310 1163267 + 80 236506 238454 +
2 390949 392158 + 36 161414 162626 -
2 3738870 3776689 + 93 152675 206403 +
2 3864392 3868085 + 93 15561 19159 +
2 3873026 3886465 + 93 56142 71152 -
2 3937428 3949619 + 93 31913 46757 -
2 3954225 4027113 + 93 75626 151718 +
2 1366431 1530501 + 76 1263 196239 -
2 2607768 2846026 + 70 982 275106 +
2 2855562 2862609 + 70 281570 288817 +
2 2881751 2897359 + 70 290420 305469 -
2 397741 400525 + 167 19728 22522 -
2 1066462 1068149 + 48 103676 105423 -
2 1071473 1075946 + 109 50768 55232 +
2 755946 873923 + 87 101778 267891 -
2 883755 919384 + 87 51118 87260 -
2 925857 952086 + 87 22933 49450 +
2 1311668 1316150 + 122 15446 20368 +
2 701318 706256 + 81 88785 94105 +
2 1622062 1638019 + 116 93692 108992 +
2 1645354 1670836 + 116 65655 90939 +
2 1672369 1683622 + 116 52237 63211 -
2 2864774 2878346 + 116 3039 16596 -
2 2901090 2929156 + 116 20163 30631 +
2 1077991 1093852 + 197 9751 26150 -
2 1532160 1591090 + 133 2293 58197 +
2 1591656 1615222 + 133 59294 83379 -
2 1617472 1619221 + 133 86655 88391 +
2 3915321 3920358 + 123 38789 43791 +
2 3925634 3929899 + 227 2262 6625 -
3 9267 28969 + 125 23587 43086 +
3 809161 811121 + 125 77020 78919 +
3 968434 1041493 + 89 91017 167065 -
3 1059977 1151353 + 89 883 90144 -
3 2652118 2745794 + 97 44348 139955 -
3 2746176 2775656 + 97 7184 34753 -
3 3722126 3724043 + 7 262981 265736 -
3 4528387 4530785 + 7 450600 453172 -
3 736502 739019 + 5 297715 300286 -
3 884612 886304 + 5 295259 296973 +
3 2231946 2233986 + 5 420464 422495 -
3 306017 311302 + 3 1026318 1031618 +
3 4275498 4277466 + 3 855410 857277 -
3 5172567 5193936 + 152 11070 58802 -
3 5194300 5195755 + 152 8729 10416 +
3 5196211 5202270 + 152 2413 8594 -
3 2288561 2295895 + 2 273005 280464 +
3 4098460 4255001 + 2 946758 1096708 -
3 4282145 4290966 + 2 936876 945585 -
3 4291188 4294811 + 2 932596 936229 +
3 4295508 4451519 + 2 766702 932360 -
3 4453553 4467306 + 2 749245 763094 +
3 4469708 4478328 + 2 738607 746639 +
3 4480652 4489012 + 2 729149 737822 +
3 4490172 4515288 + 2 703079 728214 -
3 4518785 4522359 + 2 692469 695914 +
3 4525940 4527507 + 2 686002 687574 -
3 4532634 4653486 + 2 556737 685161 -
3 4663809 4682526 + 2 383113 473627 +
3 4683049 4684427 + 2 539022 540283 +
3 4688518 4723673 + 2 481614 538165 -
3 4724189 4725460 + 2 379029 380790 -
3 4726459 4758635 + 2 302086 343650 -
3 4761816 4834687 + 2 162274 272272 -
3 4858581 4861288 + 2 120150 125855 -
3 4868627 4875539 + 2 84635 91354 +
3 4889011 4898195 + 2 2528 11597 -
3 4913271 4916023 + 2 16476 19245 +
3 4920728 4922108 + 2 81795 83154 -
3 4922793 4925160 + 2 29670 32488 -
3 29430 30514 + 150 12155 13304 -
3 32936 45404 + 150 14284 28650 +
3 46519 98649 + 173 4156 32773 -
3 446283 447307 + 1 2049092 2050118 -
3 714029 715672 + 1 1810696 1814560 -
3 346845 348508 + 16 359753 361240 -
3 1042203 1044631 + 27 539448 541785 -
3 916739 921218 + 54 404032 408501 -
3 100325 150381 + 109 1817 36823 +
3 150904 153964 + 109 64093 66370 +
3 154555 155584 + 109 93437 94556 +
3 5002221 5013712 + 66 202027 213433 -
3 5020085 5024782 + 66 163079 191875 +
3 5033529 5061748 + 66 114540 139043 +
3 5090739 5094468 + 66 103898 111191 -
3 5098505 5106129 + 66 89782 96694 +
3 5106892 5123235 + 66 55957 75583 -
3 5124332 5127892 + 66 51486 55029 +
3 5131861 5142594 + 66 33499 43447 -
3 5144914 5146190 + 66 45607 46757 +
3 5147580 5170254 + 66 1227 24890 -
3 1568682 1611574 + 75 931 45608 +
3 1613871 1624775 + 75 46437 57008 -
3 1626282 1649377 + 75 58773 82604 +
3 1649665 1856275 + 75 160494 316071 +
3 1856730 1866450 + 75 316441 325490 -
3 1866881 1946797 + 75 326185 405073 +
3 2431585 2434198 + 75 115052 117620 -
3 850556 852995 + 56 108362 109972 -
3 4880726 4881850 + 58 205362 206565 -
3 4882145 4887581 + 58 199230 204408 +
3 4899309 4909380 + 58 217925 228266 -
3 4932415 4960714 + 58 161415 196125 +
3 4961771 4982461 + 58 138088 160314 -
3 2776774 2791424 + 4 780 15598 +
3 2791917 2794929 + 4 16506 19405 -
3 2795550 2881147 + 4 19699 115962 +
3 2891304 2923476 + 4 116506 148608 +
3 2924227 2989039 + 4 149998 244820 -
3 2990041 3031312 + 4 245149 293835 +
3 3031998 3119981 + 4 338241 431704 +
3 3121357 3125320 + 4 432432 436596 -
3 3126199 3635135 + 4 438091 978665 +
3 867229 873260 + 84 88563 97618 -
3 3724516 3727552 + 63 257400 260454 +
3 731014 734890 + 123 69716 73587 -
3 358054 361690 + 61 115839 119490 -
3 439884 445445 + 41 26285 31903 -
3 847570 849411 + 41 101977 103280 +
3 2335894 2423193 + 30 1393 87340 +
3 2444832 2599709 + 30 88254 297361 +
3 2600374 2602015 + 30 298769 300753 -
3 2603382 2638662 + 30 301652 338658 +
3 2639722 2651805 + 30 362298 374231 +
3 159222 173670 + 47 334465 351536 +
3 175665 191384 + 47 386720 396006 -
3 193609 197211 + 47 353872 357503 -
3 201435 282826 + 47 181269 323019 -
3 283599 288461 + 47 147779 152805 +
3 288582 295383 + 47 174187 180928 +
3 296507 299811 + 47 142094 145593 -
3 330196 345511 + 47 121269 139665 -
3 384305 396458 + 47 102139 115607 -
3 402160 423566 + 47 49316 70955 -
3 4081578 4082757 + 24 210673 211852 -
3 689372 692705 + 140 70338 73435 +
3 1948032 2078837 + 40 215494 354707 -
3 2081826 2096513 + 40 198424 212953 +
3 2096841 2185083 + 40 98681 197657 -
3 2236911 2288176 + 40 47199 98395 -
3 2296692 2334748 + 40 876 46587 -
3 3918232 4073154 + 40 356238 515324 +
3 4095624 4096839 + 40 515565 516668 +
3 3635327 3721871 + 42 590 97088 +
3 3730017 3914328 + 42 101368 297423 +
3 2189940 2192388 + 17 82230 84660 +
3 2194140 2195818 + 26 499119 500785 +
3 4261982 4263746 + 29 666291 668068 +
3 749441 758644 + 37 600510 607370 +
3 954593 957726 + 48 45870 49000 -
3 320713 326580 + 148 11175 17075 -
3 1350797 1402723 + 44 1218 50731 +
3 1403949 1415194 + 44 51659 70099 -
3 1415818 1428401 + 44 73099 86150 -
3 1431572 1436802 + 44 87262 92111 -
3 1437858 1461671 + 44 92658 114967 -
3 1462704 1469680 + 44 115930 122653 -
3 1470488 1477752 + 44 123317 130294 +
3 1478279 1568647 + 44 165730 300799 +
3 791628 794421 + 101 3961 6817 +
3 1271168 1273294 + 68 59283 61412 +
3 941112 949160 + 53 47525 53997 -
3 2887448 2889593 + 50 282450 284733 +
3 1151376 1246343 + 73 722 98280 +
3 1247028 1249082 + 73 99318 101367 -
3 1250391 1252140 + 73 102380 104060 +
3 1274334 1336757 + 73 104496 183783 +
3 5206037 5268337 + 64 3562 119198 +
3 460986 522667 + 128 4567 67113 -
3 523483 682946 + 60 34991 240710 -
3 909982 912056 + 60 6161 8236 +
3 854502 858725 + 130 83568 87782 +
3 816207 817240 + 183 19277 20336 +
3 4278895 4280292 + 155 30334 31734 -
3 4851800 4855679 + 105 73675 77506 +
4 1267503 1270282 + 33 796425 798809 -
4 1292898 1366861 + 33 175804 254793 -
4 1367664 1397383 + 33 99764 130419 -
4 1398351 1403802 + 33 90668 96158 +
4 1412803 1417040 + 33 84474 88751 -
4 1421229 1434301 + 33 29449 50121 +
4 1435150 1442504 + 33 20197 28692 -
4 1489660 1499255 + 33 4963 16429 -
4 3842545 3846098 + 33 353049 356612 +
4 3849777 3928384 + 33 396272 487904 +
4 3929116 4142944 + 33 506765 720668 +
4 4147037 4155709 + 33 724245 733064 -
4 4156047 4230143 + 33 733915 796212 +
4 4241694 4246942 + 33 800940 832847 +
4 4248401 4249632 + 33 864171 865393 +
4 4301833 4329844 + 33 866451 900385 +
4 4330760 4333330 + 33 910461 912956 -
4 4334123 4339152 + 33 914586 919413 +
4 4851997 4927210 + 33 255642 341374 +
4 4938092 4942083 + 33 343331 347364 -
4 3513394 3681511 + 7 453837 655432 -
4 3681959 3742579 + 7 354008 448993 -
4 3769965 3839560 + 7 265952 353308 -
4 4684017 4700375 + 7 8276 28424 +
4 4701327 4806893 + 7 99589 212511 +
4 4807725 4812561 + 7 213857 218390 -
4 4814352 4849764 + 7 220562 256059 +
4 5628746 5643848 + 7 662597 678363 -
4 5791659 5793836 + 7 659875 662021 +
4 5991493 5995082 + 2 361067 364614 -
4 4975740 4986520 + 97 36957 43453 +
4 5744028 5747306 + 8 31871 35189 +
4 32305 58177 + 122 39873 74739 -
4 2019829 2025019 + 18 455771 460970 +
4 5239826 5246575 + 18 627699 634430 +
4 1031107 1036442 + 25 26338 31869 +
4 1067010 1068418 + 25 15269 16680 +
4 5212392 5215924 + 25 18147 21676 +
4 415620 431408 + 16 732890 748001 +
4 478119 502585 + 16 689306 724116 -
4 509320 511522 + 16 641212 645178 -
4 514005 541597 + 16 552245 638383 +
4 546638 653997 + 16 376551 548970 -
4 655152 681990 + 16 303054 354556 -
4 683837 695932 + 16 259070 273047 +
4 698400 703528 + 16 245940 257929 +
4 705108 706449 + 16 294431 295775 -
4 708573 709999 + 16 299565 301078 -
4 712233 717587 + 16 288435 294000 -
4 722204 723864 + 16 241346 242990 -
4 725677 726821 + 16 236947 238087 +
4 727972 729806 + 16 228331 230143 +
4 736928 741995 + 16 218313 223643 -
4 745971 761055 + 16 199569 213472 +
4 762184 819794 + 16 109513 196354 -
4 821193 829175 + 16 70741 78749 -
4 842741 871242 + 16 15580 69786 -
4 60020 63800 + 202 7002 10778 -
4 64758 98117 + 146 2184 57511 +
4 98738 101053 + 146 85736 88021 -
4 104305 113047 + 146 89354 106457 +
4 142141 162809 + 146 107773 130255 +
4 1077356 1085119 + 50 268442 276426 +
4 1525650 1551997 + 55 240911 266743 +
4 1554621 1745037 + 55 686 239327 -
4 831095 842141 + 22 541571 552685 -
4 5324663 5327892 + 22 202732 214134 +
4 5035312 5038230 + 150 28762 31680 -
4 2708082 2718297 + 57 11060 18102 +
4 2738002 2915732 + 57 18428 200826 +
4 2916510 2934774 + 57 218622 249425 +
4 3763482 3764599 + 15 255199 256316 +
4 4944625 4966278 + 63 54433 76482 +
4 4996004 5009632 + 63 23630 37558 -
4 5645151 5676467 + 63 261660 301610 -
4 5679555 5697135 + 63 305239 326225 +
4 5697699 5743599 + 63 119800 179293 -
4 5752063 5785639 + 63 80136 115539 +
4 5794113 5796052 + 63 378465 380370 +
4 5796592 5805411 + 63 359421 368420 -
4 122847 127397 + 193 5413 10104 +
4 2722978 2726334 + 21 220299 223673 -
4 3028369 3051319 + 21 8701 31371 +
4 3083308 3085770 + 21 32990 35635 +
4 3086201 3116737 + 21 44442 77673 +
4 3117164 3138803 + 21 131084 152252 +
4 3140836 3261356 + 21 271893 417742 +
4 2071109 2336190 + 35 35201 417011 +
4 2379699 2388486 + 35 417736 432555 +
4 2393273 2467264 + 35 432980 508591 +
4 3306945 3310536 + 5 149279 153067 +
4 1924308 1928979 + 75 100680 105467 -
4 878675 883113 + 53 154896 159213 +
4 941850 944029 + 53 177172 179353 +
4 4283478 4289703 + 23 65611 71963 +
4 4265075 4274122 + 34 169817 177385 +
4 5924293 5927050 + 34 519802 523110 -
4 899409 903860 + 177 22320 26633 +
4 164702 197288 + 32 475034 520167 -
4 202653 218095 + 32 268583 299142 +
4 221004 223607 + 32 301163 303743 -
4 229697 241954 + 32 308891 343950 -
4 243716 247503 + 32 364551 368857 +
4 248024 319133 + 32 375838 463851 +
4 329735 355076 + 32 228998 264870 -
4 375083 409833 + 32 157850 206715 -
4 432081 435258 + 32 93924 97145 +
4 459434 463587 + 32 137770 141901 +
4 4343693 4624517 + 19 40877 324433 +
4 4660192 4683565 + 19 325235 349178 +
4 5044457 5076168 + 19 380143 409861 -
4 5089760 5119913 + 19 410655 443387 +
4 3264546 3306699 + 92 1532 44880 +
4 3314442 3394048 + 92 46809 159280 +
4 908870 911516 + 101 134951 137589 +
4 1054936 1056681 + 120 89981 91810 -
4 3074092 3082395 + 9 420877 430066 -
4 1745676 1805803 + 80 270851 341728 -
4 1808204 1850862 + 80 163966 220519 -
4 1852195 1856705 + 80 139791 144585 -
4 1859461 1875468 + 80 147270 163188 -
4 1876037 1880136 + 80 127244 131455 -
4 1932725 1934370 + 80 132825 134577 +
4 1934667 2017847 + 80 42634 125973 -
4 2051277 2069822 + 80 23455 41924 -
4 4988526 4989630 + 31 105931 107057 +
4 1141064 1144366 + 29 412683 415982 +
4 365516 366543 + 47 91021 92050 -
4 5860144 5862842 + 47 22643 25372 +
4 3062410 3063532 + 52 91346 92711 -
4 1068599 1071428 + 20 658446 661287 -
4 5958869 5962746 + 20 321504 325412 +
4 5012259 5014013 + 163 41810 43570 -
4 5080742 5086416 + 163 23905 29178 +
4 5806759 5847139 + 86 66260 170217 -
4 5869856 5871065 + 86 58749 59976 +
4 1469566 1472095 + 3 1020701 1023233 +
4 3262631 3263757 + 236 3918 5081 +
4 1002169 1004885 + 182 3305 6044 -
4 2030800 2032207 + 11 61083 62493 +
4 4967024 4974138 + 11 500336 508379 -
4 5120449 5195317 + 11 508645 572847 -
4 5196320 5205926 + 11 489372 499332 -
4 5250884 5308141 + 11 380826 481990 -
4 5332878 5389936 + 11 323168 379857 -
4 5394756 5395790 + 11 314686 315726 +
4 5396292 5455765 + 11 256001 313238 -
4 5458402 5475438 + 11 233639 251186 +
4 5479242 5568447 + 11 147813 232170 -
4 5570955 5627770 + 11 1842 57230 -
4 947613 954927 + 26 491113 498030 +
4 4641245 4647577 + 26 510635 517039 -
4 2567083 2587861 + 180 2046 29196 +
4 2467446 2565915 + 131 20828 117549 +
4 2389635 2391316 + 121 88506 90162 +
4 4658578 4659700 + 151 381 1491 +
4 2355213 2358438 + 72 98553 101787 -
4 1046749 1053077 + 56 131279 137801 -
4 1088082 1125375 + 56 183330 222138 +
4 1173836 1193617 + 56 222699 242796 +
4 1202777 1255697 + 56 258976 314079 -
4 1256473 1258469 + 56 255774 257748 +
4 1259855 1265578 + 56 248736 254299 -
4 1278404 1292184 + 56 315770 329042 +
4 3395166 3512507 + 56 361199 492319 -
4 4928581 4930026 + 56 337240 338643 -
4 4931372 4937426 + 56 330257 336435 +
4 5787169 5789151 + 56 352600 354657 +
4 1059808 1063484 + 84 73083 75808 -
4 887929 891716 + 95 48538 52327 +
4 2370653 2375480 + 113 100326 105162 +
4 927863 932018 + 123 22650 26832 +
4 990150 996554 + 123 77507 84262 -
4 2590116 2707055 + 98 39986 139415 -
4 1476491 1479318 + 129 14827 17657 +
4 5891173 5914378 + 104 86583 131382 -
4 5937730 5950702 + 104 62620 83957 -
4 1465228 1466770 + 62 25165 26701 -
4 1503359 1525118 + 176 4303 27516 -
4 3311347 3312909 + 114 72619 74194 -
4 2936336 2991373 + 134 3412 63394 +
4 2996946 3015385 + 178 6582 22551 -
4 3020452 3022248 + 178 2240 4043 +
5 1089712 1091891 + 24 386713 388913 +
5 6084832 6116477 + 24 529777 594764 -
5 6117449 6119558 + 24 525257 528998 +
5 6122950 6177471 + 24 449407 518569 -
5 6198696 6210839 + 24 406387 423637 +
5 6221902 6222953 + 24 349224 350308 -
5 6225152 6274007 + 24 245487 338441 -
5 6275552 6280457 + 24 223900 229041 +
5 6293192 6312434 + 24 151615 173089 -
5 6313095 6340886 + 24 122335 151296 +
5 6342441 6345964 + 24 117498 121531 +
5 6346443 6360224 + 24 100338 114245 -
5 6364026 6365090 + 24 98720 99785 +
5 6366552 6371440 + 24 91695 96979 +
5 6372102 6409748 + 24 13037 88998 -
5 3922905 3925613 + 29 678750 681322 +
5 4478245 4840347 + 29 1475 407419 +
5 4841287 5043766 + 29 443453 661816 +
5 1070440 1074434 + 141 35554 39126 +
5 1204979 1208105 + 35 23291 26415 +
5 5895005 5900307 + 50 137877 143362 +
5 1148771 1154260 + 3 172511 177900 -
5 3926217 3929236 + 3 850798 853855 -
5 5913569 5914590 + 3 1278892 1280021 +
5 946005 947450 + 53 254873 256546 +
5 1218622 1223842 + 54 347742 354322 -
5 1228531 1345779 + 54 186575 346740 +
5 1345992 1358810 + 54 170461 185649 -
5 1359081 1369763 + 54 158098 168848 +
5 1371450 1447542 + 54 89793 157827 -
5 1449356 1461804 + 54 75606 88730 +
5 1463675 1518800 + 54 8764 72255 -
5 1534407 1536178 + 54 1438 3205 +
5 2598276 2600516 + 54 381636 387384 -
5 1076726 1078354 + 118 4937 6586 +
5 1210093 1213184 + 118 8758 11927 +
5 5710127 5712010 + 75 91897 93812 -
5 2416565 2422750 + 72 13260 30875 +
5 6180202 6182803 + 22 256441 259090 -
5 1004649 1008167 + 147 8068 11583 -
5 592911 596337 + 2 372444 375873 -
5 1192472 1195998 + 157 10589 14112 -
5 4241739 4249256 + 68 174632 191085 -
5 1055618 1059389 + 149 16259 21503 -
5 1525654 1533776 + 142 2711 10771 -
5 1539295 1572491 + 142 12156 44362 +
5 903638 917139 + 101 186674 194103 +
5 1224997 1228125 + 1 605595 608614 +
5 5228338 5232135 + 1 1213445 1217229 -
5 923811 928295 + 34 232525 237003 +
5 1155311 1162084 + 34 480137 486903 +
5 1799130 1879771 + 36 182648 262491 -
5 1885535 1892459 + 36 174227 181134 +
5 2735044 2758749 + 36 263031 288139 +
5 2759194 2767513 + 36 316366 324806 +
5 2770274 2778102 + 36 326232 335348 -
5 5158538 5165212 + 36 167228 173817 -
5 5165698 5172089 + 36 16023 22473 +
5 5173161 5216694 + 36 54025 97296 +
5 5216958 5226292 + 36 129032 140438 +
5 5238618 5247201 + 36 538 14071 -
5 6032183 6058918 + 119 1998 56995 +
5 1117918 1120148 + 103 3278 5671 +
5 18956 73470 + 13 835 59747 +
5 82474 130329 + 13 72228 149272 +
5 133092 158610 + 13 159614 183587 +
5 160909 163650 + 13 150612 153391 -
5 166487 254340 + 13 194932 284059 +
5 269919 303717 + 13 296617 337862 +
5 305418 318025 + 13 339678 352108 -
5 322360 345124 + 13 366567 425640 +
5 348488 352443 + 13 428377 432257 -
5 353390 381779 + 13 432862 470281 +
5 382552 395562 + 13 472352 492228 -
5 5494705 5496124 + 31 109648 111381 +
5 690282 694288 + 174 27566 32175 -
5 696049 700820 + 174 21701 26831 +
5 701772 707971 + 174 12847 19021 +
5 580706 584245 + 4 326116 328784 -
5 1880421 1884877 + 18 816530 820895 +
5 1893805 2061129 + 18 643933 815991 -
5 2061339 2211254 + 18 468836 624601 -
5 2211553 2361409 + 18 294760 439895 -
5 2362225 2374679 + 18 280656 292569 +
5 2375694 2391095 + 18 263386 279982 -
5 2391526 2404652 + 18 247233 260149 +
5 2408014 2415996 + 18 238804 246465 -
5 2423111 2494166 + 18 166894 238114 -
5 2494999 2503503 + 18 157366 165715 +
5 2504183 2508646 + 18 153491 156761 -
5 2509077 2521319 + 18 141102 153212 +
5 2521897 2593893 + 18 62628 140236 -
5 2625818 2680590 + 18 8894 62550 -
5 5045463 5156945 + 18 824038 931897 -
5 4035118 4036515 + 44 147294 148694 +
5 1176601 1179690 + 37 543553 546639 +
5 3093258 3432452 + 38 466 439188 +
5 3447670 3483016 + 38 439273 474510 +
5 1199783 1204177 + 113 16756 21264 -
5 5900411 5903021 + 57 1638 4278 -
5 628937 687585 + 129 20494 89106 +
5 5247584 5261227 + 15 467 18044 +
5 5264988 5301092 + 15 21573 58471 -
5 5301965 5457144 + 15 60240 204489 +
5 5458021 5466576 + 15 205896 214209 -
5 5467296 5481019 + 15 215427 228670 -
5 5481344 5493449 + 15 229015 241482 +
5 5497917 5505657 + 15 247910 254917 +
5 5507621 5540109 + 15 262928 311770 +
5 5545320 5574920 + 15 336023 365378 +
5 5576804 5636257 + 15 377071 434391 +
5 5636818 5650165 + 15 434948 476113 -
5 5650535 5655749 + 15 477097 482243 +
5 5714191 5803026 + 15 486048 573278 +
5 5805712 5820212 + 15 576347 590244 -
5 5822332 5872608 + 15 591212 659195 +
5 5872703 5889959 + 15 679108 696151 -
5 5917110 5936409 + 15 662040 677632 -
5 5939156 5942629 + 15 697578 700940 -
5 5946638 5969861 + 15 705556 779725 +
5 5978141 5980052 + 15 780970 782937 -
5 6024024 6028306 + 15 786899 791735 +
5 4054877 4057795 + 16 99282 102405 -
5 1520818 1525336 + 88 116048 120470 +
5 5667084 5669273 + 88 44433 46628 -
5 1122434 1127413 + 63 187572 191899 +
5 3026550 3092126 + 132 1485 93238 +
5 967695 972158 + 187 16728 21182 -
5 712494 717510 + 196 3717 15515 +
5 397510 455154 + 105 3933 65783 +
5 455252 472858 + 105 79017 98434 +
5 748295 771252 + 105 112329 134167 -
5 4463846 4465578 + 33 59258 60965 -
5 5984259 5989048 + 33 145978 150962 +
5 2933706 2966302 + 121 123011 157897 -
5 2966499 2974325 + 121 102950 110654 -
5 2976472 2980178 + 121 67892 71601 +
5 2981336 2984989 + 121 26334 30249 -
5 2986546 3004863 + 121 40567 64863 +
5 3006063 3026485 + 121 1385 21652 -
5 481967 528868 + 45 601797 636331 -
5 532545 545855 + 45 581215 597468 +
5 547776 549430 + 45 579030 580631 +
5 551055 558443 + 45 559721 567329 -
5 559812 579821 + 45 452128 479079 -
5 614816 626048 + 45 437850 451742 -
5 6417705 6419594 + 66 215522 217425 -
5 1616240 1679430 + 108 16891 111906 +
5 1681376 1707571 + 108 112993 128062 -
5 1714626 1729715 + 108 140181 162262 +
5 1741310 1798499 + 115 58741 111197 -
5 2681058 2733008 + 115 3559 56776 +
5 2779393 2927513 + 77 776 223887 +
5 2927788 2932360 + 77 229571 234212 +
5 5891894 5894469 + 77 226096 228698 -
5 3483653 3515519 + 59 1027 32821 +
5 3515706 3724927 + 59 42693 261517 +
5 1187563 1189113 + 67 120112 121656 -
5 2603470 2605280 + 61 217789 219617 +
5 1043586 1046737 + 109 74938 78155 +
5 6184011 6187508 + 109 116082 119644 +
5 719151 744925 + 155 3747 28536 -
5 994442 997223 + 56 87574 90359 -
5 1137683 1139824 + 56 5205 7313 +
5 3435276 3439159 + 148 73059 76981 +
5 3725791 3750042 + 23 532 34334 +
5 3751370 3764876 + 23 75519 88958 -
5 3765839 3774180 + 23 37494 45715 -
5 3774958 3906839 + 23 90093 221590 +
5 3932239 4033018 + 23 222061 340295 +
5 4065603 4110334 + 23 340965 386025 +
5 4111013 4234719 + 23 403547 526946 +
5 4249549 4390438 + 23 527721 687879 +
5 4390664 4392810 + 23 688274 691428 -
5 4394162 4419543 + 23 693355 721435 +
5 1574407 1599078 + 151 3282 30067 +
5 1607294 1615579 + 151 34992 43041 -
5 6414332 6416285 + 156 10266 12199 +
5 6420594 6421960 + 156 15663 17253 +
5 798064 817249 + 111 3416 24650 +
5 818523 891315 + 111 37534 108173 +
5 4421783 4441381 + 154 27826 51637 +
5 4473223 4477777 + 154 52677 57211 +
6 2820824 2824859 + 34 179187 183213 -
6 2871285 2875072 + 34 92272 96432 -
6 2796380 2800515 + 53 93731 97865 +
6 1408 46747 + 83 97654 174675 -
6 47487 56124 + 83 74233 83292 -
6 60954 62540 + 83 68903 70528 +
6 64822 72828 + 83 89867 97000 -
6 77512 94892 + 83 25930 43341 +
6 101374 103915 + 83 45327 48007 -
6 120903 137564 + 83 50091 67904 +
6 138537 157682 + 83 1598 24301 -
6 2828628 2832179 + 3 1237484 1241112 -
6 1908707 1910146 + 15 320681 322105 -
6 2776385 2778622 + 63 218728 221007 +
6 1820123 1821980 + 33 906792 908642 -
6 2787331 2790868 + 17 456264 459796 -
6 3152717 3176970 + 17 397740 426644 +
6 3213399 3230801 + 17 356680 373911 -
6 3240944 3286941 + 17 297575 342676 -
6 3288772 3300438 + 17 283466 295153 +
6 3305594 3334609 + 17 229313 276940 -
6 3339910 3468466 + 17 93132 228328 -
6 3470332 3476329 + 17 67960 75205 -
6 3479945 3495471 + 17 52285 64180 -
6 3498236 3556904 + 17 14838 43611 -
6 1805750 1813119 + 98 2524 17584 -
6 2917834 2919804 + 39 161377 162659 +
6 939329 1004853 + 27 12125 85699 +
6 1006899 1026058 + 27 87567 106753 -
6 1026865 1038267 + 27 150338 162963 -
6 1041467 1069677 + 27 120759 150071 +
6 1089248 1094987 + 27 108806 114629 -
6 1096157 1236036 + 27 163830 287282 +
6 1239273 1245946 + 27 291084 297889 -
6 1248205 1317496 + 27 299432 397221 +
6 1318831 1328370 + 27 398953 410257 -
6 1340468 1427396 + 27 413123 528637 +
6 1427574 1727308 + 27 541810 871458 +
6 2913297 2916464 + 27 8181 11293 -
6 160068 184809 + 31 346139 371956 -
6 185156 196519 + 31 323239 345075 +
6 198181 226429 + 31 275603 321703 -
6 227727 240815 + 31 149519 162203 +
6 243844 257289 + 31 163270 176821 -
6 258456 296434 + 31 178313 207653 -
6 297560 332141 + 31 210353 246799 -
6 339441 349993 + 31 258076 274436 +
6 398587 413892 + 31 119166 142369 +
6 415640 422648 + 31 94492 105186 +
6 423781 427944 + 31 45616 89036 -
6 4012977 4014598 + 31 18297 22040 -
6 2689630 2692970 + 121 76677 80026 -
6 2848371 2849828 + 56 56742 58799 -
6 3073714 3076203 + 56 138161 140796 -
6 2645471 2647410 + 80 19402 21314 -
6 2697859 2699449 + 7 75338 76937 -
6 2893532 2897988 + 7 48222 52688 -
6 2560001 2644345 + 110 155450 240347 -
6 2651855 2663897 + 110 142915 155251 -
6 2664421 2676669 + 110 100217 112335 -
6 2700206 2769572 + 110 28366 99900 -
6 3781936 3794279 + 107 3044 6256 -
6 2818138 2820233 + 111 190378 192870 +
6 2973631 2974948 + 25 84980 86294 -
6 384996 387835 + 41 53146 56056 -
6 3705924 3712067 + 48 73164 80350 +
6 3713999 3718187 + 48 148512 169597 -
6 3724777 3727017 + 48 144422 147491 +
6 3727799 3735153 + 48 106420 119711 -
6 3736552 3741949 + 48 90276 99380 -
6 3745827 3780904 + 48 169937 213246 +
6 3796189 3806213 + 48 215687 229422 +
6 3807383 3827191 + 48 231011 251234 -
6 3832992 3863047 + 48 259772 289248 +
6 2804848 2809094 + 94 97305 101542 -
6 374028 375736 + 243 2477 4460 +
6 4128937 4146282 + 95 9715 26872 +
6 4148369 4157409 + 95 78175 91481 +
6 3076602 3150548 + 61 124068 195359 +
6 3177194 3195650 + 61 197273 216402 -
6 375742 377170 + 228 56 1372 +
6 3054348 3057009 + 75 143550 146285 +
6 2841163 2842539 + 36 113839 115407 -
6 4177673 4181102 + 62 5040 8472 -
6 3335211 3339174 + 11 318778 322912 -
6 1728635 1795046 + 10 5507 60873 +
6 1823960 1837278 + 10 69416 82702 +
6 1837851 1842883 + 10 84660 89705 -
6 1853214 1886920 + 10 90807 123654 +
6 1912797 1977141 + 10 126269 192678 +
6 1977845 1986796 + 10 193729 202582 -
6 1989141 2103255 + 10 203783 348487 +
6 2103769 2106981 + 10 349135 352204 -
6 2107696 2352017 + 10 352821 609268 +
6 2355786 2374411 + 10 619039 638092 -
6 2375101 2558349 + 10 640339 838258 +
6 446076 448744 + 184 8422 11167 -
6 457179 461799 + 114 18624 28061 +
6 473100 487065 + 114 53785 70996 +
6 489590 527202 + 28 478190 513003 +
6 534037 599214 + 28 412227 474075 -
6 625743 658272 + 28 368369 406196 +
6 663971 718030 + 28 245228 302723 -
6 718583 722477 + 28 240715 244616 +
6 726241 778217 + 28 178432 237343 -
6 780534 816931 + 28 133930 177887 +
6 817272 938596 + 28 3561 132032 -
6 2943478 2945894 + 147 45113 47744 -
6 1086301 1087383 + 9 303651 304739 +
6 3967779 4011008 + 137 16184 86379 -
6 4020223 4027669 + 137 8486 15849 -
6 3865206 3867551 + 124 96884 99209 -
6 3870953 3891828 + 124 45439 86446 +
6 3892061 3895871 + 124 40660 44848 +
6 3896209 3898542 + 124 33212 35397 -
6 3926628 3946839 + 124 10788 31312 +
6 3556921 3593137 + 74 135313 186539 -
6 3594270 3629330 + 74 92441 132622 +
6 3653892 3663868 + 74 54729 76491 +
6 3672158 3700164 + 74 7311 35168 -
6 4056341 4061237 + 117 15910 20906 +
6 4063880 4072286 + 117 22105 27915 -
6 4072465 4128547 + 117 28588 107402 +
6 3238038 3240620 + 81 307534 310149 -
6 2999960 3004394 + 60 13391 17816 +
6 4035488 4053817 + 167 23922 39885 +
6 3898642 3918610 + 159 11892 32770 -
6 3948224 3956755 + 159 33391 43775 -
6 3957575 3964549 + 159 46037 52530 +
7 257826 259447 + 62 226830 228393 -
7 264821 267601 + 62 232810 235975 +
7 312465 313998 + 62 229126 230528 +
7 314330 316190 + 62 221915 223934 -
7 1377161 1433827 + 62 31559 122950 +
7 1444974 1457986 + 62 123171 142154 +
7 1458963 1502682 + 62 164253 207196 +
7 2416109 2418624 + 62 158344 160868 -
7 114797 125782 + 96 92694 106054 +
7 128052 135063 + 96 113040 119934 -
7 159918 185578 + 96 57167 89561 -
7 193146 221148 + 96 27556 57094 -
7 812043 818230 + 3 655056 662404 -
7 2142409 2143742 + 3 1032381 1033767 +
7 2332123 2335093 + 24 342765 345822 +
7 2261093 2262694 + 15 256703 258313 -
7 1011011 1013607 + 8 614689 617294 +
7 1442605 1443884 + 8 174571 175853 +
7 2804890 2809067 + 8 636349 643346 -
7 1341847 1343168 + 47 171871 173207 +
7 2279443 2285203 + 110 14136 19900 +
7 2483306 2741242 + 20 364977 609782 -
7 2741670 2796995 + 20 250685 307138 -
7 2811299 2841761 + 20 220673 250506 -
7 2842676 2847936 + 20 214805 219873 +
7 2849087 2853627 + 20 207303 212111 -
7 2854335 2855529 + 20 205840 206994 +
7 2858172 2903721 + 20 147865 201095 -
7 3513685 3622696 + 20 2873 113998 +
7 3626668 3650085 + 20 122160 146736 -
7 2176786 2182641 + 127 88035 92431 -
7 2427383 2430333 + 9 459800 462815 -
7 2905786 2920155 + 9 306482 321189 -
7 2931877 3052354 + 9 157043 301001 -
7 3053648 3083166 + 9 127599 156190 +
7 3083918 3096069 + 9 113365 125455 +
7 3097986 3099068 + 9 111005 112246 -
7 3100388 3170589 + 9 35897 107790 +
7 3172067 3199325 + 9 903 34240 -
7 3729817 3762620 + 9 835839 869904 -
7 3765251 3773866 + 9 825678 834265 +
7 3775342 3822229 + 9 771806 823827 -
7 3830744 3831870 + 9 753247 754383 +
7 3833133 3867702 + 9 685788 749015 -
7 3869461 3889290 + 9 663891 683941 +
7 3891384 3897550 + 9 654100 660035 +
7 3898744 3936167 + 9 603132 652063 -
7 3938166 3960868 + 9 520608 548448 -
7 3962296 3972217 + 9 498040 519969 +
7 3976051 4033946 + 9 353076 418572 -
7 4036119 4041474 + 9 323379 329158 +
7 1048964 1050791 + 34 197186 199013 -
7 2135613 2141290 + 34 539851 545437 -
7 2454242 2458718 + 34 204658 209126 -
7 222524 256211 + 40 619815 661129 -
7 269753 273875 + 40 553498 557485 +
7 292898 305549 + 40 557820 615690 +
7 586994 610319 + 40 661871 686295 +
7 624956 650967 + 40 687169 712405 +
7 949618 1007148 + 51 2245 64646 +
7 1028068 1039379 + 51 65300 76481 +
7 1079163 1181430 + 51 77123 146908 +
7 1067509 1069781 + 118 105232 108048 -
7 2220806 2225750 + 41 163602 168611 -
7 2373557 2377691 + 41 71095 75225 -
7 185842 191902 + 37 369337 371773 -
7 3414463 3417288 + 37 569711 574260 +
7 1207 58200 + 46 40527 167249 +
7 59240 107792 + 46 193296 263677 +
7 2439266 2441273 + 17 46368 48459 -
7 2152643 2156142 + 36 47066 50401 -
7 1824441 1825833 + 22 566565 568162 +
7 2401615 2402852 + 22 179260 180548 -
7 3654263 3729252 + 22 5261 114294 -
7 4043546 4059195 + 22 223917 240729 -
7 4062450 4064689 + 22 192785 194961 -
7 4066706 4104599 + 22 117767 166918 -
7 4106285 4116505 + 22 315607 325385 -
7 4118433 4126446 + 22 357053 365499 +
7 4127029 4196135 + 22 373497 465510 -
7 4200613 4228497 + 22 468704 484593 +
7 4229101 4233793 + 22 534385 539062 +
7 2420168 2424264 + 1 1833169 1837256 -
7 278607 284732 + 45 531016 537345 -
7 321704 325789 + 45 324537 328539 +
7 352880 377230 + 45 330642 354581 +
7 387993 392153 + 45 309404 313492 -
7 394423 426671 + 45 255743 292869 +
7 426953 432334 + 45 304010 309073 -
7 433248 438658 + 45 248199 253604 -
7 443674 450993 + 45 239533 246365 +
7 453137 458454 + 45 226250 230990 +
7 461492 584802 + 45 75767 223538 -
7 1183065 1184107 + 45 9961 11033 -
7 1184592 1196739 + 45 11747 28181 +
7 1197838 1201147 + 45 28392 31761 -
7 1201567 1225592 + 45 34820 67541 +
7 1503870 1583102 + 45 354946 433334 +
7 2473477 2481573 + 32 115473 121500 +
7 1879420 1880478 + 85 303655 305145 -
7 754562 762767 + 49 262680 270907 -
7 764532 767038 + 49 228122 230568 -
7 769886 771802 + 49 225276 227171 +
7 772630 810880 + 49 184663 222297 -
7 818554 857076 + 49 145229 184185 -
7 858131 859338 + 49 140074 141362 +
7 859671 930368 + 49 72282 139847 -
7 933712 942162 + 49 34236 44718 -
7 943428 944864 + 49 22414 23870 +
7 1228678 1318372 + 100 30385 126433 -
7 1345119 1361988 + 100 8599 26312 -
7 1059244 1062029 + 121 118276 121072 -
7 1584550 1823642 + 25 427945 825876 -
7 1835761 1877135 + 25 331033 427167 -
7 1882675 2075849 + 25 135776 329268 -
7 2105609 2134894 + 25 107822 134712 -
7 2149942 2151671 + 33 856770 858499 +
7 4238868 4242391 + 33 133681 137201 -
7 342331 346284 + 6 120144 124091 -
7 2234800 2235814 + 6 572094 573099 -
7 1828838 1832627 + 23 389124 392981 -
7 2362083 2369185 + 56 148591 155735 +
7 4234824 4235829 + 13 62614 63623 +
7 2242753 2247098 + 88 29380 35905 -
7 2156459 2159283 + 28 354683 357540 -
7 2464364 2469179 + 71 24569 28440 +
7 3201405 3404428 + 69 1814 210865 +
7 3441419 3510487 + 69 237492 305840 +
7 1362114 1367102 + 172 31630 37031 -
7 1367363 1377018 + 172 3711 17366 -
7 615308 617559 + 61 106554 110924 +
7 652628 721124 + 145 4309 69418 -
7 722312 749957 + 165 5931 34004 +
7 2431258 2435729 + 53 222696 227158 -
7 2078878 2091298 + 79 38884 42486 +
7 2309555 2313484 + 79 32545 36465 -
7 2343724 2348586 + 120 60935 66913 -
8 180062 184810 + 219 2310 7254 +
8 66462 73063 + 208 2600 9228 -
8 84119 90720 + 211 3011 9639 -
8 169877 171683 + 13 289733 291162 +
9 94256 100574 + 206 3451 9799 +
10 54296 60558 + 79 51984 58316 +
10 16609 17687 + 53 11302 12380 +
10 95750 99851 + 34 361051 365194 +
10 1202 2585 + 52 15679 18463 +
10 30168 31824 + 85 3539 5261 -
10 35375 38727 + 40 723632 726993 -
10 72996 74013 + 107 73652 74676 +
10 111285 115546 + 31 12926 17259 +
10 89155 93252 + 47 372823 377115 +
11 14664 18018 + 14 10767 14135 -
11 20086 25099 + 114 36034 41168 +
13 3684 5338 + 113 111595 113255 +
