1 2333623 2336211 + 28 678790 681164 +
1 2368391 2381664 + 33 7129 24064 +
1 2404581 2442449 + 33 24203 63530 +
1 2443447 2480634 + 33 64517 102961 -
1 2481070 2679099 + 33 120209 332053 +
1 2680730 2708335 + 33 381005 409066 -
1 5742704 5756661 + 47 265054 271796 -
1 1298 13306 + 98 260793 272962 +
1 45564 47843 + 98 273519 275854 +
1 192988 195240 + 98 237341 241578 -
1 211895 213156 + 98 201916 205555 -
1 216352 258594 + 98 98323 192790 +
1 260716 296531 + 98 58722 81573 -
1 17934 44557 + 81 418284 441503 +
1 49265 117079 + 81 279666 392662 -
1 117372 127882 + 81 236704 246704 -
1 130325 143383 + 81 167647 193186 +
1 144782 156575 + 81 60379 71884 +
1 157930 187930 + 81 91080 163941 +
1 5542437 5544563 + 81 251229 253083 +
1 3647552 3659035 + 5 1950874 1960536 -
1 3850551 3852874 + 30 48914 51167 -
1 9166987 9173177 + 30 323167 329530 -
1 9386944 9405352 + 30 487069 545586 -
1 9436509 9461063 + 30 556655 580616 -
1 9463712 9480366 + 30 590106 605811 +
1 9515399 9567217 + 30 607661 669382 +
1 9567724 9591539 + 30 682678 720531 +
1 9591579 9592865 + 30 721352 722625 -
1 9594501 9638999 + 30 723538 787996 +
1 9640064 9647143 + 30 674235 681231 -
1 9650517 9704857 + 30 789609 846069 +
1 9759275 9767027 + 30 853800 864696 +
1 305703 366792 + 56 40327 105584 +
1 367035 393153 + 56 206793 238387 +
1 3968682 3970036 + 56 187412 188771 -
1 6447702 6449334 + 56 150579 152197 +
1 5808709 5868466 + 57 1230 55614 +
1 8058854 8132324 + 57 84749 243727 -
1 8450872 8470875 + 57 57361 77836 +
1 8471026 8475422 + 57 78018 82429 -
1 8240175 8246360 + 13 779454 785637 -
1 881155 885761 + 39 62076 66664 -
1 5394975 5402123 + 52 388740 396162 -
1 5806063 5808174 + 52 379049 381151 -
1 6261230 6262528 + 52 1138199 1139505 -
1 3478648 3483655 + 4 2162136 2167254 +
1 5868911 5919953 + 15 477994 530856 -
1 5944460 5955155 + 15 467248 477899 -
1 5977013 6047721 + 15 391694 466420 -
1 6070558 6091679 + 15 263005 316512 -
1 6093172 6116172 + 15 210487 261845 +
1 6117623 6244743 + 15 1031 208715 -
1 8330389 8450515 + 15 532621 712145 -
1 8993716 8998871 + 74 8656 13760 +
1 4023674 4026335 + 31 268530 269991 +
1 6298372 6299390 + 31 54849 55867 -
1 594512 596281 + 97 118880 120650 +
1 644292 668607 + 97 91445 115262 -
1 698748 741353 + 97 3443 88226 -
1 7886756 7939334 + 78 11238 124379 +
1 7939864 7975670 + 78 124758 159879 -
1 7976223 8058397 + 78 160667 307797 +
1 3986996 4009471 + 20 1260637 1283265 -
1 4096085 4335090 + 20 1019888 1255633 -
1 4356224 4364574 + 20 1008459 1018269 -
1 4365083 4366499 + 20 1004620 1006032 +
1 4367353 4482302 + 20 882477 1004310 -
1 4483319 5188635 + 20 35626 869494 -
1 5190034 5208636 + 20 13435 31210 -
1 6245102 6248049 + 50 431343 436429 -
1 6263048 6297061 + 50 384944 428415 -
1 6333470 6383467 + 50 331251 380173 -
1 6459131 6710221 + 50 939 290557 -
1 205245 207524 + 51 555187 557622 -
1 8833359 8838662 + 51 605767 613024 -
1 8839263 8929296 + 51 450074 552257 -
1 8930647 8934892 + 51 440884 445514 +
1 8939693 8959380 + 51 419411 438350 -
1 8960745 8975773 + 51 401725 416461 +
1 8976084 8991824 + 51 385323 400628 -
1 9001767 9010219 + 51 375758 383630 -
1 9019711 9030471 + 51 363387 373895 +
1 9031780 9102605 + 51 258474 330301 -
1 9105484 9114040 + 51 248601 256961 +
1 9115805 9151308 + 51 211923 245863 -
1 9154395 9161410 + 51 154348 161126 +
1 9175876 9182369 + 51 163559 170017 +
1 9184691 9224485 + 51 106425 152504 +
1 9226808 9256173 + 51 171693 201172 +
1 9256554 9263649 + 51 202741 210186 -
1 9266199 9385829 + 51 19180 99402 -
1 9408605 9424303 + 51 3317 17836 +
1 3861527 3863193 + 61 18116 19655 +
1 7515762 7571058 + 18 471504 524913 -
1 7571522 7733014 + 18 271917 442243 -
1 7734961 7886062 + 18 840 247752 -
1 3955689 3962500 + 16 1447102 1453940 -
1 6710996 6903953 + 16 1218642 1411500 +
1 6905843 7029966 + 16 1506628 1706455 +
1 7030773 7040197 + 16 1754277 1763758 +
1 8132920 8190493 + 16 631421 695153 -
1 8192692 8227082 + 16 548123 587820 -
1 8267229 8330248 + 16 496848 547047 -
1 8477671 8582772 + 16 695681 844769 +
1 8584539 8786537 + 16 870690 1217167 +
1 4353287 4354910 + 72 187679 189290 +
1 4082508 4088456 + 85 29004 35157 -
1 9741768 9749253 + 6 75704 83414 +
1 3803673 3814449 + 1 1574 6169 -
1 4336106 4339181 + 41 219019 222094 +
1 9725975 9727990 + 41 257739 259734 +
1 3756174 3757497 + 9 336423 337738 -
1 3757774 3759698 + 9 221833 223731 -
1 3774675 3781743 + 9 224489 231571 +
1 3879236 3880912 + 9 141034 142785 -
1 3898347 3902807 + 9 313485 317936 -
1 455217 461938 + 103 62249 69278 +
1 3432077 3461992 + 62 1143 30650 +
1 3463322 3476625 + 62 46411 59532 -
1 3496076 3510452 + 62 31339 45560 -
1 3511086 3641443 + 62 63116 155049 +
1 3664328 3679921 + 62 155505 171981 +
1 3695442 3699920 + 62 337232 341706 -
1 3708763 3714144 + 62 173667 179763 +
1 3730203 3734711 + 62 184752 189246 +
1 3720067 3721703 + 24 357798 359428 +
1 4034267 4048082 + 24 304593 316955 -
1 5958315 5959996 + 24 328288 329957 +
1 6388483 6391289 + 24 283828 286601 +
1 3746876 3752610 + 67 11870 15847 -
1 5929790 5932004 + 44 342024 344231 -
1 7040978 7119295 + 23 507289 601750 -
1 7122020 7125174 + 23 481168 484276 -
1 7127374 7491803 + 23 26980 420684 -
1 7493044 7504144 + 23 1979 26619 +
1 742504 871994 + 43 188326 327442 -
1 925154 942971 + 43 164448 187715 -
1 946580 974291 + 43 130838 163091 +
1 974883 1011034 + 43 92600 128497 -
1 1012330 1013778 + 43 1070 2467 -
1 2709020 2840257 + 43 372432 540955 -
1 9481673 9482680 + 96 120210 121271 +
1 1023450 1201201 + 21 296990 511996 -
1 1201661 1219187 + 21 251609 279809 +
1 1229677 1245917 + 21 280154 295843 +
1 1247182 1290164 + 21 211375 250890 -
1 1291196 1296045 + 21 204097 209068 +
1 1298312 1413631 + 21 91876 203149 -
1 1416300 1434925 + 21 70364 89881 +
1 1438320 1498947 + 21 5521 66534 -
1 8228056 8229820 + 26 210167 214221 +
1 9772802 9781911 + 26 812750 822120 +
1 673330 679894 + 11 334510 340968 +
1 1963088 1990604 + 11 25364 60513 +
1 1991376 2100894 + 11 188747 316250 +
1 2103243 2273346 + 11 345091 550493 +
1 2342658 2368307 + 11 550509 584614 +
1 2936681 2939591 + 35 950 3953 -
1 2943716 2985222 + 35 5103 64139 +
1 2986285 3000080 + 35 65401 79083 -
1 3001033 3002774 + 35 79391 81110 -
1 3003192 3209154 + 35 81674 313668 +
1 3209784 3224945 + 35 313849 328506 -
1 3225330 3431245 + 35 329284 579567 +
1 5486943 5489064 + 102 48810 51035 +
1 8254217 8261974 + 102 51987 59976 -
1 688654 691293 + 34 439384 442211 -
1 1503324 1530709 + 34 619627 646903 +
1 1532459 1655186 + 34 491380 618027 -
1 1655699 1684318 + 34 451436 480961 -
1 1685946 1822948 + 34 290361 430737 -
1 1824002 1961907 + 34 9307 227016 -
1 3836024 3837537 + 48 168378 169885 +
1 6310395 6317559 + 48 283677 290839 -
1 5368434 5394756 + 53 1233 35419 +
1 5402275 5482109 + 53 35703 119749 +
1 5498198 5529752 + 53 119885 150597 +
1 5545239 5693566 + 53 150843 331807 +
1 5694293 5714879 + 53 369184 389357 -
1 5716519 5734595 + 53 401129 419507 +
1 5773140 5804223 + 53 419876 452181 +
1 3870362 3872652 + 45 237500 239772 +
1 5209443 5291260 + 80 46250 132632 +
1 5291420 5367658 + 80 185576 246155 +
1 397245 399907 + 91 2838 5595 -
1 402590 407221 + 91 10697 15297 -
1 408977 418965 + 91 16949 26513 +
1 420013 441100 + 91 29410 49401 -
1 444114 451755 + 91 52785 60522 +
1 464617 504654 + 91 62675 99321 +
1 512366 519122 + 91 127018 134349 +
1 519650 541404 + 91 135047 155774 -
1 541942 546735 + 91 156255 161230 +
1 547774 589985 + 91 197954 241863 +
1 598115 643391 + 91 257129 300821 -
1 2308387 2312882 + 91 108903 113419 -
1 1221101 1228106 + 36 281806 288776 -
1 3857556 3859032 + 36 170780 172193 +
1 5973605 5976505 + 36 222963 225875 -
1 3867159 3869393 + 29 106318 108623 +
1 2383383 2384773 + 37 146272 147665 -
1 3793305 3800163 + 37 75750 82601 +
1 6449891 6453284 + 37 371525 374936 -
1 1014432 1023166 + 126 1396 9560 -
1 8788637 8832226 + 110 2088 57640 +
1 2840999 2868335 + 117 3224 47164 +
1 2869616 2934660 + 104 1044 81398 +
1 2941146 2942343 + 104 82804 83992 -
1 7511808 7513638 + 145 2570 4454 -
2 2902806 2904272 + 34 481035 482459 +
2 3738870 3777301 + 38 38665 81776 -
2 3777615 3821852 + 38 372492 417788 -
2 3834054 3851562 + 38 345329 371170 -
2 3854258 3871705 + 38 278669 312727 -
2 3872768 3886434 + 38 204445 223706 +
2 3937428 3939800 + 38 237661 239973 +
2 3939934 3949619 + 38 258492 270664 +
2 3950901 3958257 + 38 195206 203311 -
2 3961649 3979014 + 38 167050 194475 +
2 3979574 4027121 + 38 117835 162241 -
2 4028525 4036964 + 38 29390 37742 +
2 132142 135283 + 16 1474922 1478144 +
2 1284923 1286732 + 13 1709798 1711569 -
2 3624468 3627158 + 13 1731602 1734362 -
2 3690692 3692286 + 2 315140 316767 -
2 708563 717847 + 17 24498 33279 -
2 718509 769222 + 17 34239 112090 +
2 770045 873923 + 17 137681 257255 +
2 883056 884789 + 17 257671 259958 +
2 887148 907503 + 17 261623 282021 -
2 910646 947780 + 17 286399 322965 +
2 948872 1066168 + 17 357453 470689 +
2 1079573 1093852 + 17 480564 505883 +
2 1122520 1126820 + 24 113074 115149 +
2 3471711 3473020 + 24 1329542 1330860 -
2 4345697 4358315 + 69 191219 197474 -
2 875964 877216 + 102 96757 98006 -
2 8935 32998 + 108 4853 35323 -
2 1107956 1111797 + 27 776758 781225 -
2 36675 40417 + 19 1041442 1045612 -
2 44059 49117 + 19 1033631 1037619 +
2 57206 91292 + 19 818467 859824 -
2 94654 95987 + 19 776508 777842 +
2 96648 102976 + 19 753482 760124 -
2 103036 105119 + 19 728884 730885 -
2 106951 108105 + 19 726971 728109 +
2 147602 151070 + 19 721254 725431 +
2 154388 280756 + 19 593099 720699 -
2 283607 290202 + 19 584916 591110 +
2 292202 300685 + 19 572239 581308 -
2 300997 313362 + 19 544304 555680 -
2 315581 332939 + 19 517472 535037 +
2 337704 423667 + 19 382056 513838 -
2 425229 433999 + 19 368399 380228 +
2 440738 469528 + 19 326701 354505 +
2 475307 479441 + 19 320903 324380 +
2 479998 486516 + 19 308156 314639 +
2 488623 494628 + 19 232404 238362 +
2 495479 526517 + 19 246617 307651 +
2 528678 571994 + 19 162111 230222 -
2 578627 592716 + 19 121547 142838 -
2 597496 613184 + 19 96205 117746 +
2 616285 648834 + 19 63781 93465 -
2 654019 655607 + 19 9638 11233 +
2 659583 693840 + 19 13336 49019 -
2 695260 698043 + 19 4030 6676 +
2 140235 141804 + 4 2187891 2189431 +
2 1131381 1141430 + 4 1141844 1161339 -
2 1207832 1210113 + 4 347175 349498 +
2 1223785 1229121 + 4 1063060 1066886 +
2 4177775 4179437 + 28 114070 115785 +
2 1688270 1796582 + 8 539928 634695 +
2 2933645 3010437 + 8 455781 537262 -
2 3012240 3041594 + 8 423781 454519 +
2 3046262 3065066 + 8 398738 417541 -
2 3069110 3080075 + 8 384547 395457 +
2 3081157 3083215 + 8 381422 383540 -
2 3084977 3098136 + 8 359795 380177 +
2 3098994 3302708 + 8 140379 358809 -
2 3321392 3470922 + 8 15774 140076 -
2 3481660 3484418 + 8 1132 3841 +
2 2216791 2242665 + 47 1258 30060 +
2 2242889 2413824 + 47 45391 257782 +
2 2414429 2659105 + 47 299252 601426 +
2 3319252 3320606 + 47 293957 295225 +
2 2848961 2852904 + 32 45338 48464 +
2 878324 880151 + 46 354140 355919 -
2 1195440 1197080 + 5 1940356 1942242 -
2 1311668 1314497 + 5 420850 423680 +
2 3478031 3480737 + 23 679516 682410 +
2 3488278 3545035 + 23 629859 668563 -
2 3548875 3551910 + 23 623368 626341 +
2 3552600 3554990 + 23 602303 608799 -
2 1335232 1338077 + 80 7982 10820 +
2 4170326 4174375 + 59 19107 24307 -
2 4181546 4188721 + 59 26731 34438 -
2 4196614 4212816 + 59 1520 14269 +
2 4213807 4221119 + 59 37767 46792 +
2 4222552 4227434 + 59 52728 57879 -
2 4228082 4237744 + 59 60116 70352 +
2 4239201 4266853 + 59 83888 90508 -
2 4268935 4310060 + 59 92572 161267 +
2 4386862 4413275 + 59 191531 218337 +
2 4418014 4433798 + 59 175078 190830 -
2 3924266 3929550 + 44 890872 897416 -
2 4154087 4158890 + 44 631941 636779 -
2 1358074 1359115 + 56 203719 204757 +
2 3619002 3621900 + 72 171086 173996 -
2 1161313 1163278 + 9 291144 293100 +
2 1272243 1275801 + 9 193631 197326 -
2 1327010 1329008 + 9 136731 138767 +
2 1340714 1344830 + 9 376713 380869 +
2 1071473 1074998 + 62 268385 271907 +
2 1240431 1256205 + 62 390636 394602 -
2 111474 115476 + 81 82499 89230 -
2 3822822 3826394 + 20 873522 877726 +
2 2207492 2208663 + 98 194413 195635 +
2 1168552 1176655 + 29 145004 153304 -
2 1366431 1454270 + 29 294904 379818 +
2 1464577 1590883 + 29 416764 559678 +
2 1591666 1615623 + 29 560693 585091 -
2 1616429 1619215 + 29 585835 590092 +
2 1642274 1644029 + 29 591125 592745 -
2 3658160 3660116 + 51 347800 349605 -
2 2144632 2151065 + 49 49923 56521 +
2 574871 576324 + 42 51208 52667 -
2 1892240 2065866 + 42 137771 340053 -
2 2066132 2074361 + 42 129389 137241 +
2 2075517 2113333 + 42 90538 128517 -
2 2170776 2205968 + 42 55311 90402 -
2 2209405 2216671 + 42 882 50014 -
2 4324088 4336755 + 84 90751 104176 -
2 4337043 4344518 + 84 105768 113224 +
2 4360098 4386192 + 84 114053 157386 +
2 4414052 4416661 + 84 158815 161404 -
2 4434606 4443570 + 84 79804 88799 +
2 4443715 4444837 + 84 89296 90376 -
2 4446891 4468168 + 84 40898 72601 -
2 3309731 3313310 + 115 26210 29841 -
2 2659542 2706648 + 116 1247 49072 +
2 1672369 1684274 + 60 228603 241725 -
2 2708179 2846819 + 60 1339 155446 +
2 2855543 2862609 + 60 164334 171736 +
2 2864774 2897359 + 60 173388 204967 -
2 2921215 2930875 + 60 211309 221834 +
2 1798671 1880973 + 100 17393 107980 -
2 1882954 1889397 + 100 4812 11668 -
2 3830854 3832211 + 100 15972 17281 +
2 3583354 3586827 + 66 151640 155211 +
2 3588438 3594271 + 66 156744 162373 -
2 3595927 3601751 + 66 164185 170404 +
2 3713783 3731412 + 66 183291 206308 +
2 4066196 4085056 + 66 109086 130117 +
2 4086059 4151916 + 66 22916 59783 +
2 4190164 4194746 + 66 2691 7042 -
2 3559750 3575043 + 99 1059 14928 +
2 4044848 4046209 + 99 47881 49228 +
2 4047787 4051099 + 99 42585 45992 -
2 4053837 4063657 + 99 26636 36420 +
2 1622148 1636768 + 114 31975 50768 +
2 1645940 1670836 + 114 3367 29172 +
2 1321126 1323377 + 106 81380 83628 +
2 1155084 1157468 + 123 14411 16792 -
2 3556647 3559594 + 157 1741 4697 -
3 9289 29004 + 74 60947 80403 -
3 29233 31707 + 74 36832 41922 +
3 33439 46826 + 74 15711 35719 -
3 47938 52298 + 74 3165 7240 -
3 1820484 1856263 + 12 827929 865381 -
3 1856730 1866450 + 12 818584 827546 +
3 1867116 2078941 + 12 604807 817454 -
3 2081994 2096513 + 12 588134 602396 +
3 2096845 2185056 + 12 500985 587242 -
3 2236973 2349083 + 12 378888 500621 -
3 2349718 2364397 + 12 364100 378382 +
3 2364753 2599687 + 12 140773 363660 -
3 2600374 2602016 + 12 137410 139325 +
3 2603382 2718654 + 12 2415 136522 -
3 912054 915146 + 2 888697 890784 -
3 2881689 2884921 + 2 1166490 1169674 -
3 446172 447414 + 64 14897 16142 -
3 965927 1193417 + 1 201824 412438 +
3 1194175 1246343 + 1 442290 507461 +
3 1247028 1249076 + 1 508541 510584 -
3 1250391 1252394 + 1 511653 513584 +
3 1274334 1311705 + 1 513771 550614 +
3 1312027 1317089 + 1 551051 557341 -
3 1318220 1415214 + 1 561267 680505 +
3 1416042 1428374 + 1 683527 695438 -
3 1431413 1437415 + 1 696281 701904 -
3 1437969 1461029 + 1 702799 724528 -
3 1462705 1469680 + 1 725803 732603 -
3 1470953 1611581 + 1 733832 887692 +
3 1614094 1623932 + 1 889328 899387 -
3 1625866 1702518 + 1 900982 999296 +
3 1750018 1776913 + 1 999548 1026328 +
3 1779637 1792469 + 1 1026716 1039211 -
3 1792836 1819827 + 1 1041972 1065355 +
3 2189010 2192738 + 43 38481 42200 +
3 3089516 3104912 + 40 4083 19386 +
3 3105521 3119962 + 40 42998 57826 +
3 3121399 3125321 + 40 58365 62579 -
3 3126394 3381602 + 40 64423 344008 +
3 52977 85209 + 102 19090 35246 +
3 94316 98931 + 102 35878 41078 -
3 100376 108723 + 102 80587 89496 +
3 110070 153273 + 102 107090 136134 +
3 176922 180157 + 4 1379083 1382654 -
3 201820 204443 + 4 27206 29907 -
3 205395 207914 + 4 16290 18962 -
3 219435 244669 + 4 36794 65834 +
3 245691 282827 + 4 80648 123555 -
3 283221 287579 + 4 67182 71485 +
3 296507 299041 + 4 124961 127589 +
3 330192 426652 + 4 130908 209132 +
3 448557 457101 + 4 233304 244545 +
3 461007 467845 + 4 356515 363376 +
3 470187 473854 + 4 372606 376251 -
3 486511 492826 + 4 365678 370981 -
3 495223 527717 + 4 379191 428224 -
3 529942 531059 + 4 450743 451858 -
3 534307 538279 + 4 464742 469011 +
3 539778 556421 + 4 543710 561804 +
3 560604 563627 + 4 566962 569663 +
3 568946 682946 + 4 570603 714730 +
3 564111 565583 + 39 111789 113304 +
3 854510 858725 + 26 231389 235595 +
3 1262817 1264090 + 26 483467 485085 +
3 3722126 3723801 + 26 69686 71420 +
3 1722006 1723285 + 68 409862 411146 -
3 4991703 4993059 + 68 95392 96711 -
3 816160 817948 + 13 1464656 1466445 +
3 916734 921218 + 13 1487605 1492080 +
3 1271906 1274068 + 65 54957 57125 +
3 749441 758758 + 24 141419 148448 -
3 908076 910374 + 24 31239 33008 +
3 691070 693192 + 20 1361578 1363755 +
3 321804 326580 + 41 790757 795548 +
3 867232 870761 + 9 427348 430874 +
3 836615 841942 + 28 687488 692722 -
3 320051 321649 + 16 623668 625267 -
3 2721640 2744873 + 95 113318 143380 -
3 2746150 2790995 + 95 33144 89870 -
3 2793492 2794885 + 95 30354 31762 +
3 4595120 4596625 + 14 824268 825804 +
3 791634 794472 + 62 273016 276964 +
3 1702812 1704790 + 44 326693 328681 +
3 163999 166311 + 109 60239 65444 +
3 167559 173890 + 109 43290 50495 -
3 189663 197211 + 109 30627 41144 +
3 209762 217674 + 109 5441 13651 +
3 728351 736264 + 29 73075 89500 +
3 4858579 4877291 + 73 148719 181283 -
3 4880819 4887610 + 73 42204 48650 +
3 4889011 4909859 + 73 86378 116566 -
3 4913662 4925150 + 73 121605 135374 +
3 4931330 4960714 + 73 51970 80423 -
3 4963575 4981924 + 73 8511 28671 -
3 2233977 2236699 + 18 442444 445166 -
3 3383376 3518131 + 92 11290 163661 -
3 2791917 2793139 + 87 1306 2516 -
3 2795599 2881147 + 87 2862 77674 +
3 2891969 2923664 + 87 78828 110735 +
3 2932860 2965732 + 87 127006 159999 -
3 2974431 2989882 + 87 111214 126268 -
3 441402 442453 + 52 704875 705926 +
3 4104038 4290992 + 52 513 207979 +
3 4291545 4295125 + 52 208304 211834 -
3 4295572 4451035 + 52 212545 375533 +
3 4453270 4460347 + 52 397930 405242 -
3 4462165 4467280 + 52 382944 388275 -
3 4469708 4478255 + 52 407734 415760 -
3 4480713 4489253 + 52 416361 425198 -
3 4489936 4535111 + 52 425984 466993 +
3 4542782 4578043 + 52 485955 536635 -
3 4536426 4538380 + 120 6680 11739 -
3 4597524 4606737 + 120 12180 19648 +
3 4607489 4632991 + 120 31970 60447 +
3 4824518 4825807 + 103 71711 78274 +
3 3724495 3726860 + 10 187758 190132 +
3 2966796 2967876 + 3 635344 636439 +
3 303829 311387 + 84 27982 35837 -
3 481340 483744 + 67 4823 7242 +
3 5002221 5026289 + 67 21332 66875 +
3 5032457 5061748 + 67 70061 128679 -
3 5088720 5106129 + 67 130465 157757 +
3 5107097 5117286 + 67 161651 174754 -
3 5118552 5122924 + 67 176290 180520 +
3 5124099 5128070 + 67 181779 185710 -
3 5130184 5131500 + 67 217340 218697 +
3 5131861 5144165 + 67 199439 213796 +
3 5144985 5146424 + 67 189726 191059 -
3 5147604 5192065 + 67 219312 271540 +
3 5194727 5195751 + 67 272345 273576 -
3 5196318 5264265 + 67 274264 385757 +
3 716582 718693 + 36 240675 242832 +
3 847574 849428 + 106 22728 24045 -
3 2970124 2971137 + 81 401382 402770 -
3 3524972 3721871 + 25 105865 295995 +
3 3729636 3894624 + 25 299861 476887 +
3 4851800 4855679 + 25 72514 76389 +
3 937126 939151 + 45 182638 184660 -
3 940899 949026 + 45 424601 432103 +
3 2924223 2931511 + 76 178064 185709 +
3 2990072 3007809 + 76 159743 177711 -
3 3008427 3085663 + 76 1882 96257 -
3 4663879 4676434 + 83 5168 17077 +
3 4724191 4727505 + 83 19955 23896 +
3 736501 740932 + 93 61228 65738 -
3 4767430 4777258 + 93 5915 19159 +
3 4805300 4808649 + 93 124808 128347 +
3 5062313 5064806 + 93 86385 89705 +
3 832714 834132 + 108 48191 49636 -
3 2215841 2216965 + 101 62031 63158 -
3 4678933 4682832 + 89 65120 69143 +
3 4688100 4723673 + 89 101932 141772 -
3 4638476 4657935 + 112 7847 43314 +
3 3894695 4032458 + 86 11317 153302 -
3 4032904 4103233 + 113 4043 51319 +
4 950323 954932 + 22 675298 679913 +
4 1148181 1149714 + 20 1391274 1392798 +
4 2794505 2795541 + 20 31809 32980 -
4 3764967 3769004 + 20 1418386 1424597 -
4 2379699 2388486 + 3 2718 35675 +
4 2393274 2718297 + 3 36130 350974 +
4 2738820 2793772 + 3 405625 461242 +
4 2795975 2924792 + 3 480195 626469 +
4 2925716 2974600 + 3 684069 742906 -
4 2977498 2991373 + 3 753313 769726 +
4 5924292 5927050 + 19 808120 810881 -
4 5959337 5962746 + 19 743092 746519 +
4 1077358 1085119 + 16 846531 854524 +
4 4017593 4066853 + 12 870667 891954 +
4 4067924 4077991 + 12 926458 936327 +
4 32305 63800 + 14 236168 264584 +
4 65007 66932 + 14 265609 267500 -
4 71269 84631 + 14 312495 325952 -
4 85936 97874 + 14 362336 374505 +
4 99001 102223 + 14 375913 379570 -
4 107035 186329 + 14 381527 536316 +
4 188080 197223 + 14 537247 546578 -
4 203305 204637 + 14 769294 771492 -
4 212112 216023 + 14 744740 748555 +
4 216731 218216 + 14 741112 742597 +
4 218953 223607 + 14 735387 739939 -
4 228400 242819 + 14 721626 734574 +
4 243716 314338 + 14 557163 666092 -
4 319002 322384 + 14 549045 551049 +
4 332632 336679 + 14 779810 790170 +
4 340170 342014 + 14 820135 822063 +
4 342577 345445 + 14 826771 830413 +
4 348067 362651 + 14 912776 932968 +
4 389769 400815 + 14 974758 990173 +
4 2024945 2026579 + 14 350893 352497 +
4 2199476 2294767 + 1 1070588 1192132 -
4 3056823 3063615 + 1 417011 422452 +
4 446822 449553 + 52 1073409 1076197 -
4 1910691 1915107 + 52 579798 584164 -
4 3128543 3183760 + 5 1113604 1208312 +
4 3185046 3263757 + 5 1351246 1455884 +
4 3264598 3298512 + 5 1621512 1656407 +
4 3301533 3306699 + 5 1672433 1677568 +
4 3311347 3312909 + 5 876052 877627 -
4 3314442 3490451 + 5 1679486 1933849 +
4 3490919 3512507 + 5 2006739 2039773 +
4 3842712 3856564 + 5 2190199 2205836 +
4 3858917 4016538 + 5 2215057 2435055 +
4 4304281 4307554 + 5 2186756 2189674 -
4 4852370 4927497 + 5 2086790 2179313 +
4 4928581 4930026 + 5 2075873 2077275 +
4 4931383 4937426 + 5 2078079 2084255 -
4 4938092 4942083 + 5 2181112 2184972 -
4 4988526 4989630 + 5 735691 736822 -
4 5239826 5246391 + 5 1661687 1668199 -
4 5787169 5789151 + 5 2046200 2048244 -
4 3614001 3742579 + 94 41677 221620 -
4 3770229 3790101 + 94 21378 40693 -
4 1267375 1270282 + 88 472872 475383 -
4 1853009 1856719 + 88 351791 355545 -
4 2996946 3051281 + 88 1820 50449 +
4 3084651 3127353 + 88 76532 143072 +
4 4078076 4096842 + 88 210186 228694 +
4 4097371 4143029 + 88 235761 329182 +
4 4147037 4153417 + 88 358244 364592 -
4 4154063 4155709 + 88 332705 334334 -
4 4156047 4167973 + 88 365463 377207 +
4 4180603 4216975 + 88 378127 411589 +
4 4218489 4230123 + 88 457725 472644 +
4 4246603 4250012 + 88 510815 514163 +
4 4293589 4299374 + 88 147869 153799 -
4 4301833 4304032 + 88 514899 517128 +
4 4310478 4321685 + 88 519082 532631 +
4 2388779 2391700 + 39 655965 658928 +
4 5872425 5875347 + 39 381113 382932 -
4 896763 899148 + 4 945735 948146 -
4 988910 990881 + 4 749731 752938 +
4 991029 993651 + 4 902228 905004 -
4 996851 998276 + 4 778799 780247 +
4 1024535 1026104 + 4 726083 727775 -
4 1031107 1040487 + 4 983744 1002187 -
4 4308460 4309963 + 4 562790 564214 +
4 5212392 5215921 + 4 1037204 1040730 -
4 5145200 5147634 + 23 618598 621492 -
4 1273047 1274939 + 83 36364 38247 -
4 3790517 3839560 + 26 7277 69470 +
4 4333895 4585056 + 26 494672 775539 -
4 4585834 4624517 + 26 425429 463604 -
4 4660752 4778749 + 26 257554 424080 -
4 4779375 4806893 + 26 128154 196343 -
4 4807725 4812561 + 26 121312 126756 +
4 4813847 4849745 + 26 72626 119187 -
4 5021523 5022649 + 26 479491 480620 +
4 1462006 1463338 + 13 1451040 1452966 +
4 1881001 1882019 + 13 960296 961310 -
4 1925723 1927864 + 13 1644087 1647223 -
4 4641075 4644145 + 13 141763 144833 -
4 1003491 1018902 + 62 224517 228515 -
4 5991519 5993211 + 62 370348 372388 +
4 5993244 5995082 + 62 374115 376034 -
4 3054083 3055644 + 10 288275 289824 +
4 5645151 5676549 + 10 191681 223598 -
4 5679322 5697150 + 10 226547 244926 +
4 5697689 5725563 + 10 152460 187386 +
4 5725929 5743581 + 10 128707 151688 -
4 5751975 5775808 + 10 2369 34917 -
4 5794103 5796052 + 10 255550 257498 +
4 5796592 5805501 + 10 245951 255104 -
4 5805737 5823180 + 10 258583 281039 -
4 5824366 5847138 + 10 313844 374101 +
4 5891870 5914378 + 10 400214 443151 -
4 5928297 5929543 + 10 398893 400178 -
4 5937730 5945178 + 10 390459 397443 -
4 5018718 5020343 + 36 259214 260827 -
4 4966927 4974247 + 95 104678 112660 -
4 4976189 4986520 + 95 92561 103178 +
4 5326131 5329191 + 76 143144 146225 +
4 908860 911516 + 45 208221 210869 +
4 4285416 4286983 + 45 23611 25181 -
4 4263381 4267852 + 37 119467 123929 +
4 5354004 5383733 + 37 304777 367053 -
4 5385578 5395783 + 37 294917 304071 +
4 5396636 5401431 + 37 288753 293377 -
4 5403938 5441045 + 37 22284 73373 +
4 5442193 5455765 + 37 149780 162714 +
4 5458420 5475440 + 37 167837 183828 -
4 5479278 5568066 + 37 184517 286780 +
4 5570641 5575356 + 37 13432 18140 -
4 1202306 1238679 + 44 767 36404 -
4 1278062 1296387 + 44 37332 54874 +
4 1296888 1397364 + 44 114587 251324 +
4 1398355 1403802 + 44 255252 260733 -
4 1412801 1417324 + 44 263975 268765 +
4 1424385 1434290 + 44 273159 283151 -
4 1435152 1442504 + 44 288779 296478 +
4 1489660 1506790 + 44 300635 326007 +
4 1507778 1524678 + 44 348798 365718 +
4 1525620 1553089 + 44 367536 394190 -
4 1554621 1567747 + 44 395750 408478 +
4 1570530 1600450 + 44 416347 478484 -
4 1602658 1604855 + 44 413509 415715 +
4 1605680 1721133 + 44 480162 616055 +
4 1722462 1850862 + 44 638309 832156 +
4 1859461 1878567 + 44 832876 869548 +
4 1934667 1939221 + 44 900789 905287 +
4 4173343 4177260 + 44 106148 110122 +
4 3513402 3611372 + 75 109970 210200 +
4 5577108 5643848 + 75 35243 102091 +
4 5791659 5793836 + 75 102658 104824 -
4 4944694 4966180 + 64 164382 185426 -
4 4995800 5012983 + 64 109341 153242 -
4 5046037 5084643 + 64 44079 85809 -
4 5085918 5091025 + 64 7710 13746 -
4 5776396 5785639 + 64 203109 213749 -
4 2020010 2024586 + 24 372107 376611 -
4 1465472 1467780 + 15 386085 388391 -
4 369244 370450 + 2 84344 85807 -
4 415310 436543 + 2 429807 451354 +
4 459649 463205 + 2 457798 461459 +
4 478123 502590 + 2 359877 421254 -
4 506127 511522 + 2 295624 303026 -
4 513659 541597 + 2 266181 292390 +
4 546638 552645 + 2 224467 230844 -
4 556014 580192 + 2 194925 217144 +
4 584521 641021 + 2 114350 181466 -
4 653875 670211 + 2 1367 51798 -
4 4233303 4237424 + 2 686235 690359 -
4 1476322 1479751 + 118 48549 52037 -
4 1904832 1906987 + 58 221580 223817 +
4 5932148 5934957 + 98 88034 90969 +
4 2722121 2724297 + 82 59632 61811 +
4 3745108 3746499 + 25 47500 48894 -
4 777938 829175 + 9 1242 53867 +
4 842731 871242 + 9 54789 105253 +
4 1061281 1062982 + 9 444234 445965 -
4 1088082 1125375 + 9 547030 584639 +
4 1173836 1194255 + 9 585205 605647 +
4 1239185 1256005 + 9 619208 636658 -
4 1256504 1258627 + 9 616243 618321 +
4 1260078 1265578 + 9 609918 615299 -
4 1923179 1924860 + 29 8532 10225 +
4 2370818 2372645 + 29 399177 401004 +
4 5035158 5038057 + 72 260949 263860 +
4 830209 842153 + 46 290805 309086 -
4 2354216 2358368 + 74 52476 56661 +
4 1068600 1072081 + 49 61009 64547 -
4 5098549 5136976 + 49 2310 42598 +
4 5137450 5141641 + 49 88940 93249 +
4 5158043 5166317 + 49 95498 103559 +
4 5170343 5195333 + 49 105862 149671 -
4 5196320 5207816 + 49 152114 164357 +
4 5249535 5308147 + 49 167978 222496 +
4 5332351 5348584 + 49 222986 238940 +
4 670408 695901 + 63 3413 34868 +
4 698400 720674 + 63 37690 121223 -
4 723329 776685 + 63 124401 216890 +
4 1939914 2002231 + 48 1303 63475 +
4 2003208 2013777 + 48 64554 80641 -
4 2014846 2017847 + 48 81732 84724 +
4 2051328 2131791 + 48 85488 165696 +
4 2132316 2197594 + 48 206974 282741 +
4 4658247 4660125 + 48 322574 324439 +
4 2295851 2313237 + 90 132292 149486 -
4 2314126 2333542 + 90 1576 39736 -
4 3079322 3082392 + 90 98530 101600 -
4 878672 881489 + 106 54085 56903 -
4 995133 996743 + 106 67728 69963 -
5 594660 597363 + 4 264469 267388 +
5 1071977 1075386 + 4 20054 23430 +
5 1076076 1077205 + 4 896319 897468 +
5 1129116 1130425 + 4 2064455 2065767 +
5 6067566 6070689 + 4 2090011 2093198 +
5 1122698 1127413 + 32 339914 344008 -
5 1093510 1098557 + 13 970321 972304 -
5 1177352 1180131 + 13 1479429 1486686 +
5 2598283 2602600 + 13 1627501 1631889 -
5 5410553 5413536 + 13 965966 968967 +
5 6147286 6149960 + 13 160544 163223 +
5 1155311 1162315 + 2 782857 789810 -
5 4243516 4245668 + 2 795172 797363 +
5 5911401 5914593 + 2 917683 921041 +
5 1210086 1212159 + 81 72795 74935 +
5 923787 928295 + 9 145327 149829 -
5 1033947 1036987 + 9 128954 132162 +
5 1056074 1060523 + 9 409462 413816 +
5 1117787 1119226 + 16 860979 862563 +
5 2884548 2974361 + 16 399294 496616 -
5 2977076 2980715 + 16 392046 397935 +
5 2981133 3004863 + 16 359786 388400 +
5 3006063 3270631 + 16 13287 355084 -
5 5494691 5496060 + 5 731316 732976 -
5 5900897 5903029 + 5 1339128 1341279 -
5 4034803 4037288 + 26 245202 247717 -
5 4162250 4168519 + 26 800642 807084 +
5 994490 997253 + 24 158484 161251 -
5 1137415 1138917 + 24 7494 8949 +
5 1218622 1228857 + 24 201265 230356 +
5 1228894 1262404 + 24 407903 449464 -
5 1269548 1314146 + 24 232246 265206 -
5 1315846 1446999 + 24 471220 595619 +
5 1448094 1461683 + 24 597367 610905 -
5 1463675 1519152 + 24 612992 670914 +
5 1529259 1536436 + 24 673471 680529 -
5 1539088 1596502 + 24 686544 765443 +
5 1600417 1615614 + 24 773345 793205 -
5 1616260 1617733 + 24 793384 794860 -
5 1618412 1668125 + 24 795999 846971 +
5 1682102 1688922 + 24 867687 874926 -
5 1702427 1706151 + 24 861846 865534 -
5 1708454 1798511 + 24 912526 1031993 +
5 2306850 2361409 + 24 1392937 1461115 -
5 2362225 2375071 + 24 1378279 1391142 +
5 2375893 2391084 + 24 1361467 1377383 -
5 2391523 2407490 + 24 1340051 1361290 +
5 2408015 2415926 + 24 1331807 1339414 -
5 2423082 2494165 + 24 1258229 1329324 -
5 2495186 2503503 + 24 1249078 1257223 +
5 2504138 2508654 + 24 1244928 1248283 -
5 2509067 2521274 + 24 1232636 1244597 +
5 2521897 2593859 + 24 1142454 1231801 -
5 2625883 2711492 + 24 1056220 1142274 -
5 2712844 2714090 + 24 1053486 1054832 +
5 2715298 2732969 + 24 1034002 1051320 -
5 968629 972161 + 20 1320970 1324499 -
5 18946 55160 + 58 8682 46965 +
5 56837 64029 + 58 48006 55268 -
5 65568 72971 + 58 62107 69421 -
5 81273 91383 + 58 71249 100829 +
5 94423 119620 + 58 105539 132428 -
5 125110 130329 + 58 137310 142300 +
5 132930 158610 + 58 153953 176551 +
5 160909 163645 + 58 143644 146413 -
5 165484 209807 + 58 187066 213414 +
5 210422 283907 + 58 234470 309908 +
5 287951 295945 + 58 332723 341113 +
5 300652 303717 + 58 327305 330233 -
5 305432 318029 + 58 313124 325502 +
5 321731 387492 + 58 357446 436962 +
5 1004649 1009121 + 38 476152 480615 -
5 2416668 2418726 + 38 25519 27506 -
5 5230439 5233124 + 38 338896 341578 -
5 678219 710452 + 107 20138 65226 -
5 712494 713864 + 107 17762 19135 +
5 714952 730083 + 107 2043 16221 -
5 4464365 4467241 + 40 34941 37731 +
5 3925501 3927919 + 12 921484 923932 +
5 4060505 4062892 + 43 62194 64572 +
5 1088967 1090515 + 73 2306 3872 -
5 1148174 1151885 + 73 186714 190416 -
5 4921498 5023630 + 55 10042 183132 +
5 5024228 5107794 + 55 221264 313052 +
5 5709802 5712602 + 55 184755 187573 +
5 1799130 1811244 + 52 1084116 1101700 -
5 1811310 1879771 + 52 908273 1065433 -
5 1880429 1892757 + 52 894839 907089 +
5 1893805 1980344 + 52 798377 894272 -
5 1980994 2038751 + 52 645579 700009 -
5 2041851 2048386 + 52 607786 614157 +
5 2049707 2068500 + 52 622906 642041 +
5 2070370 2080681 + 52 595320 605116 -
5 2081279 2086120 + 52 565302 570303 -
5 2735041 2753762 + 52 1102103 1137599 +
5 2754774 2768949 + 52 1143084 1157398 +
5 2769244 2777401 + 52 1158994 1168860 -
5 2779820 2783371 + 52 1169777 1173608 +
5 2853881 2868424 + 52 1191367 1206256 -
5 5108131 5118011 + 41 799548 809334 -
5 5119137 5123794 + 41 779474 784211 +
5 5124679 5140856 + 41 763436 778534 +
5 5141825 5165197 + 41 738598 762562 -
5 5165463 5215512 + 41 618562 672231 +
5 5215685 5227280 + 41 718067 734988 +
5 5238311 5261811 + 41 590675 617430 -
5 5264602 5301105 + 41 547590 587805 +
5 5301965 5406522 + 41 442950 546238 -
5 5422378 5435688 + 41 425371 440967 -
5 5437822 5450202 + 41 410746 422783 +
5 5452012 5457144 + 41 403881 408988 -
5 5457875 5467365 + 41 393689 403036 +
5 5481348 5493581 + 41 366194 379180 -
5 5497917 5568956 + 41 260635 343551 -
5 5570047 5610811 + 41 172497 218462 -
5 5612621 5616546 + 41 168100 172064 +
5 5617064 5636222 + 41 148389 167487 -
5 5636533 5650165 + 41 135103 147820 +
5 5650743 5655815 + 41 129388 134422 -
5 5714193 5802595 + 41 28584 125587 -
5 5809253 5820250 + 41 668 24971 +
5 1520843 1525457 + 23 671223 676666 -
5 6179354 6184533 + 23 491948 497159 -
5 602979 604256 + 18 264547 265831 +
5 2603470 2605035 + 18 250291 251858 +
5 3994846 4033353 + 6 828 38868 +
5 4065603 4090498 + 6 39106 64004 +
5 4092514 4159490 + 6 102257 167995 +
5 4171286 4234719 + 6 168699 231864 +
5 4249564 4429675 + 6 232673 460335 +
5 4430216 4441205 + 6 513762 524757 +
5 4472777 4777408 + 6 525576 913726 +
5 1102493 1107195 + 22 25001 27563 -
5 3273258 3429524 + 22 681598 852407 -
5 3429947 3432502 + 22 656440 672832 -
5 3447644 3750042 + 22 296828 656428 -
5 3751657 3774180 + 22 260480 293698 +
5 3775514 3906839 + 22 78289 258316 -
5 3932005 3970971 + 22 38106 77983 -
5 3971099 3993730 + 22 479 23206 -
5 6417705 6419593 + 67 9871 11773 -
5 903638 906061 + 77 4011 7935 -
5 482997 526719 + 54 6615 41149 +
5 532567 545855 + 54 48934 104445 -
5 547776 549430 + 54 105043 106644 -
5 551922 579821 + 54 115314 159708 +
5 614822 619055 + 54 160173 165376 +
5 623074 637556 + 54 169779 183970 -
5 641238 665635 + 54 189789 251777 +
5 1187574 1208109 + 27 745748 752274 +
5 5805712 5809105 + 30 430178 433188 +
5 5822332 5839147 + 30 412840 429201 -
5 5841673 5861676 + 30 392117 411001 +
5 5862960 5872634 + 30 365598 385261 -
5 5874149 5882358 + 30 313576 321134 +
5 5883130 5891157 + 30 337785 345920 +
5 5917105 5936403 + 30 346250 362406 +
5 5939154 5942711 + 30 285894 289332 +
5 5946649 5970043 + 30 236974 280623 -
5 5978142 5980082 + 30 234007 235997 +
5 6027858 6058363 + 30 154901 225767 -
5 6122949 6139923 + 30 8027 32742 +
5 6152203 6161818 + 30 33079 45117 +
5 6162940 6177468 + 30 61071 95752 +
5 6198749 6211198 + 30 129375 141595 -
5 2419765 2422750 + 66 207439 210207 -
5 5984259 5989041 + 68 432255 437232 -
5 6082085 6097160 + 68 25926 47614 -
5 6194715 6197249 + 68 101663 104727 -
5 6229889 6239673 + 68 149602 168327 +
5 6240826 6274060 + 68 245047 293024 +
5 6275552 6282774 + 68 321319 328690 -
5 6294060 6295711 + 68 331069 332723 -
5 6296027 6312413 + 68 333307 350915 +
5 6313330 6339881 + 68 352998 380354 -
5 6342417 6345964 + 68 381982 386131 -
5 6346457 6360224 + 68 389199 403137 +
5 6364040 6365185 + 68 403373 404519 -
5 388575 395063 + 71 2884 10617 +
5 398400 415468 + 71 22883 41967 -
5 418326 480105 + 71 43351 125881 +
5 732073 770562 + 71 128559 198452 -
5 3435285 3436584 + 46 211603 212902 -
5 1695525 1697095 + 49 267833 269417 -
5 798064 826775 + 45 73194 102584 +
5 830016 857700 + 45 107800 130326 -
5 858235 891315 + 45 131845 166445 +
5 6366552 6371438 + 96 113343 118653 +
5 6371891 6409576 + 96 62939 110789 -
5 6421024 6433597 + 96 16851 45321 -
5 1136013 1137136 + 91 195916 197022 -
5 5688839 5693684 + 97 128468 133307 -
5 5673905 5677521 + 56 189803 197377 +
5 6100434 6114016 + 118 39739 45172 -
5 5668114 5669532 + 10 503913 505355 +
5 908143 911195 + 79 284269 285783 +
5 5895005 5900298 + 79 269141 274635 +
5 3432521 3434873 + 89 48985 51342 +
5 4777753 4856873 + 36 314214 385204 -
5 4860690 4921161 + 36 28910 147766 -
5 2795387 2853380 + 101 78099 164311 +
5 2873640 2875772 + 101 70449 72635 -
5 2876226 2882697 + 101 3518 23365 -
5 2086149 2305308 + 70 1861 252367 +
6 2200048 2313072 + 28 2453 112634 +
6 2316349 2351948 + 28 121714 164438 +
6 2356625 2374411 + 28 258461 276070 -
6 2375102 2644314 + 28 279422 563043 +
6 2652458 2676309 + 28 563669 587476 +
6 2700132 2769572 + 28 588120 676532 +
6 4016409 4017421 + 28 185630 186996 +
6 4164302 4165630 + 30 112388 113734 +
6 2810397 2811719 + 16 1710312 1711634 -
6 1333538 1336897 + 102 71189 74536 -
6 3054322 3057006 + 2 468819 471577 +
6 1409 46800 + 5 155519 218592 +
6 47483 56095 + 5 221002 229880 -
6 59682 76452 + 5 232451 248550 -
6 77459 94892 + 5 249347 266809 +
6 100824 103928 + 5 268762 272014 -
6 120904 171006 + 5 326374 381083 +
6 171169 184900 + 5 457214 471359 +
6 185156 196535 + 5 472624 486972 -
6 198181 214167 + 5 488981 511262 +
6 215527 217151 + 5 538484 540159 +
6 223230 226502 + 5 517020 520467 -
6 227807 240815 + 5 657058 670466 -
6 243683 255292 + 5 626063 638214 +
6 255529 257289 + 5 654213 655961 +
6 258587 296592 + 5 595612 624776 +
6 297438 330720 + 5 570885 590889 +
6 331820 335892 + 5 565854 569757 +
6 339420 348160 + 5 544683 553213 -
6 348788 349934 + 5 513488 514702 +
6 382262 384629 + 5 1470231 1472594 +
6 398587 413286 + 5 702052 723781 -
6 415044 422654 + 5 746707 758163 -
6 423785 427834 + 5 764890 768901 +
6 450373 451791 + 5 803216 805255 -
6 473101 487066 + 5 839601 857167 +
6 489590 531620 + 5 877818 925725 -
6 534037 556031 + 5 929161 951837 +
6 561019 599127 + 5 953122 993636 +
6 1138161 1198299 + 5 993745 1054469 -
6 3785560 3787423 + 5 1460567 1462445 +
6 95788 99252 + 14 812620 816163 +
6 2894475 2897985 + 14 873152 876678 -
6 4177536 4181295 + 14 345774 349604 -
6 1074032 1078792 + 23 432999 437915 -
6 1804935 1807905 + 13 1425120 1428178 -
6 2973625 2975908 + 13 279863 282137 -
6 2999960 3004394 + 13 1528505 1532930 -
6 2645446 2648183 + 19 240265 243054 +
6 3060452 3062124 + 91 114011 115801 -
6 2980591 2983608 + 95 3406 6490 +
6 2820824 2822846 + 24 41758 43771 -
6 2936867 2938945 + 4 496248 498408 -
6 3076615 3149857 + 4 1163605 1240718 +
6 3152717 3195650 + 4 1243998 1288140 -
6 3197740 3212161 + 4 1291609 1307769 -
6 3213417 3279772 + 4 1311629 1377085 +
6 3280730 3286937 + 4 1440406 1446495 -
6 3288464 3300286 + 4 1403758 1437297 +
6 3305159 3310064 + 4 1392255 1397948 -
6 3312138 3505654 + 4 1486876 1750229 +
6 3538246 3593137 + 4 1792400 1893982 +
6 3594270 3629272 + 4 1896801 1932335 -
6 3646202 3648962 + 4 1937674 1941217 +
6 3653892 3663868 + 4 1953767 1981831 -
6 3672199 3700164 + 4 2001301 2030641 +
6 3702813 3712067 + 4 2071312 2083715 +
6 3718759 3725952 + 4 2206086 2233613 +
6 3727799 3731309 + 4 2193600 2200331 -
6 3732528 3741949 + 4 2142026 2156113 -
6 3745827 3747892 + 4 2250862 2252901 -
6 3752265 3753561 + 4 2277903 2279221 +
6 2871291 2875072 + 1 15923 20077 -
6 2877883 2879587 + 1 72885 74584 +
6 2914859 2916455 + 9 305808 307413 +
6 3037531 3040393 + 143 8730 11817 -
6 117453 120327 + 52 615723 618625 -
6 1849650 1851157 + 52 1140868 1142474 +
6 2831922 2833446 + 26 220156 222404 -
6 601044 630970 + 31 727401 759009 +
6 663951 675144 + 31 709104 720121 +
6 678740 778220 + 31 601189 708453 -
6 779022 816937 + 31 563406 600647 +
6 817221 1000864 + 31 281503 562786 -
6 1002123 1005086 + 31 250856 253944 -
6 1006899 1025717 + 31 230391 248810 +
6 1026870 1038267 + 31 149275 161702 +
6 1042350 1069680 + 31 161952 190034 -
6 1089248 1094987 + 31 210557 216396 +
6 1096161 1120314 + 31 103029 148382 -
6 1121132 1136570 + 31 19172 36963 -
6 631503 658272 + 7 7683 33883 +
6 1199023 1237443 + 7 41285 80456 +
6 1239545 1245946 + 7 82296 88723 -
6 1248205 1317821 + 7 90571 191191 +
6 1340466 1380239 + 7 204811 244759 +
6 1380505 1385826 + 7 244983 250329 -
6 1386160 1795046 + 7 250751 803669 +
6 1823773 1837278 + 7 803678 816698 +
6 1837851 1842846 + 7 821866 826880 -
6 1853214 1976000 + 7 827902 939586 +
6 1978005 1987029 + 7 962137 971083 -
6 1989233 2103213 + 7 972711 1098387 +
6 2103769 2107005 + 7 1099016 1102091 -
6 2107696 2199930 + 7 1102714 1264307 +
6 4174544 4176132 + 17 114814 116381 +
6 2933696 2935295 + 11 77604 79221 +
6 2804623 2808155 + 45 312458 315987 +
6 3073024 3074842 + 45 390679 392593 -
6 2787331 2790862 + 106 27718 31244 -
6 374028 377168 + 27 405046 408174 +
6 2694624 2697827 + 27 758270 761894 +
6 2796345 2801375 + 27 605170 610173 -
6 2963245 2965137 + 27 1516 3409 -
6 3510766 3515449 + 27 700894 705483 -
6 3755048 3780885 + 27 17611 61621 +
6 3794459 3867551 + 27 62793 166274 +
6 3870397 3888126 + 27 204406 229182 +
6 3890125 3891809 + 27 198856 200413 -
6 3894016 3895863 + 27 202215 204209 +
6 3896180 3898542 + 27 236916 239149 +
6 3899635 3942713 + 27 250849 318816 -
6 3947326 3955852 + 27 341593 352168 +
6 3957260 3977067 + 27 319316 340574 -
6 3978700 4010620 + 27 355384 388562 +
6 4020163 4022399 + 27 389198 391301 +
6 4035399 4039624 + 27 427934 432019 -
6 4051753 4061506 + 27 480728 499498 +
6 4063320 4072286 + 27 500467 506879 -
6 4072600 4146282 + 27 507119 595845 +
6 4149134 4157409 + 27 652615 665455 +
6 4159150 4162220 + 27 725111 728223 +
6 2686057 2689594 + 6 476351 479925 -
6 352691 357924 + 59 78217 83592 +
6 2900243 2902150 + 29 158975 163208 +
6 3011946 3014691 + 29 229340 236367 -
6 558100 560224 + 88 230939 235194 +
6 2775358 2778481 + 88 433746 436882 -
6 2943374 2945897 + 80 143666 146404 -
6 2860292 2862993 + 34 257544 260246 +
7 519999 522420 + 15 350516 352967 -
7 2905532 2969270 + 2 1233354 1285968 +
7 3730403 3732910 + 2 517552 520158 -
7 3734413 3739963 + 2 527204 532893 +
7 3740864 3747554 + 2 534011 541050 -
7 3747811 3762956 + 2 541294 555545 +
7 3765213 3774052 + 2 556684 565624 -
7 3775781 3805463 + 2 569753 599997 +
7 3806837 3812439 + 2 698985 704746 -
7 3812730 3822229 + 2 614670 625021 -
7 3830101 3831870 + 2 824651 826563 -
7 3833098 3867603 + 2 830294 878557 +
7 3869456 3960868 + 2 934710 1051415 +
7 3962296 3971961 + 2 1052515 1084150 -
7 3976031 3987296 + 2 1097958 1110645 +
7 3987589 4031766 + 2 1172683 1218166 +
7 4036119 4042366 + 2 1223348 1231487 -
7 1341828 1344175 + 5 2206900 2209258 -
7 2302773 2307310 + 5 638551 643145 -
7 2309555 2313484 + 5 2459407 2463327 +
7 2180011 2182640 + 45 379985 382613 -
7 2448238 2451756 + 45 328895 332123 -
7 3368854 3372689 + 45 219167 222978 +
7 2344108 2348586 + 28 179535 184004 -
7 1280278 1283211 + 52 1082381 1084074 +
7 1825516 1827561 + 4 953638 955825 +
7 2235212 2236343 + 4 504436 505576 -
7 2296023 2299746 + 4 731666 735359 -
7 2454244 2458715 + 4 757546 762008 -
7 2497260 2500762 + 4 828367 830648 -
7 2282045 2285199 + 47 30268 33372 -
7 1071462 1072613 + 98 4672 5832 -
7 812074 813233 + 19 556877 558057 +
7 813408 817261 + 14 218220 222288 +
7 2326530 2327610 + 44 636853 637903 -
7 1067602 1069707 + 29 241254 243903 -
7 190163 191886 + 88 425592 427279 -
7 2420168 2435729 + 13 1574979 1592913 +
7 2483306 2494843 + 13 1400181 1414546 -
7 2507600 2755370 + 13 1121378 1398424 -
7 2755983 2773538 + 13 1103404 1120018 +
7 2775381 2788459 + 13 1088946 1101854 +
7 2791555 2841562 + 13 1047668 1083554 -
7 2842676 2848062 + 13 1041317 1046758 +
7 2848964 2900243 + 13 974272 1035671 -
7 2901376 2903721 + 13 956653 958939 -
7 2969287 2976084 + 13 258 8392 +
7 2977761 2990474 + 13 11194 24416 -
7 2991763 3052367 + 13 31109 106516 +
7 3053602 3075076 + 13 173630 193991 -
7 3076627 3083163 + 13 107906 118194 -
7 3083918 3096069 + 13 195964 208015 -
7 3100379 3128042 + 13 341781 368238 -
7 3129455 3170589 + 13 214863 256144 -
7 3172067 3336245 + 13 369879 583728 +
7 3336650 3338369 + 13 583839 585588 -
7 3339308 3367771 + 13 586536 625321 +
7 3375299 3405034 + 13 626143 659646 +
7 3440881 3529921 + 13 662042 771305 +
7 3530625 3568715 + 13 805820 845689 +
7 3569486 3598846 + 13 846459 892674 -
7 3600401 3622696 + 13 894086 922539 +
7 3626671 3650081 + 13 929931 954328 -
7 1063825 1064935 + 31 3419 4834 -
7 2242756 2248700 + 56 138823 144312 +
7 1207 108515 + 32 383492 569107 -
7 114796 125782 + 32 288409 299268 +
7 126636 135063 + 32 306167 314508 -
7 163075 183656 + 32 247750 269062 -
7 193146 256199 + 32 152277 245782 -
7 257826 259447 + 32 19217 20802 +
7 264823 273737 + 32 34596 44334 -
7 292898 305556 + 32 21203 34162 -
7 307752 311997 + 32 13332 16808 +
7 394424 426567 + 72 27369 97038 -
7 433279 438762 + 72 97813 124952 +
7 439715 450754 + 72 127016 140087 -
7 455171 458454 + 72 142637 145539 -
7 460958 467488 + 72 156899 165926 +
7 477457 485044 + 72 236797 244540 +
7 485935 502029 + 72 266486 288389 +
7 526427 533447 + 72 289545 296245 +
7 534988 541439 + 72 296844 303722 -
7 541973 584802 + 72 305072 346922 +
7 1670261 1682298 + 72 347323 360218 -
7 2142649 2143743 + 17 325724 326852 +
7 1017105 1019434 + 11 81375 83710 +
7 322829 325813 + 82 115327 118521 +
7 352486 384308 + 82 131786 166990 +
7 387661 391968 + 82 92302 96518 -
7 427629 432334 + 82 80973 91463 -
7 1770465 1822573 + 65 58038 108196 +
7 1839347 1938535 + 65 112112 215260 +
7 279987 283144 + 43 29853 33166 -
7 329026 332069 + 67 192276 195439 -
7 1828824 1832618 + 24 22677 26554 -
7 3416117 3417638 + 24 13832 16167 -
7 4237735 4241815 + 62 309063 312225 +
7 2416108 2418625 + 34 235165 237670 +
7 2476756 2481073 + 16 606901 611301 -
7 2341963 2344102 + 9 248234 250453 +
7 1133815 1136884 + 68 216372 227013 -
7 1221255 1254699 + 111 1124 48483 +
7 678027 747007 + 39 660414 747450 -
7 748072 767038 + 39 634190 654414 -
7 769835 771044 + 39 616562 617766 -
7 773091 781557 + 39 619131 630835 +
7 781950 810709 + 39 576321 613158 -
7 818559 856691 + 39 537086 575433 -
7 858131 859338 + 39 531683 532964 +
7 861680 922946 + 39 389490 484859 -
7 928145 1007147 + 39 225990 375435 -
7 1028061 1039379 + 39 214461 225304 -
7 1079163 1116254 + 39 123084 213815 -
7 1149849 1151927 + 39 119577 121616 -
7 1156862 1181303 + 39 81075 106065 -
7 1183065 1184326 + 39 44054 45345 +
7 1184592 1220682 + 39 1777 43311 -
7 1255766 1267713 + 85 511598 524146 -
7 1285621 1318334 + 85 476540 510939 -
7 1346307 1661071 + 85 40894 469807 -
7 142704 146556 + 137 11313 16192 +
7 2152631 2157999 + 10 74489 79663 +
7 3654263 3661451 + 46 37287 45150 -
7 3665469 3729263 + 46 3802 36209 +
7 4043335 4072376 + 46 105920 138918 +
7 4074741 4104599 + 46 49920 102580 -
7 4111642 4116529 + 46 141967 146840 -
7 4118447 4126421 + 46 150574 159210 +
7 4127029 4149672 + 46 233850 256213 +
7 4152254 4162447 + 46 220324 231505 -
7 4162592 4174083 + 46 190352 205376 -
7 4174716 4196135 + 46 167542 189101 +
7 4200613 4233793 + 46 259114 279418 +
7 1938867 2075730 + 61 63419 217982 -
7 2105612 2134864 + 61 34935 62240 -
7 586994 668060 + 79 113529 242422 +
7 1682784 1767445 + 79 7758 111236 -
7 2078882 2081623 + 120 25488 28226 +
7 2168982 2171384 + 106 71464 73819 -
8 92966 139663 + 119 2024 40067 -
8 48524 56213 + 133 5969 21838 -
8 57349 72337 + 132 37170 60844 +
8 10692 11739 + 157 54 1331 -
8 179216 185111 + 156 6358 11877 -
8 75030 76845 + 53 364753 366100 -
9 61951 65267 + 141 1549 4864 +
9 68054 83222 + 139 13433 20709 -
9 129851 135633 + 139 1382 6899 -
9 41293 45471 + 136 18125 22274 +
9 10483 11805 + 137 31 1351 +
9 5992 7806 + 4 454421 455818 +
9 112862 115039 + 146 1452 3523 +
10 73579 76369 + 24 176602 179065 -
10 13892 19029 + 13 1635726 1642615 +
10 56374 59743 + 16 1729321 1732717 +
10 90882 92642 + 41 688644 690485 -
11 25439 27838 + 4 814532 817019 -
11 15700 17887 + 38 245637 247826 +
11 21176 25361 + 55 204351 208503 -
12 2819 11059 + 147 1463 9279 -
17 164 3242 + 4 1472883 1475909 -
20 523 1682 + 173 356 1526 -
