1 109 28548 + 3 2795599 2836327 -
1 28894 31814 + 3 2791917 2794929 +
1 33024 77419 + 3 2746170 2791119 -
1 82414 98506 + 3 2730286 2745798 -
1 143012 274560 + 3 2603349 2730166 -
1 275413 278366 + 3 2600374 2602895 +
1 278736 455211 + 3 2444840 2599709 -
1 456390 519648 + 3 2364772 2422917 -
1 520128 534283 + 3 2349718 2364269 +
1 534911 641283 + 3 2254355 2349083 -
1 651517 668282 + 3 2236911 2253940 -
1 668501 693652 + 3 2159481 2185149 -
1 706661 771015 + 3 2096845 2159219 -
1 771744 786071 + 3 2081820 2096513 +
1 788492 826958 + 3 2040020 2078941 -
1 849283 922588 + 3 1965857 2039966 -
1 698911 702689 + 1 9495802 9499520 -
1 126602 131066 + 5 967685 972161 -
1 644138 646622 + 5 1150253 1152743 +
1 830112 831512 + 5 4035118 4036515 +
1 81002 82070 + 4 4977200 4978265 +
1 847168 849018 + 2 3602171 3604033 -
2 1259099 1260629 + 2 4177775 4179304 -
2 245 105774 + 1 2482082 2583128 -
2 108766 147423 + 1 2443447 2480634 +
2 148416 186574 + 1 2404581 2442449 -
2 186722 233723 + 1 2342821 2381664 -
2 233958 1014083 + 1 1532288 2273313 -
2 1015297 1042316 + 1 1503098 1529957 +
2 1048072 1113059 + 1 1438443 1498937 -
2 1117218 1135153 + 1 1416359 1434927 +
2 1137182 1242491 + 1 1298312 1413616 -
2 1243221 1248420 + 1 1290958 1296045 +
2 1262678 1292992 + 1 1247182 1277298 -
2 1293808 1309159 + 1 1201665 1216439 +
3 934 34287 + 4 5611430 5643848 +
3 34844 37008 + 4 5791659 5793835 -
3 42048 142988 + 4 3513402 3609345 +
3 153288 303972 + 4 3610697 3742579 +
3 305335 322643 + 4 3770632 3788327 +
3 336053 339886 + 4 1448641 1452426 +
3 341290 371707 + 4 3789571 3820594 +
3 388377 407689 + 4 3820933 3839560 +
3 416741 452291 + 4 4813881 4849745 -
3 454203 459253 + 4 4807725 4812561 +
3 460607 609591 + 4 4660752 4806893 -
3 610899 880504 + 4 4366563 4624517 -
3 382399 386236 + 7 2154172 2158004 -
3 143559 152170 + 1 8659479 8668414 -
3 407905 409879 + 3 3722126 3724043 +
3 882223 884656 + 6 3336617 3338872 +
4 25690 48218 + 4 4343493 4365775 -
4 73312 77472 + 4 4334123 4338305 -
4 78940 80701 + 4 4330760 4332566 +
4 87779 116247 + 4 4310494 4328951 -
4 118179 120047 + 4 4302131 4303993 -
4 121434 152731 + 4 4244677 4249632 -
4 159663 161475 + 4 1268457 1270274 +
4 161712 221922 + 4 4156047 4230123 -
4 222779 253267 + 4 4147037 4155709 +
4 256617 338524 + 4 4075682 4143092 -
4 21929 25037 + 1 9706709 9709727 -
4 6559 7851 + 3 4261565 4262861 +
4 64468 66231 + 2 3893867 3895612 +
4 349650 390086 + 5 1228620 1268765 -
4 390330 402882 + 5 1346407 1358786 +
4 404611 415240 + 5 1359096 1369763 -
4 415527 484041 + 5 1371451 1446737 +
4 485596 498018 + 5 1449356 1461804 -
4 501364 558370 + 5 1463675 1519152 +
4 562828 569556 + 5 1529587 1536436 -
4 574840 639119 + 5 1539251 1596499 +
4 644459 664132 + 5 1600430 1615573 -
4 664330 665834 + 5 1616240 1617730 -
4 666881 677345 + 5 1618411 1628292 +
5 9953 60620 + 7 1149849 1173403 -
5 62117 97478 + 7 1079979 1116254 -
5 146105 157075 + 7 1028240 1039616 -
5 158019 257750 + 7 929598 1007147 -
5 290953 354917 + 7 859678 926994 -
5 355173 356456 + 7 858131 859338 +
5 360509 426208 + 7 781903 856691 -
5 432256 440495 + 7 773091 781516 +
5 447899 450328 + 7 764530 766945 +
5 451354 605837 + 7 638148 762604 -
5 130604 133028 + 5 1023718 1026014 -
5 283830 289141 + 3 306006 311302 +
5 266880 269139 + 2 2906 5175 +
5 104441 108756 + 6 2796380 2800736 -
5 110191 113083 + 10 54961 57805 -
6 149051 154351 + 3 4276837 4281924 +
6 125377 128509 + 1 6435958 6439081 +
6 113124 114735 + 7 2417017 2418625 -
6 188 107610 + 2 2248445 2348742 +
6 154717 532797 + 2 2349604 2707073 +
7 202583 206837 + 6 2914854 2918856 -
7 11837 73566 + 4 488104 541597 -
7 74016 82364 + 4 478128 487609 +
7 99214 187621 + 4 396069 463527 -
7 250393 282279 + 4 374223 391319 -
7 310450 348800 + 4 329717 350180 -
7 352130 355879 + 4 202653 205230 +
7 377316 381069 + 4 212143 216011 -
7 382174 383502 + 4 216933 218204 -
7 384915 389688 + 4 218957 223535 +
7 394803 407415 + 4 229703 242808 -
7 424694 431919 + 4 243716 250399 -
7 441205 512171 + 4 258680 320387 +
7 518113 527825 + 4 188254 197678 -
7 193296 194324 + 2 3500673 3501703 -
7 235738 237287 + 2 140241 141804 +
8 1117 361705 + 1 4763450 5131582 +
8 427187 625307 + 1 5132655 5317578 +
8 625325 768931 + 1 5339862 5482222 +
8 768952 851409 + 1 5498198 5592954 +
8 852983 857734 + 1 9504187 9514373 -
8 872909 875553 + 1 9334604 9337209 +
8 876400 1057803 + 1 5594486 5734595 +
8 1058169 1086838 + 1 5773140 5804223 +
8 1099714 1104474 + 1 5808709 5813952 +
8 1117433 1164092 + 1 5814927 5867630 +
8 1165769 1177218 + 1 8450872 8462381 +
8 1201010 1209478 + 1 8462415 8470873 +
8 1209628 1214098 + 1 8471026 8475422 -
8 1216456 1241438 + 1 8109706 8132327 -
8 1180730 1182709 + 7 1339422 1341369 -
8 394354 395965 + 3 1261650 1263177 +
8 1105050 1108225 + 3 564032 567163 +
8 871565 872600 + 5 2605035 2606101 -
8 421238 426008 + 6 4174545 4177071 -
9 2135 47828 + 5 2831181 2868424 +
9 69005 126576 + 5 2735023 2783371 -
9 126969 209115 + 5 1799130 1879771 +
9 210302 222380 + 5 1880429 1892757 -
9 234953 515769 + 5 1893805 2162100 +
10 80981 82647 + 3 2194140 2195818 +
10 849 73830 + 1 6955602 7020947 +
10 121845 277753 + 1 7023809 7155754 +
10 290334 590919 + 1 7156066 7423678 +
10 285490 290122 + 5 6186057 6190862 +
10 607137 608953 + 4 1068612 1070404 -
11 6625 13715 + 3 1408007 1415210 +
11 17854 28978 + 3 1415818 1427225 -
11 29496 35084 + 3 1431413 1437424 -
11 36202 57954 + 3 1437975 1460800 -
11 59035 65771 + 3 1462704 1469680 -
11 66687 210729 + 3 1470659 1611586 +
11 211393 224038 + 3 1613865 1625028 -
11 225811 301257 + 3 1626195 1702548 +
11 301474 328005 + 3 1750018 1776582 +
11 328781 341259 + 3 1779733 1792501 -
11 344029 363309 + 3 1792836 1813152 +
11 365234 404329 + 3 1817206 1856275 +
11 404680 416185 + 3 1856730 1866455 -
11 416885 512742 + 3 1866881 1965231 +
12 1788 17177 + 5 3734752 3750042 +
12 20342 42924 + 5 3751593 3774180 -
12 44262 265126 + 5 3774958 3993730 +
12 282753 342790 + 5 3994903 4033105 +
12 343338 437323 + 5 4065587 4159277 +
12 438212 678073 + 5 4171286 4348056 +
12 271517 273002 + 1 1184027 1185598 -
13 1251 319707 + 5 4473223 4802781 -
13 320971 419329 + 5 4357562 4441205 -
14 17576 28340 + 5 6264200 6274940 -
14 29445 32533 + 5 6257703 6260807 +
14 46839 48548 + 5 6261465 6263222 +
14 49530 50801 + 5 6254152 6255440 +
14 60315 97723 + 5 6225147 6252846 -
14 102834 106015 + 5 1082455 1086128 -
14 115236 118564 + 5 6217649 6221038 -
14 124885 127828 + 5 257819 260809 +
14 151288 153776 + 5 6194703 6197250 +
14 198967 213726 + 5 6198702 6212851 +
14 228500 231231 + 5 6192333 6193850 -
14 253077 273225 + 5 6160676 6175967 -
14 284538 286204 + 5 6079317 6080999 +
14 302608 358390 + 5 6123423 6159509 -
14 365330 367794 + 5 6117575 6118727 +
14 369791 407374 + 5 6082101 6116477 -
14 411351 458406 + 5 6044860 6066550 -
14 8110 11479 + 3 2970896 2972257 +
14 163524 164810 + 3 4991703 4993049 -
14 42516 45499 + 4 5924094 5927050 +
15 374 4400 + 1 3959198 3962501 +
15 7595 263713 + 5 5697676 5862107 -
15 264734 269760 + 5 5650702 5655752 -
15 270605 283064 + 5 5636551 5650165 +
15 284434 445700 + 5 5497917 5635487 -
15 457038 469334 + 5 5481665 5493449 -
15 470029 483327 + 5 5467296 5481011 +
15 494745 500130 + 5 5452012 5457423 -
15 502976 514145 + 5 5438843 5450155 +
15 515124 532116 + 5 5422378 5436755 -
15 534903 652577 + 5 5302186 5405669 -
15 654618 712699 + 5 5264988 5301092 +
15 716738 742745 + 5 5238311 5261211 -
15 747118 856849 + 5 5141377 5226698 -
15 857322 872888 + 5 5124679 5141048 +
15 873328 878384 + 5 5118820 5123794 +
15 879509 1048687 + 5 4948107 5118011 -
15 454084 455703 + 4 2794194 2795837 -
16 212 147662 + 3 3126394 3244606 -
16 150045 153167 + 3 3122439 3125339 +
16 153681 312853 + 3 2990020 3119977 -
16 313162 354501 + 3 2924227 2965714 +
16 355086 368042 + 3 2974248 2987640 +
16 371008 449640 + 3 2836383 2923476 -
17 315 36149 + 3 3525195 3544019 +
17 83909 259809 + 3 3544896 3721871 +
17 263675 432423 + 3 3729636 3884831 +
17 456587 460000 + 3 359494 362886 -
17 498605 697138 + 3 3885752 4073191 +
17 697310 854670 + 3 4095624 4255515 +
17 855268 857369 + 3 4282378 4284487 +
17 51425 54562 + 4 5324594 5327719 +
17 479310 482419 + 4 3079323 3082392 -
17 77846 81928 + 7 340930 344991 -
18 20762 102914 + 7 2985258 3052354 +
18 103755 132327 + 7 3054070 3083166 -
18 134685 146647 + 7 3083918 3095992 -
18 152646 221644 + 7 3100388 3170589 -
18 223272 476980 + 7 3172046 3405495 +
18 478665 490411 + 7 3440582 3453392 +
19 387 36186 + 6 1202219 1237470 +
19 38055 44797 + 6 1239280 1245946 -
19 46491 122454 + 6 1248392 1317821 +
19 122865 129872 + 6 1321704 1328450 -
19 136432 197484 + 6 1340101 1402002 +
19 202135 348875 + 6 1403486 1529384 +
19 366494 556379 + 6 1529840 1701557 +
19 559619 560865 + 6 1704019 1705274 -
19 565803 643054 + 6 1705923 1794849 +
19 643311 655696 + 6 1823773 1837278 +
19 657757 662759 + 6 1837851 1842846 -
19 663657 775375 + 6 1852949 1977141 +
19 776427 785301 + 6 1977845 1986796 -
19 786731 902618 + 6 1989183 2101931 +
19 904699 907706 + 6 2103769 2106961 -
19 908653 968204 + 6 2108024 2165043 +
19 198255 200107 + 1 1219285 1221023 +
19 361800 363677 + 13 7373 9246 -
20 312 8891 + 1 9461012 9469204 -
20 16154 39347 + 1 9436509 9460247 +
20 64340 126827 + 1 9356263 9424318 -
20 130253 150493 + 1 9270576 9286765 +
20 179202 198655 + 1 9337525 9354731 +
20 204348 246061 + 1 9184699 9224485 +
20 248068 254874 + 1 9175407 9182373 -
20 255580 263678 + 1 9154383 9163099 -
20 286456 320238 + 1 9226475 9255879 +
20 321484 329598 + 1 9256554 9264409 -
20 331664 372416 + 1 9108933 9151034 -
20 387676 392427 + 1 1221333 1226117 +
20 174222 175250 + 2 1160062 1161585 +
21 375697 377873 + 6 3785556 3787717 -
21 1378 21159 + 1 2915234 2934658 +
21 22563 28291 + 1 2936681 2942343 -
21 29450 75291 + 1 2943716 2985222 +
21 76551 90123 + 1 2986285 3000080 -
21 90379 92145 + 1 3001040 3002833 -
21 92640 153733 + 1 3003192 3068070 +
21 180387 342338 + 1 3068322 3209129 +
21 342543 357220 + 1 3209531 3224945 -
21 357759 369858 + 1 3225331 3237874 +
21 383211 576797 + 1 3238564 3420510 +
21 159423 161831 + 7 1144338 1146731 +
22 233103 239953 + 1 2334897 2341472 -
22 2817 9862 + 2 2906358 2913362 +
22 14655 170302 + 6 858978 1005088 +
22 171854 191054 + 6 1006899 1026058 -
22 192643 198126 + 6 1089519 1094986 -
22 207289 231644 + 6 1044062 1065003 +
22 269405 273728 + 6 1065543 1069680 +
22 274127 286207 + 6 1027263 1038264 -
22 287610 390036 + 6 1096161 1172042 +
22 390502 398124 + 6 1193446 1202018 +
23 509 14536 + 1 2595981 2610341 +
23 29739 31310 + 1 1226502 1228067 +
23 33556 286796 + 1 2611467 2842609 +
23 310986 389778 + 1 2842810 2914108 +
23 287131 295887 + 4 5029480 5038227 -
23 303200 305197 + 5 4050901 4052918 +
24 1001 144818 + 1 8802110 8929283 +
24 149468 154424 + 1 8930257 8934895 -
24 156537 240081 + 1 8939581 9010219 +
24 242862 270193 + 1 9013618 9030479 -
24 272902 349068 + 1 9031780 9107954 +
24 351008 352696 + 1 5805265 5806898 -
24 371451 375915 + 3 916742 921218 +
25 620 80295 + 1 4403464 4481080 +
25 92780 148356 + 1 4483002 4531331 +
25 148554 372623 + 1 4544580 4763236 +
25 84802 88035 + 2 3823729 3826394 -
26 8755 88941 + 2 2075906 2216649 -
26 90242 98414 + 2 2066132 2074361 +
26 98935 174744 + 2 2002282 2065869 -
26 175146 361482 + 2 1837265 1989362 -
26 363011 376686 + 2 1818329 1831888 +
26 378358 509719 + 2 1693424 1817639 -
26 516641 597040 + 2 2933512 3010509 +
26 598234 628754 + 2 3012240 3041594 -
26 633485 652258 + 2 3046258 3065066 +
26 655499 666050 + 2 3069153 3079823 -
26 667521 669693 + 2 3081129 3083265 +
26 670870 680142 + 2 3089287 3098136 -
26 704667 708759 + 2 3084977 3089257 -
26 709735 726716 + 2 3098648 3115820 +
26 742739 793261 + 2 3116665 3164809 +
26 680197 681920 + 3 2235016 2236699 -
26 731119 732413 + 1 3870349 3871658 +
27 292252 306467 + 1 6446537 6454111 +
27 1109 2262 + 2 390814 391963 +
27 8058 280887 + 4 3140836 3343477 -
27 323906 398513 + 4 3083364 3138803 -
27 400019 483447 + 4 2976379 3051281 -
27 486650 550697 + 4 2926159 2973338 +
27 560827 577154 + 4 2912606 2924564 -
28 4509 235451 + 3 4285427 4515288 +
28 238331 245840 + 3 4518785 4524999 -
28 250358 314751 + 3 4525940 4575016 +
28 319559 370817 + 3 4597524 4631787 +
29 43623 161856 + 2 1366701 1488529 +
29 209657 296530 + 2 1496419 1590883 +
29 297551 321427 + 2 1592212 1615623 -
29 325346 327349 + 2 1617189 1619215 +
29 328395 362927 + 2 1622062 1644029 -
29 365674 390985 + 2 1645354 1670836 -
29 393406 404913 + 2 1672360 1684274 +
29 411588 422062 + 2 2921215 2930875 -
29 422153 423909 + 2 2901090 2902684 -
29 427435 459125 + 2 2864774 2897359 +
29 460188 467943 + 2 2855787 2863229 -
29 471513 602442 + 2 2717576 2848508 -
29 191665 194859 + 4 1141075 1144272 +
30 482 246452 + 5 3006528 3255169 -
30 256233 259072 + 5 2982333 2984989 -
30 264593 280658 + 5 2986546 2999167 +
30 282307 287312 + 5 2999658 3004863 -
30 293815 300428 + 5 2976917 2980715 +
30 301757 366612 + 5 2909749 2974361 -
31 1325 5476 + 6 2871291 2875072 -
31 14874 310662 + 7 1682602 1941076 -
31 311733 341322 + 7 586994 610319 +
31 341920 353676 + 7 624663 637129 +
31 10332 12419 + 5 851875 853994 +
32 462 26911 + 7 3569486 3597298 -
32 28315 56990 + 7 3600397 3623194 +
32 61456 90363 + 7 3626668 3650071 -
32 92533 153485 + 7 2863279 2903789 -
32 179424 181831 + 7 2922245 2924637 -
32 186643 196947 + 7 2855940 2862483 -
32 198560 199736 + 7 2854335 2855529 +
32 200179 205153 + 7 2848964 2853627 -
32 211044 215714 + 7 2843052 2847936 +
32 216566 245798 + 7 2811430 2841490 -
32 246096 251551 + 7 2791318 2796997 -
32 254222 255309 + 7 2789462 2790705 +
32 256473 269197 + 7 2775332 2788459 +
32 270344 286289 + 7 2755983 2773205 +
32 288226 290644 + 7 2752627 2755066 -
32 342639 347513 + 7 2746897 2752105 -
32 334686 337851 + 1 4348021 4352113 +
32 311142 314238 + 4 1469993 1473083 -
32 170722 172874 + 5 5662702 5664839 +
33 7379 14066 + 7 1174365 1181138 +
33 38014 39305 + 7 1183065 1184326 -
33 40032 50181 + 7 1184593 1195482 +
33 89829 92254 + 7 615308 617718 -
33 203706 308122 + 7 1195549 1267713 +
33 308775 342413 + 7 1285621 1318404 +
33 56621 59281 + 6 1808387 1811017 -
33 181669 186133 + 6 2893528 2897985 +
33 96129 99427 + 1 9167998 9171311 +
34 2185 193594 + 1 8293333 8450496 +
34 195851 248081 + 1 5869374 5919953 +
34 248175 258872 + 1 5944460 5955155 +
34 264090 285629 + 1 5737578 5742505 +
34 290237 472309 + 1 5977826 6090756 +
34 474313 497926 + 1 6093957 6116173 -
34 500552 588610 + 1 6117623 6185213 +
35 11472 271507 + 4 2051567 2312506 -
35 272506 275502 + 4 2014846 2017847 -
35 276590 287928 + 4 2003208 2013777 +
35 288981 326440 + 4 1975198 2002265 -
36 1337 8373 + 8 92375 99566 +
36 13269 148496 + 5 19053 130329 +
36 149772 183884 + 5 133092 163642 -
36 191883 217682 + 5 166493 208693 -
36 227116 281928 + 5 210500 251900 +
36 289318 328308 + 5 269879 300966 +
37 25585 74064 + 6 3597028 3629330 +
37 76694 205100 + 6 3538042 3593137 -
37 212530 214763 + 6 3498236 3500575 -
37 216968 218836 + 6 4016409 4018541 -
37 227109 313789 + 6 3421526 3495476 -
37 320881 397809 + 6 3341438 3406211 -
38 2309 154156 + 1 7602823 7758919 +
38 189411 347270 + 1 7762728 7919335 +
38 162151 165013 + 4 4284183 4286988 -
39 362177 364026 + 2 2851092 2852904 +
39 385320 389146 + 1 3966050 3969860 +
39 239571 240736 + 4 4639455 4640647 +
39 278773 286129 + 4 4642435 4649822 -
39 379670 380814 + 4 1465638 1466791 -
39 426594 430905 + 4 878675 883111 +
39 15581 21597 + 3 5124332 5129245 +
39 23180 43285 + 3 5130360 5146424 -
39 45657 87462 + 3 5147580 5182972 -
39 91141 115566 + 3 5185032 5215458 -
39 164966 167528 + 3 5215834 5218395 -
39 219785 226144 + 3 5221712 5226618 +
39 288066 323557 + 3 5229755 5265127 +
39 364297 367622 + 3 5266546 5269532 +
39 394891 398966 + 3 953640 957727 +
39 138730 143103 + 5 1122419 1127413 -
39 327579 332005 + 5 5688837 5693275 -
39 154484 157914 + 7 3409347 3412753 +
40 2762 209520 + 6 2166640 2351951 +
40 219134 236731 + 6 2356420 2374411 -
40 239587 301527 + 6 2375102 2438498 +
41 26722 91846 + 7 1433 58197 +
41 95047 118096 + 7 59168 85399 -
41 118581 145822 + 7 86535 111435 +
41 173328 181021 + 7 127167 135063 +
41 187978 198957 + 7 114797 125865 -
41 202074 311066 + 7 159685 240482 +
42 384462 387411 + 7 2253329 2256206 +
42 28881 315029 + 6 2440067 2676669 +
42 315386 378893 + 6 2700204 2769572 +
43 296980 299560 + 2 144858 147384 -
43 321018 323320 + 10 96746 99063 -
43 21958 23988 + 7 2367166 2369185 +
43 33915 36063 + 7 2341963 2344101 -
43 74282 107822 + 4 842731 871242 -
43 108254 175391 + 4 765666 829665 -
43 196807 214791 + 4 745971 758117 +
43 219874 228799 + 4 736965 743835 -
43 242017 243148 + 4 725677 726812 +
43 246591 247639 + 4 722814 723863 -
43 252016 256763 + 4 698390 703022 +
43 271463 276912 + 4 690706 695901 +
43 307314 312913 + 4 712237 717589 -
43 338217 525432 + 4 546639 686375 -
44 1113 8547 + 7 1014598 1021972 +
44 165525 166704 + 7 2142637 2143746 +
44 28356 29887 + 2 94654 95986 +
44 42182 46499 + 2 87312 91667 +
44 46764 82849 + 2 57206 86160 -
44 143308 145840 + 2 46533 49117 +
44 148175 155918 + 2 34632 41190 -
44 205279 231361 + 2 8935 32998 +
44 242431 244045 + 4 2355788 2357402 +
44 101446 105897 + 1 3898347 3902810 -
44 176296 181781 + 3 2200142 2212120 +
45 10267 279951 + 2 3169124 3470948 -
46 7651 33062 + 1 3987081 4043233 +
46 34326 229552 + 1 4096171 4335090 +
46 231158 279603 + 1 4356224 4402690 +
47 216509 218892 + 1 8261975 8264328 +
47 35161 67573 + 6 3980010 4011008 -
47 106885 156432 + 6 4035488 4062752 +
47 224057 283114 + 6 3900042 3946838 +
47 285011 287303 + 6 3896239 3898542 -
47 296109 297338 + 6 3894779 3895888 +
47 297501 321108 + 6 3870397 3891831 +
48 88364 91656 + 4 5744028 5747306 -
48 1199 20182 + 2 578560 589199 -
48 23690 57919 + 2 654367 693960 -
48 63850 86021 + 2 695751 722770 +
48 93421 252733 + 2 725182 833942 +
48 267173 312260 + 2 834252 884789 +
48 313501 333670 + 2 887149 907503 -
48 334202 345771 + 2 908284 920410 +
48 346448 376867 + 2 921457 952086 -
48 377758 453244 + 2 952823 1028322 +
48 256935 262504 + 3 437414 442717 -
49 38389 47261 + 4 989872 998276 +
49 133602 138991 + 4 1031106 1036182 -
49 79580 81770 + 5 1051901 1054018 -
49 89358 96411 + 6 2881587 2888596 -
49 200301 202491 + 6 1813802 1815992 +
49 218718 265176 + 6 3076602 3101104 +
50 51199 53361 + 5 6417500 6419593 +
50 199662 203046 + 6 1335507 1338891 -
50 167748 173530 + 1 4083154 4088824 -
50 255073 256359 + 1 3924487 3929541 -
50 260424 262669 + 1 8244475 8246711 -
50 184884 191463 + 4 1152788 1164296 +
50 3160 7663 + 3 4882452 4887512 -
50 8664 9767 + 3 4880798 4881863 +
50 19301 29309 + 3 4961797 4970200 +
50 30829 32140 + 3 4972068 4973335 -
50 34209 40741 + 3 4975979 4982033 +
50 57974 146508 + 3 5002224 5091806 +
50 209876 211563 + 3 5092398 5094116 +
50 219038 232107 + 3 5098505 5106129 -
50 236758 252084 + 3 5106941 5119304 +
51 29170 53867 + 4 5928301 5945837 -
51 53901 79618 + 4 5891861 5914378 -
51 92793 95497 + 4 5868446 5871070 +
51 101545 125913 + 4 5824372 5847138 -
51 129422 158560 + 4 5805765 5823180 +
51 159628 161180 + 4 5794503 5796050 -
51 161949 170629 + 4 5796592 5805111 +
51 171683 222769 + 4 5645152 5697135 -
51 227964 265880 + 4 5697804 5727369 +
51 267735 303347 + 4 5727958 5743245 -
51 305888 343709 + 4 5751975 5785639 -
51 353299 375489 + 4 4944625 4966248 +
51 387757 408931 + 4 4995781 5015710 +
51 419435 447657 + 4 5060707 5086416 -
51 224160 227122 + 3 3724563 3727552 -
52 1026 85007 + 1 8515590 8576485 -
52 152194 189221 + 1 8477650 8515371 -
52 190214 238643 + 1 8133482 8177930 +
52 280343 332984 + 1 8178445 8227047 +
52 334019 345855 + 1 8267229 8279050 +
52 103565 105427 + 5 5228298 5230182 +
52 255965 259910 + 5 1043129 1046737 +
52 270806 273652 + 3 4838145 4840949 +
52 346217 347691 + 4 4658381 4659854 -
53 1975 11522 + 2 4376863 4386257 +
53 13409 43831 + 2 4386863 4416884 -
53 45133 53522 + 2 4418133 4426696 +
53 55425 56969 + 2 4427121 4428574 -
53 57446 61402 + 2 4429788 4433809 +
53 64893 127340 + 2 4279508 4322131 -
53 129203 135830 + 2 4239194 4266859 +
53 170280 173883 + 2 4267061 4270345 +
53 215738 218117 + 2 4272900 4275277 +
53 230003 243233 + 2 4224947 4237744 -
53 298756 301067 + 2 4219477 4221614 +
53 321697 326629 + 2 4213805 4218258 -
53 329522 362339 + 2 4181548 4212828 +
53 365524 370545 + 2 4170651 4174886 -
53 385422 411095 + 2 4086108 4097536 +
53 193634 195475 + 4 2721678 2723531 -
53 136506 138661 + 6 355472 357606 -
54 3029 5878 + 2 337692 340368 -
54 10951 34276 + 2 315581 332908 +
54 42032 238037 + 2 147629 313362 -
54 240905 252614 + 2 97198 107765 -
55 683 278911 + 3 3244659 3523983 +
56 2521 13678 + 7 410944 422784 -
56 91764 100320 + 7 401342 408843 +
56 102175 106154 + 7 394424 398387 -
56 107847 113495 + 7 433248 438815 -
56 116240 132300 + 7 439726 450767 -
56 136289 138484 + 7 454868 457069 -
56 141975 245017 + 7 460313 541459 +
56 24052 25106 + 1 5757871 5758885 -
56 56421 59895 + 6 3000914 3004394 +
56 74097 77922 + 6 4177547 4181295 +
56 28284 32629 + 5 3432520 3436858 -
57 2039 20283 + 2 3937428 3946873 -
57 28664 43742 + 2 3872742 3886843 -
57 44819 72048 + 2 3950879 3975452 +
57 72710 75036 + 2 3738973 3741226 -
57 76571 124021 + 2 3976103 4026831 -
57 124842 163234 + 2 3741908 3776658 +
57 165279 174559 + 2 4028404 4037371 -
57 183309 198705 + 2 3715749 3731527 -
57 204558 211294 + 2 3595927 3601751 -
57 213073 218599 + 2 3588588 3594378 +
57 219588 223585 + 2 3583349 3587280 -
57 225473 226569 + 2 3581376 3582555 +
57 240260 256984 + 2 4067067 4083162 -
57 176320 182257 + 5 2416576 2422742 +
58 16773 99434 + 4 5389451 5455765 +
58 131828 147234 + 4 5459355 5475569 -
58 148823 255075 + 4 5478870 5584074 +
58 294937 314030 + 4 5584758 5605159 +
58 321311 322330 + 4 3053779 3054798 +
58 345957 347448 + 4 4928581 4930138 +
58 348167 354297 + 4 4931383 4937426 -
58 355850 361274 + 4 4851997 4857790 +
58 10962 13745 + 6 385004 387788 +
58 271903 275692 + 10 33902 37691 -
58 333137 339508 + 3 1267736 1274067 +
59 265290 267728 + 5 894748 897133 +
59 97267 100779 + 7 2432211 2435729 +
59 126907 168262 + 3 9289 41743 +
59 169598 172035 + 3 792168 794776 +
59 175957 210037 + 3 43206 103555 +
59 214116 219007 + 3 104248 108725 -
59 219805 227820 + 3 109858 118283 +
59 230430 257251 + 3 121988 155587 -
59 288206 293419 + 3 168032 173670 +
59 296230 326741 + 3 176635 197112 -
59 329991 331675 + 3 174524 176232 +
59 333277 354227 + 3 201659 217668 -
59 355677 360638 + 3 219451 224243 +
60 1257 207330 + 1 6726826 6932572 +
60 220662 227256 + 5 5895005 5900969 +
61 9947 15620 + 1 435829 442185 +
61 17146 27222 + 1 408988 419431 +
61 28183 32753 + 1 402595 407208 +
61 34803 42365 + 1 394226 401478 +
61 43912 56869 + 1 378333 393200 +
61 92473 96761 + 1 364605 369182 +
61 96902 194131 + 1 295190 362233 -
61 203589 213402 + 1 260849 267119 +
61 230098 287802 + 1 214190 259299 -
61 348644 361129 + 1 1520 13221 -
61 364590 390349 + 1 14570 48739 +
61 396346 415688 + 1 49464 57328 -
61 417922 465067 + 1 58411 102073 +
61 466377 500123 + 1 102410 127885 -
61 504954 517754 + 1 130617 143383 -
61 532617 576373 + 1 144782 182150 -
61 323229 325657 + 4 968445 970882 -
62 1092 12540 + 1 9469788 9481595 +
62 12774 68575 + 1 9515317 9567256 +
62 69410 149614 + 1 9567749 9639148 -
62 151409 239577 + 1 9640230 9704857 +
63 812 195542 + 1 6530342 6726048 -
63 196032 203543 + 1 6521512 6528901 +
63 204995 274047 + 1 6459197 6520874 -
63 277099 330514 + 1 6329730 6383467 -
63 332767 377049 + 1 6266747 6296998 -
64 1274 2493 + 1 903159 904372 -
64 15025 20060 + 4 1547486 1553091 +
64 21769 84448 + 4 1489882 1524735 -
64 88430 96139 + 4 1435150 1442504 -
64 96874 111524 + 4 1421229 1434294 +
64 115727 140728 + 4 1389771 1417341 -
64 148650 168346 + 4 1367664 1387832 +
64 169411 213868 + 4 1321260 1366859 -
65 58043 213749 + 3 1085764 1220621 -
65 39830 43100 + 7 2473475 2478926 -
66 1652 8362 + 7 3839645 3846272 +
66 42065 47259 + 7 4121019 4126442 +
66 55583 133179 + 7 4127029 4196135 -
66 152228 170165 + 7 4217116 4234834 +
66 178805 188539 + 4 831929 841586 -
67 757 76855 + 5 3356024 3432402 +
67 76990 369331 + 5 3447670 3734395 +
68 130311 131570 + 4 5922081 5923319 -
68 155528 158978 + 4 1913014 1916476 +
68 1214 48807 + 1 541942 588214 -
68 49450 69680 + 1 519811 541366 +
68 71015 118224 + 1 471647 518526 -
68 168770 185050 + 1 444509 471422 -
68 188838 202792 + 1 420013 435063 +
68 162682 166376 + 7 2800905 2804600 +
69 1193 191444 + 4 2497211 2709555 +
70 258115 259121 + 6 3034376 3035400 +
70 2914 4323 + 3 529942 531331 +
70 8203 34148 + 3 494433 517000 +
70 37150 40701 + 3 518851 522669 -
70 43082 46808 + 3 524068 527717 +
70 49618 53145 + 3 470277 473851 +
70 55385 59728 + 3 487499 492825 +
70 62425 69157 + 3 461075 467780 -
70 86796 136625 + 3 384305 426946 +
70 157384 183605 + 3 330193 344711 -
70 187903 190362 + 3 297660 299819 -
70 192824 197150 + 3 283210 287469 +
70 210280 229683 + 3 266979 282827 -
70 304256 345184 + 3 225799 262334 -
70 262550 267200 + 5 12673 17251 -
70 302264 304039 + 5 1108065 1109855 -
70 230009 231427 + 2 1208639 1210111 -
71 184851 186927 + 1 3889804 3891834 +
71 1398 25726 + 3 1221532 1246343 +
71 26763 28806 + 3 1247028 1249082 -
71 29867 31546 + 3 1250391 1252140 +
71 31980 72823 + 3 1274334 1311625 +
71 84132 90287 + 3 1312027 1317089 -
71 93538 172895 + 3 1317408 1406461 +
71 180917 184789 + 10 13828 17640 -
72 1492 190297 + 7 2573500 2745872 -
73 63971 71371 + 1 6309572 6316960 -
73 110427 113378 + 1 5973605 5976505 +
73 26865 29793 + 4 4304281 4307554 -
73 30107 57737 + 4 3842474 3867957 +
73 116098 174077 + 4 3868681 3922634 +
73 178962 183428 + 4 4263374 4267852 -
73 218510 228957 + 4 3922920 3936497 +
73 11617 14409 + 7 2311239 2314029 -
73 14472 16084 + 3 849490 851108 +
73 17256 20612 + 3 2426807 2430172 -
73 23162 24474 + 2 572683 573995 -
74 1032 187855 + 5 4804932 4947858 -
75 9263 196104 + 4 3372784 3512448 +
76 13181 177877 + 4 3937747 4074846 +
77 15481 20816 + 1 5743883 5756170 -
77 31709 45531 + 1 1167472 1181600 -
77 62241 68476 + 1 1160773 1167033 -
77 68927 75785 + 1 1153195 1160585 +
77 76989 180899 + 1 1053512 1152296 -
77 52360 57029 + 4 5959346 5963832 -
78 2893 66257 + 1 7427055 7491803 +
78 72614 84254 + 1 7493528 7504144 -
78 91545 179915 + 1 7511808 7601285 +
79 1075 43432 + 4 1278038 1321193 -
79 44469 98012 + 4 1202437 1255694 +
79 99602 101210 + 4 1256395 1258093 -
79 102611 108121 + 4 1259855 1265578 +
79 110882 131380 + 4 1173836 1194154 -
79 131951 169819 + 4 1088082 1125375 -
80 7764 57245 + 3 4726331 4757363 -
80 62231 70971 + 3 4663879 4672709 -
80 86204 128547 + 3 4677024 4723084 +
80 140836 180451 + 3 4632285 4654615 -
81 159260 161679 + 3 481340 483744 +
81 1330 143932 + 7 1589536 1677261 -
81 203910 239844 + 7 1559789 1588702 -
81 184931 188807 + 5 1763559 1767369 +
81 252521 256849 + 1 9777266 9781581 +
82 4028 42135 + 2 345754 385062 +
82 47262 64170 + 2 397582 416293 +
82 64542 69682 + 2 416889 423667 -
82 73403 83791 + 2 424294 434315 -
82 88590 128279 + 2 438566 479441 +
82 133799 140367 + 2 479998 486537 -
82 140792 173804 + 2 491227 526591 -
83 5559 11831 + 6 817221 823565 -
83 12596 49910 + 6 779051 816931 +
83 50468 103103 + 6 726241 778205 -
83 106502 110371 + 6 718583 722469 +
83 110980 158912 + 6 678769 718030 -
83 159612 174613 + 6 663949 678129 +
84 833 21324 + 6 138537 156803 -
84 22964 39616 + 6 77512 94018 +
84 42411 46353 + 6 100093 103915 -
84 47223 64138 + 6 120903 137582 +
84 65159 87261 + 6 60954 76452 +
84 89844 98725 + 6 47499 56095 +
84 100645 161921 + 6 1409 46814 -
85 7782 17283 + 2 4054446 4064511 +
85 22521 25277 + 2 4047787 4050939 -
85 46531 59588 + 2 3777603 3790690 +
85 63651 101564 + 2 3793191 3821850 +
85 102899 142238 + 2 3834172 3868085 +
85 152553 154569 + 2 142760 144777 +
85 161272 164016 + 2 3946888 3949620 -
85 60800 62577 + 6 3501520 3503311 +
86 23797 26019 + 7 2288260 2290337 -
86 101814 113182 + 7 2483306 2494653 +
86 114837 168249 + 7 2507600 2572534 +
86 84678 92526 + 5 1192472 1213184 -
86 62235 64786 + 3 720142 722574 +
86 72135 74151 + 3 937129 939151 -
86 47120 49422 + 6 3074210 3076339 +
86 96821 99089 + 6 2973631 2975911 +
87 24066 26117 + 3 2431583 2433611 +
87 15144 18027 + 4 124547 127397 +
87 29741 31195 + 4 4988526 4989630 +
87 164775 165889 + 1 5324008 5325225 +
87 10735 12445 + 5 3442508 3447501 +
87 138997 145718 + 5 1155356 1162072 -
87 21550 23370 + 6 3413967 3415772 -
87 40605 63383 + 6 398751 413286 +
87 71763 85475 + 6 227812 241204 +
87 86075 104118 + 6 243843 257289 -
87 105544 124564 + 6 275819 296472 -
87 148111 156958 + 6 258729 267670 -
88 28139 41333 + 1 3463255 3476625 -
88 45197 118642 + 1 3511414 3641443 +
88 118979 134531 + 1 3664451 3679921 +
88 136100 148111 + 1 3709061 3734711 +
88 162818 165052 + 1 3836496 3837953 -
88 166927 168590 + 1 3953324 3954954 -
89 213440 216643 + 7 3700276 3703521 -
89 10494 136853 + 4 1605696 1695773 -
89 138561 168309 + 4 1570530 1600451 +
89 177173 190206 + 4 1554621 1568130 -
89 191794 213153 + 4 1525650 1547096 +
90 30308 34360 + 3 322589 326569 +
90 17715 23534 + 7 3765251 3771253 +
90 37176 39571 + 7 3771426 3773878 +
90 40734 69756 + 7 3734424 3763163 -
90 76808 79418 + 7 3730403 3732923 +
90 93188 118231 + 7 3703792 3729252 +
90 120066 124682 + 7 3665454 3670528 -
90 142788 165925 + 7 4088931 4104599 +
90 166785 171838 + 7 3654250 3659489 -
90 176200 177805 + 7 3660073 3661630 +
90 180774 189574 + 7 4077257 4086486 +
90 191127 192346 + 7 4074741 4075897 -
90 195718 239333 + 7 4043351 4072843 +
91 95651 120339 + 4 154550 179976 +
91 152471 153845 + 4 184782 186182 +
91 138760 139900 + 3 304780 305867 -
91 145354 148178 + 3 4590034 4592157 -
92 2426 15682 + 6 3653892 3661487 -
92 34319 101419 + 6 3667841 3712974 +
92 109708 127406 + 6 3727799 3741949 -
92 130086 132417 + 6 3023337 3025599 -
92 139400 147764 + 6 3719418 3727313 +
92 154073 197883 + 6 3745827 3780904 +
92 218909 220251 + 6 3825624 3826944 -
92 246078 261290 + 6 3809638 3824386 -
92 267251 279024 + 6 3828414 3840317 +
92 279425 283393 + 6 3840707 3845005 -
92 284001 291718 + 6 3846162 3853793 +
92 294014 304688 + 6 3857158 3867965 -
92 229179 231054 + 1 5961566 5964016 +
93 1252 4815 + 5 509598 513435 -
93 7949 17022 + 5 481979 491427 -
93 21163 60665 + 5 798064 828039 +
93 69485 71151 + 5 855989 857700 -
93 71710 93531 + 5 829576 851098 -
93 94489 128553 + 5 858187 891315 +
93 136165 142487 + 3 1707927 1713564 +
94 3064 34384 + 5 732133 763375 -
94 39113 93954 + 5 419055 471905 +
94 95394 107637 + 5 403405 415468 +
94 112490 117896 + 5 397510 401184 -
94 126841 131406 + 5 366388 371007 +
94 139287 143212 + 5 499190 503115 -
94 151386 152702 + 5 393725 395063 +
95 72523 77246 + 5 1218622 1223316 +
95 78598 147276 + 5 1269230 1346118 -
96 6875 8745 + 5 5667638 5669532 -
96 27410 62712 + 4 2315491 2335631 +
96 63958 182586 + 4 2379699 2495610 +
97 10464 32937 + 6 4149133 4162220 -
97 33110 39143 + 6 4063865 4072267 -
97 39980 127000 + 6 4072825 4146282 +
97 135555 148464 + 6 3967743 3977167 -
98 3240 33156 + 5 2800148 2830669 -
98 81633 86030 + 5 2795387 2799789 -
98 90110 143965 + 5 2871767 2909729 +
98 76847 79237 + 2 1993832 1996207 -
99 7709 28848 + 6 297438 330403 -
99 29912 33600 + 6 332138 335892 -
99 35589 50785 + 6 337655 349836 +
99 52001 88655 + 6 198181 226395 -
99 90140 124142 + 6 185203 196521 +
99 125024 130938 + 6 179704 184892 -
100 5380 17106 + 5 614822 625608 -
100 17526 78289 + 5 547289 579804 -
100 104121 120655 + 5 532597 545855 +
100 128318 143232 + 5 514653 527743 +
101 1282 4521 + 6 1176846 1180085 +
101 55963 60966 + 4 4939410 4942083 +
101 62823 139848 + 4 4858178 4927497 -
102 4527 23271 + 2 529122 548061 -
102 24948 31532 + 2 549417 555964 -
102 39831 56647 + 2 563022 571993 +
102 76161 106512 + 2 615907 649171 -
102 108875 132130 + 2 597496 612922 +
102 136952 138905 + 2 590624 592598 -
103 1170 40650 + 4 1934667 1974228 -
103 41961 138898 + 4 1777816 1880136 -
104 22663 24473 + 7 2234465 2236260 +
104 89767 91987 + 7 2496645 2498839 -
104 99877 102811 + 3 805166 807990 -
104 43201 47719 + 5 592909 597355 +
104 61015 75424 + 5 5862874 5872634 +
104 124161 135978 + 5 5874289 5886910 +
104 34496 37416 + 10 25150 28079 -
104 80991 86041 + 10 39362 43747 -
104 109374 110807 + 11 2151 3587 -
105 34307 35338 + 5 4464365 4465402 +
105 49721 73669 + 1 7976196 7998866 -
105 74458 110042 + 1 7939864 7975670 +
105 110406 134814 + 1 7919927 7939331 -
106 1578 8694 + 5 472612 480105 +
106 10325 15940 + 5 765128 771252 +
106 17574 30097 + 5 715479 728942 -
106 32081 33442 + 5 712494 713864 +
106 34436 132606 + 5 628914 710452 -
107 4870 12812 + 5 2367302 2375071 +
107 14613 172888 + 5 2235260 2361409 -
108 26223 55305 + 4 5044457 5060572 -
108 56449 127148 + 4 5089760 5166317 +
108 129896 132071 + 4 5192899 5195220 -
109 9562 71888 + 4 5332885 5389292 -
109 72809 125088 + 4 5256651 5308147 -
110 237636 239165 + 5 1106279 1107861 -
110 2973 50982 + 6 600641 641562 +
110 54011 67354 + 6 644163 657797 -
110 73634 151492 + 6 533892 599176 -
110 154178 192495 + 6 489590 527368 +
110 215083 218979 + 4 3744787 3748556 -
110 229344 231502 + 10 69107 71215 -
111 75754 78193 + 4 5992720 5995089 -
112 46552 47870 + 2 3471711 3473020 +
112 11112 18318 + 5 2383810 2391040 +
112 20101 37740 + 5 2391546 2405932 -
112 38407 46125 + 5 2408026 2416042 +
112 48176 119399 + 5 2423082 2494165 +
112 120587 128708 + 5 2495186 2503503 -
112 129468 131778 + 5 2504138 2507592 +
112 138767 150766 + 5 2509067 2521274 -
112 151542 215029 + 5 2521897 2583439 +
113 1350 33682 + 1 926175 957207 +
113 35067 49514 + 1 959470 973858 -
113 51655 129695 + 1 974883 1052817 +
113 129786 131301 + 3 474631 476156 +
114 29877 77805 + 5 6366552 6410126 -
114 92478 96095 + 5 6360981 6365090 +
114 96440 110841 + 5 6346501 6360224 -
114 113995 118045 + 5 6342560 6345964 +
114 118859 147262 + 5 6313095 6340580 +
114 148650 170245 + 5 6293200 6312370 -
114 172203 176756 + 5 6276534 6280457 +
115 3229 4773 + 1 588901 589988 +
115 22970 27746 + 1 638803 643391 -
115 28963 30158 + 1 636900 637951 +
115 30324 69857 + 1 594145 636250 -
115 73019 105446 + 1 644292 668607 +
115 108684 129509 + 1 698748 718677 +
116 107383 110507 + 1 9286921 9289953 +
116 15973 107061 + 7 1382690 1472347 +
117 2055 25535 + 3 1061143 1085230 -
117 45054 124792 + 3 968421 1041453 -
118 4198 5949 + 1 8228056 8229795 +
118 14283 20896 + 1 2383058 2389632 -
118 22593 38695 + 6 3197502 3212161 -
118 43464 107301 + 6 3214336 3271148 +
119 3957 116321 + 1 7998943 8104923 -
120 88663 90404 + 5 1184167 1185894 -
120 44856 85342 + 7 1346667 1374838 +
120 108061 116313 + 7 1375805 1382663 +
121 10091 12844 + 7 424177 426671 +
121 18026 22443 + 7 427629 432088 -
121 23694 84907 + 7 353459 391936 -
121 88860 105360 + 7 314329 324835 -
121 106126 109464 + 7 307754 311848 +
121 112652 114207 + 7 257826 259447 +
121 115256 118150 + 7 302910 305569 -
122 17183 19271 + 1 3660827 3662885 +
122 50110 52848 + 1 2321232 2323977 -
122 23594 25622 + 3 2231946 2233987 +
122 84275 85884 + 3 829765 831240 -
122 26408 31942 + 7 2427383 2430508 +
122 45058 49537 + 7 2454224 2458715 -
122 8699 13161 + 6 2787328 2791803 +
123 1835 114202 + 5 3255986 3355552 +
124 68328 79707 + 1 6935351 6947212 +
124 87330 88878 + 1 8251169 8252720 -
124 104357 113153 + 1 6948108 6955197 +
124 89152 96777 + 5 1754663 1762142 -
124 15579 17633 + 10 58474 60558 +
125 32907 42194 + 3 4869375 4878055 +
125 44847 87718 + 3 4889011 4925084 -
125 88904 115004 + 3 4933560 4959652 +
126 8937 103467 + 7 1472612 1554976 +
127 28266 30550 + 2 4354224 4356568 +
127 108084 109782 + 2 1112899 1114491 +
127 165864 167573 + 2 3619002 3620711 -
127 3659 19179 + 7 3552773 3568715 -
127 51149 72610 + 7 3539531 3552199 +
127 34113 37523 + 1 8255152 8258517 -
127 111916 113377 + 1 4531560 4532979 +
127 118418 123114 + 1 2308336 2312879 -
127 127235 135528 + 5 2375699 2383518 -
127 136202 140119 + 5 2362227 2366332 +
128 1878 93832 + 7 1982810 2075730 -
129 38255 172876 + 1 8669686 8787177 -
129 177859 265986 + 1 8577903 8657979 -
129 15004 18075 + 7 142451 146415 -
129 32445 35605 + 5 1186031 1189128 -
130 31689 34309 + 4 107032 109764 -
130 38463 41966 + 4 98737 102223 +
130 43005 71124 + 4 70012 98117 -
130 77171 78966 + 4 65004 66802 +
130 81725 104207 + 4 32305 63800 -
130 124727 127234 + 4 1477071 1479503 -
130 143874 148380 + 5 1004649 1009167 -
131 60558 88537 + 7 2105612 2134894 -
131 89374 91191 + 4 4299954 4301669 -
131 98526 110215 + 4 4254999 4259552 -
131 2817 6742 + 6 3065475 3069392 +
131 54144 58609 + 6 2804623 2809100 -
132 5256 13957 + 2 4368869 4376653 -
132 14444 21908 + 2 4337042 4344518 +
132 22829 30591 + 2 4360187 4367862 +
132 32163 47808 + 2 4324088 4336083 -
132 49559 60233 + 2 4434283 4444835 -
132 65292 99805 + 2 4445957 4470525 +
133 34157 91560 + 4 2795993 2850065 -
133 96044 161048 + 4 2738860 2793727 -
133 162221 167459 + 4 2709815 2718297 -
134 5139 10199 + 7 3833041 3838068 -
134 11359 13267 + 7 3830112 3831870 +
134 30265 44866 + 7 3806856 3822230 +
134 53537 70366 + 7 3789855 3805895 -
134 85323 87437 + 7 3783871 3785962 +
134 91389 96848 + 7 3775776 3781125 -
135 26182 29562 + 4 1921954 1924860 +
135 18666 21358 + 7 3419898 3422378 -
135 4109 8574 + 2 1138632 1143109 +
135 13826 17001 + 2 1347443 1350605 +
135 53987 55604 + 2 1340714 1342322 +
136 55732 152433 + 7 3847262 3930228 +
136 161005 171289 + 7 3975251 3981433 -
136 238396 246185 + 7 3963994 3971695 +
137 99647 103755 + 7 278614 282557 +
137 103768 109801 + 2 4471302 4475071 +
137 7409 81495 + 6 423785 476446 -
137 91144 95537 + 6 419951 422228 +
138 41918 46374 + 1 3478663 3483079 +
138 65220 68287 + 2 3895696 3898748 -
138 17848 23603 + 5 6038495 6044108 -
138 104090 107284 + 5 6030980 6034218 -
139 1522 88779 + 1 719573 798683 +
140 1911 84358 + 3 604634 682879 +
140 85569 87518 + 6 3044741 3048011 -
141 58932 61706 + 7 4239614 4242391 -
141 30223 33425 + 5 5406922 5409847 +
141 155092 156754 + 6 2861333 2862993 -
141 165379 166757 + 2 1073618 1075002 +
143 12209 35164 + 3 568876 593002 -
143 36026 85962 + 3 535088 563627 -
144 79675 82466 + 3 4078659 4081535 +
144 11506 14456 + 2 3548879 3551910 -
144 31536 51135 + 2 3553438 3575043 +
145 3923 9922 + 7 4036119 4041467 -
145 11821 29816 + 7 2905532 2920061 +
145 30368 84991 + 7 2931969 2985171 +
146 9002 47509 + 5 2674498 2711492 +
146 48894 50232 + 5 2712844 2714090 -
146 51218 68750 + 5 2714849 2732969 +
146 70735 72292 + 5 1796944 1798499 -
147 5742 12285 + 7 4026327 4031766 -
147 18156 23047 + 7 4016007 4020936 +
147 28551 41513 + 7 3997840 4010940 -
147 52068 84570 + 7 3932120 3960410 +
148 7144 13282 + 4 5250511 5256220 -
148 22945 32382 + 4 5196320 5205926 -
148 33293 41168 + 4 4967098 4974247 -
148 42149 64134 + 4 5169575 5192385 +
149 5169 19295 + 6 3273589 3286941 +
149 22325 33737 + 6 3288464 3300241 -
149 39498 40790 + 6 3305182 3306456 +
149 68862 71844 + 6 3306816 3309821 +
149 59916 62764 + 5 2598271 2600978 -
149 46199 53056 + 1 672894 679652 +
150 31281 35625 + 6 270857 275185 +
150 2863 12182 + 1 3496076 3505478 +
150 12247 14163 + 1 3964126 3965144 +
150 36080 40576 + 1 3505909 3510458 +
150 41266 80795 + 1 3422074 3461966 -
151 15149 79654 + 4 1711917 1776217 +
152 17046 31940 + 5 330325 345124 +
152 34230 38591 + 5 348266 352739 -
152 38728 53273 + 5 353141 362055 +
152 63268 75898 + 5 305424 318029 +
152 77780 78982 + 5 302358 303717 -
153 3708 42636 + 5 1713726 1751776 -
153 53351 70107 + 5 1681376 1707978 +
153 71077 78498 + 5 1671772 1679277 -
153 111479 153266 + 5 1630018 1668125 -
153 98532 103267 + 6 2934326 2938945 -
153 88777 89897 + 2 4345516 4346567 -
154 16728 46480 + 5 1768334 1787194 +
154 80242 91905 + 5 1787548 1795985 +
154 65859 68227 + 7 1068112 1070838 +
155 1849 75050 + 1 805122 871998 +
156 2972 72438 + 5 2163302 2232481 +
157 2867 67623 + 1 6188854 6264940 +
158 12216 14097 + 5 1060842 1062576 +
158 10120 11418 + 4 1004512 1005825 -
159 17443 34393 + 2 1076959 1093852 -
159 34785 70812 + 2 1029615 1066158 -
160 1997 21187 + 2 3477609 3484385 -
160 32182 37003 + 2 3488283 3493179 +
160 37362 68366 + 2 3502880 3542955 +
160 23659 28463 + 5 1520723 1525336 +
162 2647 12170 + 5 2585228 2593893 +
162 12354 58831 + 5 2625922 2673959 +
163 24991 30148 + 4 5967694 5972966 -
163 48568 65465 + 1 9760505 9770812 -
164 3356 95041 + 7 3454917 3538209 +
165 91382 92552 + 4 365368 366540 +
165 24070 25697 + 3 119736 121336 -
165 51423 79620 + 3 4775730 4801252 -
166 8618 23746 + 1 1186794 1201207 +
166 24840 30608 + 1 1240112 1245909 -
166 49848 53051 + 1 5941268 5944413 +
166 53157 62879 + 1 1229622 1239631 -
167 6036 11261 + 5 5978157 6024538 -
167 17173 22041 + 5 5964896 5969862 +
167 25293 61848 + 5 5926499 5963019 -
168 33305 34519 + 5 5909725 5910929 +
168 20374 21979 + 6 3038792 3040388 -
168 60560 72082 + 1 3647552 3660718 +
168 72095 75620 + 1 3774076 3777129 -
169 12730 16472 + 5 322567 326454 -
169 28906 34424 + 5 6179951 6185510 +
169 53642 61845 + 5 384951 391875 +
169 37214 38464 + 4 2353958 2355205 +
170 44807 53500 + 3 725397 734909 -
170 35862 41027 + 1 3765810 3770936 -
171 16868 52244 + 6 823654 858096 +
173 2434 14631 + 1 8788637 8801074 -
174 4265 45049 + 7 1941483 1982084 -
175 2163 6407 + 7 1677943 1682298 +
175 6830 53684 + 7 542493 584802 -
176 2707 33242 + 6 3119201 3150548 +
176 35206 79990 + 6 3151999 3195650 -
177 26423 29334 + 1 3877123 3879897 +
177 42865 47338 + 6 3011946 3016431 +
177 32512 36974 + 3 867232 871706 +
178 27111 28143 + 3 1042203 1043274 -
178 34567 39032 + 2 1168549 1173026 +
178 11524 14448 + 5 1088975 1096894 -
178 94670 95931 + 5 900069 901335 +
178 89333 94386 + 7 1328799 1333187 +
180 4183 10985 + 4 2019829 2026579 -
181 3543 12674 + 7 292898 301064 -
181 13005 44783 + 7 264822 273875 -
182 3725 26600 + 6 3312138 3334609 +
182 36528 37875 + 6 3339940 3341307 +
183 26766 29384 + 3 929428 931538 -
184 1960 40826 + 2 4123305 4151916 +
185 5101 10358 + 5 925514 929044 -
185 38313 42661 + 5 4162325 4166648 +
185 16501 19314 + 2 1320579 1323395 +
185 21565 24287 + 6 3054349 3056997 +
187 25789 29560 + 3 940898 944681 -
188 27438 32120 + 4 5241851 5246575 -
189 31221 33587 + 2 3922882 3925232 +
190 6823 70155 + 4 2850373 2911604 +
191 3160 37821 + 4 3345388 3372095 +
192 12405 16114 + 7 2267257 2270418 +
195 4115 7187 + 5 1176612 1179690 -
195 21435 23924 + 5 1136008 1138334 +
195 2566 4067 + 3 743296 746099 +
195 32185 34920 + 6 2943374 2945894 +
197 12114 13765 + 6 175817 177581 -
197 15420 16448 + 6 171146 172196 +
197 18101 33511 + 6 157812 171013 -
198 2018 8957 + 3 966435 967862 -
198 33534 37557 + 3 749441 761677 -
199 21668 22890 + 3 4268294 4269488 -
200 7542 11181 + 6 2828699 2832173 -
201 9852 11211 + 4 943026 944379 -
201 18105 24935 + 5 4055252 4061821 +
203 5333 8739 + 5 5887461 5891021 +
203 9191 17952 + 5 5917110 5926109 +
204 6171 8411 + 4 5329529 5331611 +
205 2042 3580 + 2 3926838 3928377 +
206 16805 22213 + 1 3694498 3699918 -
206 23936 25423 + 1 3757774 3759239 +
206 11293 15362 + 7 2420168 2424249 +
208 2999 28496 + 2 2217631 2245804 +
209 14569 19332 + 6 2688144 2692907 -
212 11430 15172 + 3 836262 840001 +
213 4296 10078 + 2 131957 137728 -
214 17358 20568 + 7 2281942 2285201 -
214 13523 17263 + 1 3746870 3752617 +
215 2228 4988 + 1 9492256 9493599 +
215 14253 26076 + 7 4106051 4116521 -
216 25583 29804 + 7 3414468 3417288 -
217 9421 10874 + 1 6405495 6406963 +
218 17436 18508 + 2 3660440 3661515 +
219 4875 14846 + 6 3947339 3956755 -
219 16312 21827 + 6 3957648 3963616 +
221 8763 11292 + 7 2078874 2081405 +
222 3228 4882 + 7 2351344 2352990 +
222 17084 18913 + 3 885732 887585 +
222 19228 21318 + 4 5990406 5992378 -
223 2691 21916 + 6 3102774 3116485 +
224 5482 11475 + 6 481142 487065 +
226 10142 12871 + 1 4336510 4339188 -
231 11659 14463 + 2 1311671 1314474 +
235 11781 16245 + 7 2344113 2348589 +
236 5596 9155 + 7 2305757 2310104 +
241 2451 13559 + 1 2584334 2595631 -
242 271 1702 + 3 1815473 1816928 -
242 3995 5595 + 5 1128870 1130428 -
247 7494 11512 + 2 1240431 1256205 -
250 8110 12886 + 2 111717 116490 -
253 7952 12942 + 1 6386168 6391261 -
260 2907 4576 + 7 2139812 2141471 +
263 2626 10209 + 2 2709415 2717261 -
264 667 2502 + 2 2707567 2709354 -
269 6621 8038 + 1 803244 804807 +
272 4736 7554 + 3 946346 953472 +
274 3416 6544 + 5 5911500 5914590 -
280 3626 6014 + 3 690906 693280 -
286 4521 6666 + 1 5486935 5489113 -
289 3529 4840 + 7 1276166 1277465 -
295 19 1598 + 4 5786747 5788200 -
295 2942 4930 + 4 4294126 4296114 +
337 271 2998 + 6 374028 376614 -
357 864 2314 + 2 3928824 3930094 -
