1 3111 45437 + 1 4442692 4482705 +
1 123630 126574 + 1 6405052 6408005 -
1 176724 1445877 + 1 4483020 5844836 +
1 1446822 1463704 + 1 5852845 5868572 +
1 1465127 1490883 + 1 8450876 8477361 +
1 1491038 2463988 + 1 7223031 8132642 -
1 66933 71301 + 4 5277652 5281939 +
1 139931 143659 + 6 420508 421999 -
1 152797 156090 + 6 2688631 2691936 -
2 202 231055 + 5 3005546 3219928 -
2 235011 268379 + 5 2981133 3005117 +
2 271530 277289 + 5 2977076 2980722 +
2 278575 394631 + 5 2871073 2974361 -
2 405221 480845 + 5 2795388 2868423 +
2 510090 577469 + 5 2716746 2777767 -
2 580856 582505 + 5 2713164 2714211 +
2 583688 860458 + 5 2423082 2711492 -
2 861096 1263291 + 5 2004021 2416023 -
2 1263524 1267213 + 5 1999835 2003662 +
2 1267730 1550594 + 5 1708915 1999420 -
2 1554574 1561086 + 5 1682890 1689046 +
2 1566698 1632222 + 5 1618125 1679919 -
2 1633040 1636556 + 5 1592656 1596173 +
2 1640850 1655647 + 5 1601626 1615535 -
2 1659111 1660695 + 5 1616240 1617733 -
2 1661386 1727196 + 5 1525926 1591880 -
2 1730702 1788410 + 5 1460448 1519405 -
2 395127 397883 + 7 2135613 2138423 +
3 10762 242974 + 3 461007 682946 -
3 248688 504201 + 3 971623 1246352 +
3 505261 507323 + 3 1247028 1249082 -
3 508354 633651 + 3 1250391 1415211 +
3 636645 648393 + 3 1416039 1428174 -
3 649280 1866986 + 3 1431551 2745793 +
3 1872997 1874792 + 3 2746337 2748490 -
3 1875260 2385444 + 3 2748566 3276802 +
3 1868238 1870088 + 4 4976266 4978104 -
4 1073 209402 + 1 8208493 8450496 +
4 211711 653293 + 1 5869481 6383467 +
4 656144 1087687 + 1 6458998 6904572 +
4 1133937 1137084 + 1 3612781 3615925 +
4 1144374 1491039 + 1 6905088 7221229 +
5 786831 817779 + 1 45559 59611 -
5 844073 877256 + 1 1225 44564 +
5 881424 926962 + 1 215133 254692 +
5 932069 935153 + 1 258743 259779 -
5 936453 947508 + 1 260767 293802 -
5 954536 958025 + 1 295206 297819 +
5 969230 993233 + 1 305693 328478 -
5 994825 997178 + 1 328689 331097 -
5 997455 1024466 + 1 332277 361705 +
5 1024987 1029165 + 1 364754 369220 -
5 1044972 1103714 + 1 378277 440947 +
5 1107674 1130583 + 1 444131 478197 -
5 1131896 1133618 + 1 488768 490493 -
5 1137648 1139764 + 1 491807 493936 -
5 1145245 1242957 + 1 494788 584621 +
5 1249196 1253660 + 1 639086 643392 -
5 1255155 1256334 + 1 636895 637951 +
5 1256571 1295742 + 1 594266 636208 -
5 1298927 1763746 + 1 644294 1193131 +
5 1766523 1771874 + 1 1193852 1199470 -
5 1772294 2007595 + 1 1201660 1447183 +
5 2087 235301 + 2 1631434 1851249 +
5 235555 238167 + 2 1858302 1860272 -
5 244931 274755 + 2 1861437 1889397 +
5 277658 305660 + 2 1892049 1919385 -
5 309714 488379 + 2 1921952 2113250 +
5 488604 784072 + 2 2170760 2465609 +
6 51817 53274 + 4 4047205 4048659 -
6 131904 133460 + 4 4990550 4992010 +
6 1159 4136 + 6 2316349 2319401 -
6 27179 30977 + 6 2694616 2698422 +
6 153839 358786 + 6 2107696 2312943 -
6 359680 362761 + 6 2103995 2107134 +
6 363416 477850 + 6 1989233 2103255 -
6 479259 488199 + 6 1978004 1986990 +
6 489043 505470 + 6 1960925 1977167 -
6 508683 520424 + 6 1946503 1957651 +
6 521709 611796 + 6 1823772 1945631 -
6 612063 1201494 + 6 1210147 1794819 -
6 1240513 1628149 + 6 663924 1038267 +
6 1628308 1653388 + 6 1043954 1069796 -
6 1659505 1749447 + 6 1089016 1172042 +
6 1760045 1818098 + 6 601085 658199 +
6 1824388 1884256 + 6 534273 599177 -
6 1887440 1925605 + 6 489299 531080 +
6 1927619 1992863 + 6 423776 487065 -
6 2161994 2170264 + 1 5844976 5851675 +
6 2136595 2139235 + 2 2157737 2160368 -
6 2208037 2209140 + 2 775769 776852 +
6 2213670 2249700 + 2 4222585 4274953 +
6 2250611 2288839 + 2 4279508 4310652 -
6 2437031 2580960 + 2 4324088 4470525 +
7 3611 12830 + 7 321724 356072 -
7 20354 26053 + 7 386582 390601 +
7 26939 73307 + 7 394219 432103 -
7 74226 79735 + 7 433279 438658 +
7 81482 91406 + 7 440353 450630 -
7 96295 101206 + 7 453129 458475 -
7 103744 375507 + 7 461522 766912 +
7 376494 379886 + 7 768711 771729 -
7 381402 427877 + 7 772660 826246 +
7 441694 722783 + 7 830099 1181482 +
7 738178 739751 + 7 1182788 1184326 -
7 740218 768837 + 7 1184592 1210124 +
7 783305 804594 + 7 1211292 1226214 +
7 808098 831656 + 7 223303 244846 +
7 846064 871348 + 7 257826 305584 -
7 872980 878700 + 7 306422 311997 -
7 881205 883232 + 7 314329 316208 +
7 890747 899630 + 7 377050 385070 +
7 901028 1057837 + 7 1346667 1501041 -
7 1063771 1096984 + 7 1285630 1318372 -
7 1098024 1137945 + 7 1228678 1266806 -
7 1146101 1151083 + 7 215730 220746 +
7 1155166 1164466 + 7 204982 214241 -
7 433276 436696 + 6 362141 365225 +
7 770812 772752 + 1 6434474 6436411 +
7 1062009 1063063 + 3 4997550 4998672 +
8 750254 752215 + 4 3929719 3931677 +
8 3153 94216 + 6 4117206 4162480 -
8 94509 98883 + 6 4112451 4116964 +
8 100582 253545 + 6 3957329 4111023 -
8 254630 264514 + 6 3947571 3956769 +
8 272215 318138 + 6 3896170 3942847 -
8 323348 326966 + 6 3892061 3895558 +
8 328875 408870 + 6 3829033 3891829 -
8 412763 432667 + 6 3807386 3826707 +
8 435726 479888 + 6 3745827 3806196 -
8 480482 484262 + 6 3714262 3717206 +
8 486050 490382 + 6 3722247 3727318 -
8 502122 524091 + 6 3727799 3744795 +
8 529712 590020 + 6 3668079 3712550 -
8 594855 733508 + 6 3476014 3629515 +
8 734900 746484 + 6 3653892 3661676 -
8 758386 1119985 + 6 3108386 3474671 -
9 101 51827 + 2 252928 308306 +
9 61594 78868 + 2 315581 332912 -
9 83719 157790 + 2 337699 423667 +
9 159272 169977 + 2 424157 434317 -
9 173233 293142 + 2 438820 555956 +
9 363270 384515 + 2 578619 592357 +
9 389005 402867 + 2 597515 613565 -
9 405232 528936 + 2 615897 749443 +
9 533123 535273 + 2 750398 752531 -
9 535922 578544 + 2 755091 774144 +
9 580535 681590 + 2 777279 873923 +
9 688943 709584 + 2 887149 907399 -
9 710852 860548 + 2 908351 1064871 +
9 873179 890488 + 2 1066044 1093852 +
9 319219 320589 + 3 4987288 4988570 -
9 865067 869318 + 6 1813116 1817375 -
10 880573 919449 + 1 61878 119305 +
10 212 251859 + 2 3098994 3362866 -
10 253616 266913 + 2 3084977 3098136 +
10 268326 874986 + 2 2466114 3083034 -
11 1245 42485 + 4 1570525 1600527 +
11 43344 45389 + 4 1602645 1604684 -
11 47874 103057 + 4 1605658 1655137 +
11 155889 160388 + 4 4203376 4208206 +
11 241250 264679 + 4 1655895 1674783 +
11 265752 280513 + 4 1675568 1688699 -
11 289377 838780 + 4 1690126 2336427 +
11 839245 1162080 + 4 2379699 2701052 +
11 1182165 1183701 + 4 2794134 2795688 -
11 1207859 1221024 + 4 2702100 2718314 +
11 1221241 1277083 + 4 2737991 2793737 +
11 1283160 1854905 + 4 2795866 3373319 +
11 226037 227338 + 7 4234573 4235931 +
11 215950 217966 + 2 4177700 4179641 +
11 1279023 1281917 + 2 4275378 4277786 -
11 166707 168155 + 10 37214 38659 -
12 277 57899 + 5 798064 857711 -
12 64299 264931 + 5 482997 700817 +
12 266875 273017 + 5 701797 707949 -
12 273838 331936 + 5 710327 771252 +
12 336379 637518 + 5 202928 480292 -
12 639935 654130 + 5 165693 200794 +
12 656601 684507 + 5 132357 162717 +
12 686506 824786 + 5 19175 130825 -
13 3064 666171 + 5 3751590 4506551 +
13 667002 1252069 + 5 4520125 5118004 +
13 1253420 1257857 + 5 5118827 5123278 -
13 1258474 1272313 + 5 5126334 5140856 -
13 1274095 1303731 + 5 5141377 5170532 +
14 1118 26729 + 1 2455335 2480628 +
14 27152 41117 + 1 2481751 2495096 -
14 45066 544466 + 1 2496582 2985222 +
14 545534 559116 + 1 2986285 3000080 -
14 559432 561152 + 1 3001040 3002774 -
14 562330 566119 + 1 3003227 3007191 -
14 566686 737801 + 1 3008466 3178199 +
15 174 182973 + 3 3533934 3721871 +
15 195051 735542 + 3 3729093 4314823 +
16 166336 172878 + 2 3533055 3539482 -
16 575 160136 + 1 1447394 1594088 +
16 190101 731928 + 1 1597529 2136947 +
17 297 4187 + 7 371783 375670 +
17 9059 654632 + 7 1503993 2134894 +
18 1640 22334 + 3 4889012 4909864 -
18 27609 45810 + 3 4913362 4925154 +
18 48303 179111 + 3 4724160 4878055 -
18 181670 240050 + 3 4663809 4723676 +
18 241341 309962 + 3 4597476 4662871 -
18 317808 357767 + 3 4539695 4577889 +
18 364994 576276 + 3 4315451 4528043 -
19 2877 37898 + 1 8881870 8917908 -
19 44760 46358 + 1 8876052 8877699 +
19 46903 455641 + 1 8498474 8875794 -
19 458779 475894 + 1 8477691 8494290 -
19 476926 554717 + 1 8133482 8207013 +
20 219965 221609 + 3 4991481 4993011 +
20 4606 43596 + 5 6371876 6409721 -
20 44679 49777 + 5 6366552 6371412 +
20 50624 205281 + 5 6219989 6365306 -
20 212055 214112 + 5 6194703 6196665 +
20 245598 257311 + 5 6198696 6210839 +
20 282907 719289 + 5 5617064 6175193 -
20 720197 723810 + 5 5612911 5616550 +
20 724544 819889 + 5 5516286 5610516 -
21 204 534315 + 5 3220023 3750048 +
22 460 159839 + 4 3373903 3512507 +
22 166302 168927 + 4 5786748 5789142 -
22 170025 185687 + 4 4928484 4942083 +
22 187445 456519 + 4 4672257 4927522 -
22 471349 524946 + 4 3555121 3609353 -
22 525800 532881 + 4 3547544 3554904 +
22 534100 565685 + 4 3513448 3545818 -
22 569919 572105 + 4 5791659 5793836 +
22 573077 715535 + 4 5496383 5643394 -
22 715984 724778 + 4 5486645 5496125 +
22 724975 764514 + 4 5443836 5486186 -
22 788242 791389 + 4 2723135 2726279 +
22 796377 924369 + 4 5282623 5441876 -
22 934469 1105450 + 4 5055526 5275217 -
23 4231 87867 + 4 1489882 1568655 -
23 92733 252569 + 4 1278046 1442504 -
23 296731 426894 + 4 1174074 1265578 -
23 427652 465455 + 4 1088090 1125375 -
24 13531 171605 + 4 332302 511361 -
24 179403 308838 + 4 201292 323828 +
24 318797 408185 + 4 105543 199256 -
24 410441 414010 + 4 98771 102224 +
24 415225 499508 + 4 20698 97890 -
25 242 30947 + 1 3178292 3209029 +
25 31254 46023 + 1 3209543 3224945 -
25 46530 293820 + 1 3225303 3461824 +
25 294660 322987 + 1 3463322 3510481 -
25 326173 395973 + 1 3511080 3595691 +
25 396447 428681 + 1 3638041 3734711 +
26 278 144386 + 1 9463712 9638683 -
26 154891 178697 + 1 9436509 9461109 +
26 190656 229932 + 1 9379732 9421369 -
26 231692 250664 + 1 9356261 9378465 +
26 252288 290875 + 1 9265484 9354909 -
26 292193 331766 + 1 9184699 9224529 -
26 333552 348670 + 1 9154373 9181771 +
26 350756 379359 + 1 9226471 9256269 +
26 379817 388336 + 1 9256554 9264763 -
26 390505 427907 + 1 9113448 9151199 -
27 9795 229445 + 5 1218605 1460322 +
27 229764 461872 + 1 2137430 2454111 -
28 20409 37653 + 6 398587 413241 +
28 39182 148532 + 6 227698 349836 +
28 151241 271316 + 6 120901 226416 -
28 272799 276328 + 6 100811 104386 +
28 277892 374763 + 6 1409 94892 -
29 1981 360764 + 4 4323426 4671357 -
29 378543 404842 + 2 3841887 3869735 +
29 407689 441837 + 2 3872951 3949620 -
29 443147 528064 + 2 3950929 4037293 +
29 528540 599365 + 2 3595927 3777293 -
29 600733 605280 + 2 3588528 3593413 +
29 607374 611383 + 2 3583181 3587247 -
29 613087 614374 + 2 3581159 3582567 +
29 625399 646198 + 2 4066218 4085052 -
29 659488 691552 + 2 4086564 4151479 +
30 357 60801 + 6 2374330 2436799 +
30 61653 76271 + 6 2438310 2452955 -
30 78097 295958 + 6 2454392 2676309 +
30 296610 358353 + 6 2700132 2769572 +
31 670 56802 + 4 4241694 4321999 -
31 58818 60944 + 4 1267375 1269888 +
31 61274 78163 + 4 4214057 4230363 -
31 84188 210432 + 4 4063777 4202295 -
31 211017 314371 + 4 3932777 4031329 -
31 361104 670596 + 4 3610476 3929163 -
31 315016 323555 + 2 4313602 4320496 +
32 40025 373279 + 7 2483306 2841760 +
33 248969 261538 + 4 829895 842202 +
33 10500 29755 + 7 4200433 4232585 -
33 32204 101958 + 7 4127000 4196236 +
33 111187 119830 + 7 4118348 4126445 +
33 166158 176750 + 7 4106633 4117429 +
33 178078 200914 + 7 4046757 4068284 -
33 206364 208679 + 7 1283275 1285447 +
33 352431 355835 + 7 4068811 4072363 -
33 357770 360006 + 7 4043352 4045594 +
33 424324 456970 + 7 4074749 4104599 +
33 458920 474603 + 7 3653738 3670559 +
33 311368 313075 + 3 4533314 4534997 -
33 337723 339540 + 11 15684 17500 -
34 436 344324 + 5 5171640 5515983 -
34 346451 352487 + 9 23984 30021 -
35 601 304536 + 1 3972730 4439350 -
36 3817 43448 + 4 5891870 5945176 -
36 48993 50573 + 4 5883152 5886322 +
36 53387 110727 + 4 5794116 5847138 -
36 111487 136926 + 4 5645142 5671571 +
36 137386 156787 + 4 5672034 5690562 -
36 158130 214763 + 4 5691184 5743726 +
36 287047 288820 + 4 4988854 4990227 -
37 124370 159757 + 4 5751504 5785639 +
37 289504 310329 + 4 4944624 4966287 -
37 378384 380450 + 4 1469898 1471964 -
37 413905 446290 + 4 4995992 5053384 +
37 383456 385032 + 6 415044 416489 -
37 317244 320671 + 1 6454298 6458721 -
37 194174 196696 + 2 3830216 3832910 -
37 250578 251608 + 3 5269818 5270863 -
38 9244 15893 + 3 4880688 4887622 +
38 18607 47049 + 3 4931343 4960732 -
38 47352 71148 + 3 4961771 4984881 +
38 72632 83933 + 3 5002224 5013719 -
38 113607 137756 + 3 5033093 5060745 -
38 138953 221367 + 3 5088866 5146424 +
38 225544 259510 + 3 5147604 5183075 -
38 263262 267665 + 3 5184994 5189330 +
38 269927 308417 + 3 5190019 5225080 -
38 310054 333959 + 3 5226173 5246372 +
38 335868 355146 + 3 5250275 5268348 -
39 679 77170 + 3 219454 281416 -
39 80786 102279 + 3 201269 217677 +
39 110702 128749 + 3 174524 197211 +
39 131366 205820 + 3 99669 173703 -
39 207238 240495 + 3 86211 98820 +
39 241928 280278 + 3 32670 85046 -
39 280502 286575 + 3 29237 31780 +
39 288488 307629 + 3 9195 28980 -
39 308236 354460 + 1 150040 187930 +
40 909 358043 + 3 3278947 3533853 +
41 1556 230131 + 7 3364566 3625389 -
42 29389 216610 + 4 513659 695042 -
42 3825 7635 + 2 111717 115476 +
43 1436 103798 + 7 3804719 3889308 +
43 105507 111553 + 7 3891384 3897550 -
43 114132 180676 + 7 3899203 3960829 +
43 181342 189464 + 7 3963674 3971961 -
43 203644 269916 + 7 3976031 4041517 +
43 273994 291950 + 7 2905611 2935320 +
43 293251 308058 + 7 2936355 2951872 -
43 309898 323845 + 7 2953626 2966423 +
43 327687 331018 + 7 2968744 2972175 -
43 332078 452592 + 7 2973625 3063448 +
43 465014 584205 + 7 3063716 3181180 +
43 457386 462778 + 4 1141122 1145830 +
44 1627 85593 + 1 8920846 9010219 +
44 87731 104896 + 1 9014422 9030634 -
44 108725 152777 + 1 9031635 9077987 +
45 893 63045 + 2 1464633 1523610 -
45 95801 180989 + 2 1366431 1454261 -
45 211710 212951 + 3 3724875 3726118 +
45 69591 72745 + 13 3670 6822 +
46 608 171004 + 7 3201405 3364089 -
47 462 5916 + 5 2417435 2422750 +
47 48914 51278 + 6 2313171 2315566 -
47 53809 86641 + 2 3488837 3531383 +
47 97200 134042 + 2 3548195 3578102 +
47 137108 146131 + 2 4054411 4063654 +
47 148130 150682 + 2 4048234 4051094 -
48 14435 15597 + 2 94712 95876 -
48 28631 40189 + 2 96900 107980 +
48 42355 150682 + 2 147668 252368 +
49 3392 84010 + 2 36678 91894 -
49 84956 87406 + 2 33704 35825 +
49 113227 135301 + 2 8935 32999 -
50 2588 125974 + 7 1433 100198 -
51 19162 21121 + 5 4512380 4514341 -
51 47120 51278 + 3 965987 970310 +
51 53584 56005 + 3 454793 457046 -
51 68529 119390 + 3 385173 451024 -
51 124468 125588 + 3 341921 342959 -
51 61359 62412 + 2 142749 143777 -
52 30252 67718 + 4 842731 874198 -
52 68723 127175 + 4 771650 829191 -
53 102439 105385 + 5 1522118 1525398 +
53 705 102195 + 2 3363056 3484418 +
53 106410 107439 + 2 4219500 4220520 +
53 115909 120737 + 2 4213407 4217948 -
53 122914 153126 + 2 4181545 4212690 +
54 805 99971 + 2 1524540 1630515 -
55 605 84715 + 1 9638709 9769945 +
56 29293 34421 + 3 358562 363025 -
56 65663 93389 + 6 3076602 3107134 +
57 16568 18368 + 1 8495039 8496083 +
57 57876 91236 + 5 858187 891315 -
58 3489 16090 + 2 3834172 3840383 -
58 36724 82436 + 2 3777599 3821848 -
58 83196 90219 + 2 4037917 4042620 +
59 2276 22876 + 4 698390 717537 -
59 28378 52401 + 4 723445 741995 +
59 59161 71793 + 4 745124 758373 -
59 72333 87163 + 4 761054 769938 +
60 1445 8562 + 7 101624 108515 +
60 17196 18234 + 7 154306 155324 +
60 19254 26768 + 7 127152 135035 -
60 28719 39289 + 7 114797 125782 +
60 46039 76640 + 7 160501 198503 +
61 130979 135732 + 4 2370654 2375413 +
63 622 64692 + 6 2320188 2374266 -
64 1096 71860 + 7 2843063 2902777 -
65 4758 21608 + 7 3783854 3800494 -
65 24819 31009 + 7 3775343 3781540 +
65 33149 57439 + 7 3747832 3773996 -
65 57759 62565 + 7 3740869 3745514 +
67 666 2544 + 7 3745733 3747542 +
67 3548 53928 + 7 3705551 3740076 -
68 64860 68489 + 2 4170381 4174185 +
69 1366 21490 + 3 296507 340178 -
69 24509 29356 + 3 283041 287410 +
70 6456 30606 + 7 3626516 3650086 -
76 1400 18095 + 7 3183303 3199325 -
79 1121 13504 + 7 357923 371409 -
