1 270 21809 + 2 2753280 2775145 -
1 22845 36447 + 2 2739106 2753073 +
1 36534 75252 + 2 2700489 2738399 -
1 75855 100310 + 5 235373 270847 +
1 100987 107884 + 5 270881 278070 -
2 354 7709 + 4 3840992 3846522 +
2 9642 19113 + 4 3851242 3860525 -
2 19460 139657 + 4 3861232 3985604 +
3 553 30329 + 5 532592 553441 +
4 2936 19679 + 3 2705129 2722221 -
4 19849 31891 + 3 2722392 2734239 -
4 32491 42584 + 3 2734662 2744532 -
5 42 8116 + 4 5663227 5671495 +
5 9146 24416 + 4 5645150 5660657 -
5 25481 26924 + 4 5794629 5796063 -
5 27853 36924 + 4 5796587 5805501 +
6 52 53197 + 5 2823762 2874464 -
6 53530 62979 + 5 2814117 2823670 +
7 62 6775 + 2 491863 498632 +
7 6845 8013 + 2 503374 504539 -
7 13053 27935 + 2 504772 522415 -
7 28294 83214 + 2 432713 486106 +
7 87178 90388 + 2 523948 526523 -
7 90914 96024 + 2 422597 427060 -
8 143 9037 + 1 1574651 1583743 -
8 13985 20659 + 1 1566425 1573104 +
8 21562 26694 + 1 1559309 1564461 -
8 26945 30761 + 1 1584001 1587957 -
8 38572 65684 + 1 1596642 1623177 -
8 69018 81976 + 1 1623684 1636650 -
8 95531 225830 + 1 1650907 1781000 +
8 247051 276063 + 1 1801316 1828888 -
8 283531 304222 + 1 1836458 1856943 -
8 305576 310705 + 1 1857028 1862288 -
9 82 2022 + 5 3381913 3384020 -
9 5177 22727 + 5 3355453 3371724 +
9 23129 24322 + 5 3351027 3352324 +
9 27754 42705 + 5 3335672 3350779 +
9 48587 49876 + 5 3334257 3335545 +
9 50102 71988 + 5 3307614 3329698 +
9 78023 119117 + 5 3269994 3307454 +
9 127230 144668 + 5 3243292 3260467 -
10 130 3510 + 5 553892 557265 -
10 8272 44580 + 5 482997 527910 -
10 61791 142609 + 5 799443 880266 +
10 55082 61261 + 7 2897696 2903738 -
11 434 13853 + 1 3018516 3032187 -
11 19006 25078 + 1 2979595 2985208 +
11 25718 39870 + 1 2986540 3000558 -
11 40542 42118 + 1 3001040 3002547 -
11 42770 48261 + 1 3003214 3008788 +
11 14360 17898 + 2 1927018 1930431 +
11 48393 71598 + 2 1905027 1926879 +
11 81583 94641 + 2 1892334 1904915 +
12 1014 21065 + 3 1127189 1147865 -
12 23107 119862 + 3 1148765 1245837 +
13 1588 8945 + 1 2246185 2253442 -
13 9542 13896 + 1 2241507 2245647 +
13 14559 23475 + 1 2232027 2240830 +
13 23801 49717 + 1 2207059 2231940 +
13 49794 81758 + 1 2181320 2206220 +
13 84923 118983 + 1 2149354 2181083 -
13 119287 127944 + 1 2137579 2146485 +
13 137225 150856 + 1 2115526 2129372 +
13 152340 184498 + 1 2082322 2112821 -
13 184899 187144 + 1 2079911 2082177 +
13 187326 205101 + 1 2062336 2079910 +
13 206148 208842 + 1 2058437 2061064 -
14 132 31506 + 7 2586795 2616637 -
15 16329 18062 + 4 4723302 4725001 +
15 20341 64115 + 4 1816885 1869186 -
15 64231 94099 + 4 1869413 1952791 -
15 94210 122018 + 4 1952979 1980638 +
15 122981 125757 + 4 1981052 1983940 -
15 126979 139911 + 4 1985676 1998773 +
15 147586 173978 + 4 2005076 2063371 -
15 174310 224210 + 4 2064927 2114476 +
15 239320 251547 + 2 3213158 3225310 +
15 251603 313737 + 2 3152992 3213134 -
16 152 12262 + 3 2097750 2109650 +
16 13073 26674 + 3 2081841 2095895 -
17 802 12827 + 7 3827896 3838053 -
18 1552 8324 + 4 235182 242847 -
18 14499 37197 + 4 243873 270186 +
19 12348 34823 + 6 227695 247524 +
19 39875 42415 + 6 249132 251873 -
20 2865 17841 + 5 2796503 2810512 -
21 923 2432 + 5 5021432 5022919 -
21 2866 39819 + 5 5024143 5061364 +
22 3483 22738 + 4 103894 146513 +
22 24559 31833 + 4 147453 154629 -
23 1093 9496 + 4 3188478 3196972 -
23 16774 25464 + 4 3200651 3209782 -
23 25856 45066 + 4 3211405 3230989 +
23 51028 65529 + 3 2904186 2918373 -
23 47768 50879 + 1 4358336 4361396 -
23 65774 83371 + 1 4300428 4357252 +
23 91357 123340 + 1 4268641 4300061 +
23 83850 91318 + 6 1296499 1301622 -
23 125553 132234 + 6 1321951 1328734 +
23 136784 149123 + 6 1302587 1314720 -
24 1116 22476 + 5 1870664 1892092 +
24 23252 43461 + 5 1849198 1869506 +
24 43843 76954 + 5 1816164 1847807 +
24 79884 97326 + 5 1799382 1816089 -
24 98227 141256 + 5 1743746 1798484 +
25 242 9205 + 4 5472831 5483199 -
25 9393 14844 + 4 5483291 5488985 -
25 14958 29317 + 4 5489024 5503346 -
25 29623 55175 + 4 5503537 5529319 +
26 3731 33227 + 4 5713514 5743640 +
27 936 5378 + 3 5185027 5189330 -
27 8470 43178 + 3 5147604 5183075 +
27 45183 50450 + 3 5130160 5133045 +
27 51323 60996 + 3 5134242 5143366 -
27 65342 66678 + 3 5144985 5146424 +
27 70529 74447 + 3 5124109 5128073 +
27 76302 94681 + 3 5106870 5122577 -
27 99253 105598 + 3 5190019 5195569 -
28 2540 15881 + 5 1433772 1446737 -
28 18694 30227 + 5 1447667 1459113 -
29 458 1917 + 1 1294989 1296365 -
29 2245 27786 + 1 1260911 1290229 +
29 37082 84403 + 1 1194932 1252806 +
29 86365 123701 + 1 1156585 1193435 -
30 335 91691 + 5 3857392 3974239 +
31 945 50462 + 7 2936024 2990275 +
31 53060 86811 + 1 6550554 6584542 +
31 87596 120694 + 1 6585490 6620197 -
31 121959 160609 + 1 6620918 6657395 -
31 161538 169095 + 1 6657958 6666430 +
31 173997 191685 + 1 6671228 6689557 -
32 674 25156 + 7 2561593 2586566 -
33 23947 30480 + 5 1512560 1519152 -
33 37456 56185 + 5 1492310 1511287 -
33 57973 62404 + 5 1487446 1492209 +
33 1684 6383 + 2 3479366 3484424 +
33 7625 18524 + 2 3469517 3478852 -
33 31083 36115 + 1 4591019 4595316 -
34 780 3186 + 1 7580372 7582816 +
34 3692 21748 + 1 7561626 7579961 +
34 22405 25097 + 1 7583485 7586104 -
35 5341 55812 + 1 135257 178293 -
35 57798 68919 + 1 121705 132631 +
36 5983 35009 + 3 4489159 4515091 +
36 41845 45365 + 3 4518783 4522426 -
36 49997 54585 + 3 4525940 4535061 +
36 65271 76020 + 3 4477890 4488834 -
36 77406 79441 + 3 4470683 4472652 +
37 3462 11591 + 6 2454361 2462519 -
37 13930 15068 + 6 2463615 2464741 +
38 1580 19669 + 4 1259120 1289464 -
39 729 3893 + 4 4334124 4337275 -
39 10215 71306 + 4 4338148 4399728 +
40 392 64871 + 5 2443846 2509465 -
41 1444 24801 + 6 509616 532133 +
42 5532 8366 + 1 7091713 7094620 +
42 9880 31119 + 1 7070758 7091494 +
43 539 6636 + 5 5265377 5270948 -
43 7295 23154 + 5 5271664 5287633 +
43 26700 40642 + 5 5291237 5303827 -
43 42438 54956 + 5 5305848 5318138 +
43 56644 99935 + 5 5320637 5365234 -
44 788 30651 + 1 7215034 7243680 -
45 5679 91341 + 6 1595572 1680472 +
47 485 42055 + 1 58839 119476 +
48 8234 44280 + 4 2958486 2990310 -
48 45165 52926 + 4 2949951 2957903 +
48 53028 72053 + 4 2930787 2949677 -
48 72540 105120 + 4 2904776 2930726 +
48 105183 107283 + 4 2899657 2901937 +
48 113536 119755 + 4 2891336 2897216 -
48 120989 133857 + 4 2877772 2890557 +
48 134820 177267 + 4 2834554 2876484 +
48 186589 208049 + 4 2804074 2826015 -
48 209830 215052 + 4 2797147 2801959 +
48 216330 271901 + 4 2740740 2796921 +
48 272850 380002 + 4 2593011 2739802 -
48 382850 392011 + 4 2582339 2591411 +
48 392320 411336 + 4 2561280 2580407 +
48 411741 414351 + 4 2556560 2559217 -
48 415433 422361 + 4 2549066 2555740 +
48 425737 444648 + 4 2526892 2548113 +
49 502 1678 + 3 529930 531065 -
49 4959 8837 + 3 535088 538490 +
50 492 20832 + 5 2423527 2443415 -
50 20933 90501 + 5 2349992 2416023 +
50 95223 101089 + 5 2344122 2349849 +
50 101129 126335 + 5 2318116 2342799 -
51 502 9791 + 5 1360498 1369763 +
51 11388 24534 + 5 1346010 1358790 -
51 25491 31908 + 5 5424829 5430873 +
51 35037 46981 + 5 5481598 5493239 -
51 47804 61423 + 5 5467282 5481009 +
51 62642 71304 + 5 5457875 5466532 +
51 72639 97238 + 5 5431687 5457391 -
52 558 16786 + 3 4222911 4239546 +
52 17494 25744 + 3 4240074 4248704 -
52 28883 61803 + 3 4249212 4308602 -
52 62765 68479 + 3 4308699 4314906 +
52 75533 79730 + 3 4321091 4324650 -
52 80721 91451 + 3 4325627 4337489 -
52 94044 103389 + 3 4337657 4346917 -
52 103989 125788 + 3 4346958 4369146 +
52 126358 145775 + 3 4371880 4391572 -
52 150273 163214 + 3 4395794 4409400 +
53 736 92239 + 1 2836668 2921287 +
54 2210 9910 + 4 738228 743945 -
54 10516 23099 + 4 745568 758399 +
55 1300 9587 + 2 4181557 4189345 -
55 11657 32609 + 2 4213406 4227452 +
55 34639 48414 + 2 4237958 4267465 -
55 50200 58268 + 2 4268721 4274957 +
55 59172 65148 + 2 4304368 4310649 -
55 67030 69963 + 2 4300721 4303712 +
55 71112 91734 + 2 4279508 4297492 +
56 41122 63259 + 4 3456573 3478641 -
56 65528 81009 + 4 3478771 3494038 -
56 95350 106230 + 4 3502132 3512596 +
56 112646 114740 + 4 5787169 5789151 -
56 115983 118577 + 4 4928581 4931443 +
57 2056 5505 + 6 1427533 1430559 +
57 5799 42899 + 6 1430938 1468548 -
57 44714 64884 + 6 1468808 1491468 +
57 66393 105430 + 6 1497293 1533505 +
57 111651 151380 + 6 1541714 1580601 +
58 1738 22958 + 2 3324204 3345875 +
59 582 42022 + 5 2759603 2796472 -
59 42625 53429 + 5 2750381 2759251 +
60 6041 7618 + 4 4990550 4992010 +
61 872 11007 + 5 4380121 4390402 +
61 12422 21404 + 5 4370826 4379829 +
61 21958 53222 + 5 4338870 4369914 -
61 61633 101670 + 5 4298686 4338783 +
61 54101 60076 + 1 7252484 7258678 -
61 103558 108305 + 1 7265836 7270235 +
61 108434 111112 + 1 7270256 7272890 -
61 111284 141950 + 1 7273336 7301229 +
61 143628 147529 + 1 7330772 7334547 +
61 154205 166996 + 1 7303657 7315466 -
61 169100 181060 + 1 7316568 7329490 -
61 182645 209652 + 1 7340588 7367805 +
62 612 9496 + 2 2826199 2834685 +
62 10199 63220 + 2 2835084 2892139 -
62 64777 80046 + 2 2892710 2926587 +
63 5142 25525 + 5 6294193 6313225 -
63 26407 52663 + 5 6314355 6340584 +
64 1697 53483 + 5 4709951 4761832 -
64 54643 91639 + 5 4675804 4709164 +
64 91965 98047 + 5 4669393 4675655 -
64 98974 105908 + 5 4661564 4668594 +
65 1265 7966 + 2 4030612 4037293 +
65 8557 56498 + 2 3738461 3777278 -
66 1525 9843 + 1 9069192 9077849 -
66 10091 39863 + 1 9037266 9068484 +
66 51173 54765 + 1 9080982 9084266 +
66 54874 63539 + 1 9084896 9094201 -
67 662 18582 + 2 1004069 1026297 -
67 28853 53762 + 2 1036157 1061193 +
67 55342 76220 + 2 1061845 1092826 -
68 689 12411 + 1 402589 414260 +
68 12645 18610 + 1 414854 420710 -
69 4183 15468 + 5 3762961 3774182 -
70 974 2608 + 5 5523540 5525252 -
70 3154 18168 + 5 5525739 5540109 +
70 21247 55875 + 5 5544544 5580064 -
70 58304 85455 + 5 5582894 5610246 +
71 1256 6093 + 3 1356089 1361228 -
71 8222 39450 + 3 1380690 1414662 +
71 48352 49795 + 3 1351263 1352708 +
71 51282 64917 + 3 1364842 1379858 -
72 890 61086 + 5 5198477 5261628 +
73 814 21265 + 3 1006255 1026842 +
73 22702 36341 + 3 992205 1006196 +
73 37062 54631 + 3 975373 990306 +
74 1084 4110 + 4 3703947 3707010 +
74 4932 14192 + 4 3707031 3715816 -
74 14294 50437 + 4 3720474 3783819 +
74 50676 105824 + 4 3786620 3840758 -
75 1225 6086 + 7 3665185 3670498 +
75 7743 22943 + 7 3676758 3718094 -
75 23928 34466 + 7 3718236 3729253 +
75 34905 42790 + 7 3654263 3662084 -
75 46262 49653 + 7 4101219 4104592 -
75 57815 64635 + 7 4096754 4099971 +
75 69933 93314 + 7 4065496 4087482 +
75 105600 108810 + 7 4061568 4064903 +
75 110588 126730 + 7 4043351 4058224 -
76 752 12478 + 3 3207274 3219804 +
76 12776 30202 + 3 3221158 3237678 -
77 1465 20564 + 1 5673654 5692759 +
77 22603 35138 + 1 5662717 5672289 -
77 35949 43046 + 1 5654343 5661451 +
77 47213 56306 + 1 5643362 5652420 +
77 56596 70906 + 2 1767024 1778254 -
77 78353 101864 + 2 1779366 1803964 -
77 44040 45186 + 7 3610051 3611308 +
77 71471 75098 + 7 3606068 3609068 +
78 2561 10964 + 5 207456 211480 +
79 1395 24672 + 4 3363094 3379083 +
79 25223 31340 + 4 3383730 3390419 -
79 39316 57593 + 4 3391839 3406925 +
80 792 6516 + 4 1669345 1674680 +
80 7674 22733 + 4 1675566 1688699 -
80 30272 38119 + 4 1690658 1700364 -
81 802 6825 + 2 1596900 1603173 +
81 7466 20408 + 2 1604718 1616385 -
82 3087 37254 + 1 5011944 5046990 +
82 37305 72859 + 1 4972229 5006612 +
82 86443 89485 + 1 4957288 4960324 +
82 94712 131164 + 1 4914833 4952507 -
82 152165 182420 + 1 4883202 4913482 +
82 183657 213549 + 1 4827809 4857977 -
82 214336 230665 + 6 762679 778205 +
82 231226 235961 + 6 812204 816931 -
82 236952 246874 + 6 801889 811904 +
82 249117 271097 + 6 779047 800883 -
82 271847 282276 + 6 817291 827753 +
82 282893 285714 + 6 828153 830498 -
82 287218 300186 + 6 831191 842554 -
82 302038 423800 + 6 845058 966508 +
82 427968 490961 + 6 973331 1033567 -
82 496954 508921 + 6 1057169 1069094 -
82 513606 521717 + 6 1043941 1051878 +
83 927 6766 + 4 4221746 4227805 +
83 10933 12622 + 4 4228526 4230123 -
83 16824 23763 + 4 4214441 4221658 +
83 31550 37278 + 4 4243318 4245710 -
83 66035 72334 + 4 4246603 4303959 +
83 39570 40677 + 7 949618 950648 +
84 1196 22603 + 1 6768504 6790386 +
84 23460 25443 + 1 6763796 6765787 +
84 28895 87158 + 1 6703160 6763519 -
84 87772 100286 + 1 6690383 6702890 +
85 843 10439 + 3 3444003 3453195 -
85 10880 15093 + 3 3460458 3464773 -
85 15374 39309 + 3 3465122 3488734 -
85 39967 61184 + 3 3490814 3511542 +
85 61357 87646 + 3 3511665 3541302 -
85 93461 106789 + 3 3541329 3555437 -
85 106853 115536 + 3 3565654 3574562 -
85 115827 173933 + 3 3574811 3636254 +
85 174473 183312 + 3 3636386 3645182 -
85 183664 198677 + 3 3645918 3660647 +
85 199062 227960 + 3 3661390 3690498 -
86 1242 53875 + 4 5672126 5713337 +
87 1121 29598 + 1 5546829 5574138 +
87 30412 59613 + 1 5501725 5545739 -
87 61273 68253 + 1 5477264 5500402 +
87 71365 75638 + 1 5469616 5474043 +
87 75739 117244 + 1 5429011 5469478 -
87 121275 130328 + 1 5416277 5425321 +
88 1347 28644 + 1 6215444 6242894 -
88 30573 112963 + 1 6242953 6361478 +
88 113657 119050 + 1 6361483 6366983 -
88 120954 126068 + 1 6369491 6374537 +
88 127718 152417 + 1 6374591 6477913 -
88 154238 174981 + 1 6479654 6497396 +
88 181312 183239 + 1 6497879 6499814 -
88 183664 191488 + 1 6512417 6520066 -
88 191781 199748 + 1 6529171 6536890 -
88 201671 214575 + 1 6537565 6550214 -
89 1081 41108 + 1 1974298 2014139 -
89 41592 87723 + 1 1926229 1972967 +
91 4159 28963 + 1 3563 39027 -
92 4539 15115 + 1 9019711 9030422 +
93 2074 9766 + 4 571557 578981 +
93 14176 20839 + 4 562853 569126 +
93 21707 32610 + 4 554072 561168 -
93 41805 43768 + 1 6990863 6992707 +
93 43955 87075 + 7 952602 992499 +
93 91882 93090 + 7 992614 993669 -
93 94843 117213 + 7 995775 1035760 +
94 3254 18131 + 5 2150211 2166147 +
94 20979 26979 + 5 2119710 2125575 +
94 28145 38620 + 5 2131206 2141552 -
94 39364 43138 + 5 2141580 2145325 +
95 942 3980 + 6 2103779 2106866 -
96 965 32990 + 4 5359537 5394314 +
96 33581 57848 + 4 5395275 5420153 -
96 58960 61041 + 4 5420297 5422360 -
96 61279 69080 + 4 5422925 5431494 +
96 69385 75535 + 4 5431965 5437600 -
96 75750 88898 + 4 5437791 5451148 -
96 88999 103884 + 4 5451166 5467304 +
97 962 13751 + 2 2440163 2453149 -
97 14414 66093 + 2 2456767 2505577 +
97 66258 91601 + 2 2505891 2531526 -
97 99505 108751 + 2 2539331 2548048 -
99 1079 2652 + 6 408427 410000 +
99 6675 14099 + 6 400678 408104 +
100 4654 11025 + 2 3842253 3849146 +
100 11910 13965 + 2 3837660 3839519 -
100 23769 32557 + 1 9346123 9354908 +
100 34510 54372 + 1 9356262 9378436 -
100 56158 68314 + 1 9380018 9391964 +
101 1986 21522 + 7 2835972 2854611 +
101 28549 58454 + 7 2789461 2833584 -
101 59158 65107 + 7 2782046 2788300 +
101 22275 24288 + 6 3710455 3712491 -
102 1534 10271 + 3 965883 974438 +
103 1084 50377 + 5 1893814 1940697 +
104 1339 25105 + 1 5582387 5606210 -
104 26133 32992 + 1 5575179 5582260 +
105 2484 16566 + 2 315234 329627 +
105 27378 29723 + 2 330562 332917 -
105 31495 34599 + 2 309620 313306 +
105 42565 62679 + 2 287558 308261 +
105 64653 74484 + 2 270539 280579 +
106 2184 17303 + 1 7531536 7546809 -
106 17531 20788 + 1 7516985 7520275 +
106 21264 27945 + 1 7504865 7516044 -
106 31866 49088 + 1 7475807 7491906 +
106 49355 61462 + 1 7493046 7504143 -
107 1188 31594 + 1 8960964 8989343 +
107 32049 42243 + 1 8990694 9009695 -
108 3009 15950 + 6 2439376 2452637 -
109 1644 95255 + 1 852290 1001370 -
109 95263 103201 + 1 844858 852142 +
109 103680 107661 + 1 840366 844602 -
109 108434 122659 + 1 825869 839743 +
109 123580 129475 + 1 819598 825269 +
109 129762 147623 + 1 803806 818974 -
110 1951 56337 + 4 3654017 3702152 +
111 4515 23508 + 1 215261 228401 +
111 23967 36151 + 1 228404 240614 -
111 39584 40808 + 1 240932 242211 -
111 40904 49628 + 1 245592 254514 +
112 1119 22870 + 4 1557860 1576477 -
112 23159 27480 + 4 1576502 1580835 -
112 27581 33339 + 4 1581864 1587667 -
112 34119 64668 + 4 1587731 1615392 -
112 64769 115575 + 4 1615416 1664361 +
113 4627 42708 + 6 1340358 1380084 +
113 43356 48740 + 6 1380427 1385558 -
113 49031 75378 + 6 1386132 1411825 +
114 1156 28207 + 4 4899646 4927464 +
114 30231 41162 + 4 4932812 4942084 -
115 5893 7369 + 5 6042622 6044101 +
116 1152 79402 + 2 4387839 4454746 -
117 10080 14830 + 7 426953 431901 -
118 2393 16058 + 3 2988943 3002544 +
119 6245 26361 + 2 4190148 4212378 -
120 2446 94782 + 6 8150 99971 +
120 95454 98699 + 6 100811 104061 -
120 99977 127329 + 6 120903 144059 +
120 129329 137839 + 6 146977 156799 +
121 1738 11149 + 3 190558 197196 +
121 12304 16458 + 3 179212 189955 +
121 16903 19468 + 3 174524 177247 +
122 51 1187 + 3 177784 178894 +
122 14164 62999 + 1 8063012 8104923 -
122 63448 66808 + 1 8053815 8057238 +
122 67001 76780 + 1 8044100 8053274 -
122 76881 100603 + 1 8020043 8044010 +
122 100705 116980 + 1 8004292 8019933 +
122 117121 135380 + 1 7985904 8004021 +
122 135691 170553 + 1 7951889 7985895 -
122 170656 179118 + 1 7943051 7951632 +
123 1435 10813 + 7 3219685 3229163 -
123 15391 28603 + 7 3233773 3247038 +
123 29984 53196 + 7 3249288 3274358 -
123 54683 64418 + 7 3274919 3284627 +
123 64827 84964 + 7 3286815 3307730 -
123 85236 144393 + 7 3314604 3367725 -
123 145634 156956 + 7 3375289 3387243 +
124 7109 8269 + 2 4045050 4046209 -
125 4101 16642 + 2 1479165 1492400 -
125 17505 23851 + 2 1471080 1477623 +
125 27644 30493 + 2 1466891 1469843 +
126 16534 19884 + 7 3729817 3732929 +
126 22159 29508 + 1 1550098 1558021 -
126 34257 48416 + 1 1532253 1547575 +
127 1445 13725 + 6 3616925 3629461 +
128 1936 19409 + 5 1601521 1615592 -
128 29235 30533 + 5 1616454 1617735 -
128 32765 89091 + 5 1619280 1674964 +
128 94712 109359 + 5 1681401 1707394 -
128 115105 127063 + 5 1711783 1723871 -
128 132031 148628 + 5 1725023 1741614 +
129 2598 16124 + 4 2116112 2129373 -
129 17499 123961 + 4 2144291 2248784 +
129 124404 164210 + 4 2248881 2288282 -
129 164323 174974 + 4 2288548 2299202 -
129 175124 192321 + 4 2299298 2316757 -
129 192454 229443 + 4 2317275 2400422 +
129 230533 242067 + 4 2400827 2412164 -
129 260492 283280 + 4 2426862 2449113 +
129 283380 293974 + 4 2414993 2426041 -
129 243644 259108 + 1 3186077 3201669 +
129 294396 302135 + 1 3177078 3184787 -
130 2316 4826 + 3 5231332 5233927 +
130 5360 10733 + 3 5196651 5201936 -
130 12087 32712 + 3 5204103 5226618 +
131 2252 19074 + 7 3783815 3800316 -
131 22720 28110 + 7 3775809 3781047 +
132 2278 55398 + 6 2049686 2101566 -
132 57721 76055 + 6 2028490 2045926 +
133 1580 7553 + 2 4466794 4470524 -
134 1394 7402 + 1 8830009 8836229 -
134 18850 95513 + 1 8838407 8909123 -
134 99789 120197 + 1 8911527 8930346 +
134 126300 130682 + 1 8930908 8934862 -
134 13134 18323 + 6 481157 486023 +
135 2126 20627 + 3 560604 584229 -
135 27283 45036 + 3 585561 602504 -
135 45684 79346 + 3 605373 639677 -
135 102728 123428 + 3 661470 682946 +
136 3946 23646 + 6 2598131 2618314 -
137 3179 6049 + 3 104239 107075 -
137 6454 24723 + 3 109799 131639 +
138 1479 4747 + 7 106347 109190 +
138 9592 16684 + 7 98772 106054 +
138 18800 27421 + 7 88324 96955 +
138 29439 42859 + 7 71542 88095 +
138 44016 45971 + 7 69619 71493 +
138 48612 50955 + 7 59200 61659 -
138 54049 60738 + 7 51466 58110 +
138 60739 79755 + 7 28326 45259 +
138 85207 112562 + 7 1398 27045 -
139 2510 9300 + 6 3727799 3734363 -
140 1697 20080 + 1 7721022 7740142 -
140 21046 64858 + 1 7673059 7719434 +
140 66156 68475 + 1 7670279 7672648 -
140 68874 80966 + 1 7658309 7670000 +
140 81512 92108 + 1 7647251 7657768 -
140 94844 113062 + 1 7626957 7645269 +
140 113874 143644 + 1 7595410 7625092 -
140 143747 150393 + 1 7586543 7593809 +
141 7089 20550 + 5 391423 399765 +
141 21340 23099 + 5 340672 342786 +
141 30178 34158 + 5 348266 352423 -
141 34555 66248 + 5 353408 389068 +
142 1772 6227 + 2 8935 16376 +
143 1756 25647 + 4 4726575 4750350 +
143 30901 32689 + 4 4751636 4753446 -
145 3224 35646 + 4 663017 689895 +
146 1799 8523 + 5 1942790 1949358 -
146 8668 35216 + 5 1949773 1974558 +
146 35440 60094 + 5 1975347 2001448 -
146 60196 78240 + 5 2001751 2019775 -
146 78425 94459 + 5 4645255 4661328 +
146 95375 101141 + 5 2019797 2025692 -
146 101703 130376 + 5 4620698 4644836 -
146 132163 145323 + 5 4605573 4619245 +
146 155845 158040 + 5 4594047 4596195 +
146 158141 220904 + 5 4531341 4593181 -
146 223154 233529 + 5 4520257 4530640 +
146 278399 287161 + 5 4496605 4505595 +
146 233742 277478 + 1 8777795 8820027 -
147 1581 5801 + 7 1693239 1697163 +
147 7794 25664 + 7 1674388 1692967 +
147 25951 35771 + 7 1663313 1673561 +
147 40182 57804 + 7 1639800 1656798 +
147 58995 89592 + 7 1618375 1639294 -
147 104900 108937 + 7 1613668 1617816 +
147 90830 96716 + 2 160331 166181 +
147 111391 113894 + 2 154388 157228 -
148 1891 6847 + 7 2891788 2896733 +
149 1540 27788 + 1 4454616 4480608 +
149 28137 33387 + 1 4449113 4454468 +
149 33830 47032 + 1 4435239 4448680 -
149 47188 61466 + 1 4419859 4434957 +
149 62069 119615 + 1 4363410 4419464 -
150 1693 43955 + 6 3153084 3194227 +
150 47522 65137 + 6 3133179 3150542 -
150 65420 70389 + 6 3127670 3132911 +
150 70586 91503 + 6 3105210 3126129 -
150 93975 101322 + 6 3099583 3104755 +
150 109933 112045 + 6 3087660 3089992 +
150 113663 120785 + 6 3080484 3087578 -
150 102242 104303 + 7 4221876 4223884 +
151 3000 18407 + 4 5609475 5624628 +
151 18586 22927 + 4 5628745 5633333 -
151 23774 30117 + 4 5633376 5639509 +
151 39942 41588 + 4 5792187 5793836 +
151 42167 44357 + 4 5641630 5643852 -
151 44615 52339 + 4 3515825 3523548 +
151 55436 67388 + 4 3526014 3537822 -
152 4449 9445 + 4 497123 502103 +
152 10290 12598 + 4 509320 510509 -
153 2743 26817 + 5 3102239 3126286 -
153 28059 32925 + 5 3097398 3102192 +
153 33664 59926 + 5 3070501 3096157 +
153 60268 70434 + 5 3059079 3069761 +
153 73754 77834 + 5 3036167 3040259 -
153 78227 84369 + 5 3029628 3036071 +
153 85018 95618 + 5 3018132 3028843 +
153 96625 121671 + 5 2981336 2999746 -
153 126876 136860 + 5 3006531 3016611 +
154 1532 21302 + 4 4854223 4873975 +
155 268 1523 + 4 4852981 4854215 +
155 3370 23355 + 7 3389469 3405005 -
155 24910 38386 + 7 3441581 3457342 -
155 41185 55313 + 7 3467246 3481489 -
156 1795 7448 + 6 1240364 1245940 -
156 9902 47529 + 6 1247758 1279370 +
156 47852 63652 + 6 1281176 1296429 -
157 147252 156805 + 7 159685 169137 +
157 39044 41024 + 5 6344262 6346173 +
157 42357 45123 + 5 6340844 6342681 -
157 59082 88112 + 5 6346437 6376250 +
157 92220 117291 + 3 217616 244669 -
157 118709 125774 + 3 209763 216532 +
157 126908 128680 + 3 160239 162620 -
157 131846 138396 + 3 201651 207984 +
157 1665 8728 + 4 3987913 3995132 -
157 17434 31239 + 4 3995430 4008754 -
157 32019 38046 + 4 4012290 4018152 +
157 45993 57517 + 4 4019216 4031191 -
158 261 1424 + 7 169198 170366 +
158 2827 6314 + 3 1491083 1494441 -
158 7468 43812 + 3 1495541 1530215 +
158 43835 120884 + 3 1530236 1606455 -
158 120907 123822 + 3 1606566 1609492 -
158 131882 142901 + 3 1609681 1621422 -
158 144529 183868 + 3 1629065 1667593 -
158 187252 219005 + 3 1670974 1702546 -
158 220916 224034 + 3 1753144 1756175 -
158 225218 243919 + 3 1758246 1776577 +
158 244108 251836 + 3 1779037 1787026 -
158 253732 267587 + 3 1787307 1801525 -
158 268157 278712 + 3 1802391 1813152 -
158 280196 287741 + 3 1818111 1825984 -
158 288172 300256 + 3 1827182 1837154 +
158 300686 301816 + 3 1846784 1847958 +
158 301835 322280 + 1 1877777 1897593 +
158 322494 339124 + 1 1898889 1915476 -
159 1596 17933 + 5 2522724 2539565 +
160 1599 3904 + 1 9770566 9771836 +
160 10655 20821 + 1 9759647 9766336 +
160 21305 75102 + 1 9654209 9704774 -
161 1603 45397 + 3 4883258 4925135 -
161 47643 48791 + 3 4880532 4881655 +
162 1978 58551 + 2 1931024 1982184 +
162 59574 62706 + 2 1985931 1988873 -
162 70614 90071 + 2 2008797 2027229 +
163 1622 17606 + 3 2962480 2986981 +
163 18864 59143 + 3 2921835 2961625 -
164 209 1380 + 3 2920457 2921723 -
164 3496 19284 + 2 4067672 4083165 +
164 37153 38283 + 2 4065186 4066458 -
165 1642 56184 + 1 4040592 4146944 -
165 57073 64617 + 1 4147157 4154849 -
165 64937 75641 + 1 4155797 4196609 -
165 75903 105831 + 1 4196722 4226096 +
166 3496 8039 + 5 430353 433655 +
166 8571 29793 + 5 403405 425148 +
167 1977 12454 + 4 4622650 4667991 -
167 16855 67818 + 4 4669719 4719038 -
168 288 1660 + 4 4668390 4669613 -
168 2470 28024 + 4 4796166 4819484 -
168 28070 29682 + 4 4759053 4760663 +
168 40776 71402 + 4 4760785 4794401 +
168 29942 40541 + 5 6394946 6405543 -
169 20682 22808 + 4 201276 203520 -
169 25437 29509 + 4 211636 216019 +
170 480 1681 + 4 216545 217780 +
170 1692 3489 + 7 3803845 3805711 +
172 9649 15288 + 1 662180 668142 -
172 18348 32487 + 1 594147 609655 -
172 33968 48828 + 1 643864 658365 +
172 50407 68364 + 1 609779 628503 -
172 68636 75772 + 1 628946 636163 +
172 76039 77352 + 1 636884 637951 -
172 78269 82342 + 1 638624 642439 +
174 2036 6592 + 5 5512439 5516891 +
174 8872 15698 + 5 5503566 5510292 +
175 4 1248 + 5 5510361 5511564 +
175 2428 25064 + 3 4448108 4469836 +
176 2450 71529 + 3 2616357 2685216 -
176 71676 75096 + 1 4604887 4608063 +
176 75224 87554 + 1 4608179 4620365 -
176 87695 92902 + 1 4620471 4625690 -
176 93035 116611 + 1 4625696 4648204 -
176 116712 118744 + 1 4648296 4650221 +
176 119520 138191 + 1 4650430 4668923 -
176 140077 143360 + 1 4670805 4673999 +
176 143461 162780 + 1 4674375 4693263 -
176 163305 181138 + 1 4693625 4712010 -
176 182062 208266 + 1 4712095 4738562 -
176 210014 225189 + 1 4739213 4753701 +
176 245949 252916 + 1 4753713 4760647 -
176 225927 244188 + 4 5533524 5552852 -
176 256112 270497 + 4 5553732 5568454 -
176 271039 286524 + 4 5572208 5587976 -
177 17367 18547 + 3 4767460 4768753 +
177 55874 57234 + 3 4804507 4805784 -
178 9570 12365 + 6 3668079 3670699 -
178 16652 42659 + 6 3675080 3700164 +
178 45340 53499 + 6 3702099 3708509 -
179 1782 36505 + 1 9516377 9550714 -
180 3987 11785 + 1 306799 314289 -
180 12019 19523 + 1 314989 321218 -
180 20012 32681 + 1 323374 336354 -
180 33588 56710 + 1 336418 361703 +
180 57264 59336 + 1 367035 369182 -
181 232 1626 + 1 365400 366789 -
181 2592 4744 + 4 4498837 4501427 -
181 4815 10168 + 4 3032101 3037415 +
181 10579 16686 + 4 3037427 3043485 -
181 16696 36653 + 4 3044270 3093830 +
181 38368 86207 + 4 3094558 3141378 -
181 106888 137308 + 4 3160798 3186927 +
182 1885 19081 + 5 4885437 4902640 +
182 19287 37069 + 5 4866980 4885233 +
182 37380 72125 + 5 4831981 4864256 -
182 74805 79574 + 5 4825725 4830581 +
182 80450 89199 + 5 4777524 4802947 +
182 90736 108554 + 5 4804670 4822898 -
182 109313 111555 + 5 4823410 4825627 +
182 112009 115312 + 5 4773980 4777299 +
182 116007 125049 + 5 4763580 4772862 +
183 1822 12056 + 3 2867517 2877734 -
183 14698 18366 + 3 2860582 2863837 +
183 21437 30539 + 3 2880112 2898345 -
183 30715 38129 + 3 1119390 1126837 +
184 334 1500 + 3 2898950 2900098 +
184 3353 6929 + 1 587957 590001 -
184 10433 22089 + 1 572608 584568 +
184 22364 25551 + 1 569021 572291 +
184 27909 46905 + 1 547326 566819 +
184 47111 48389 + 1 543690 544972 -
184 50247 56569 + 1 536370 541937 +
184 59883 68248 + 1 522647 533263 +
184 70258 72900 + 1 519651 522208 +
184 73855 79639 + 1 512396 518035 -
184 84078 109225 + 1 471133 504694 +
184 109372 140545 + 1 420915 451714 +
184 142041 143993 + 1 464295 466241 +
185 37 1826 + 1 466251 468160 +
185 2079 7250 + 6 1582128 1587118 -
185 9283 13473 + 6 1588081 1592343 +
186 3395 11385 + 2 172641 180732 +
186 11595 22032 + 2 186517 196727 +
186 22166 32104 + 2 206495 216491 +
186 32254 42054 + 2 216568 226080 -
186 42340 53777 + 2 226251 238200 +
186 54385 58478 + 2 240715 244780 -
187 39 1578 + 2 238995 240564 -
187 1862 7215 + 2 2578522 2584074 -
187 7750 11377 + 2 2584106 2587876 -
187 11569 20547 + 2 2587939 2597376 +
187 21657 37899 + 2 2598011 2613629 -
187 38923 47959 + 2 2615066 2624276 -
187 48442 77295 + 2 2625942 2654588 -
187 77518 90383 + 2 2656034 2668834 -
187 91663 96272 + 2 2668983 2673601 -
187 96957 98942 + 2 2674445 2676362 +
187 99064 102693 + 2 2676447 2680385 -
187 102904 111363 + 2 2680573 2688869 -
187 111465 114614 + 2 2690712 2693946 -
188 88 1567 + 2 2689229 2690660 -
188 2235 19845 + 6 3556935 3574079 +
189 275 1326 + 6 3574230 3575289 +
189 3551 6807 + 7 746691 750175 +
189 11679 20575 + 7 737711 746131 +
189 21221 31041 + 7 721027 730763 -
189 35314 36914 + 7 719336 720914 +
189 42414 46269 + 7 707248 711723 -
189 63454 68220 + 7 683522 688389 +
189 70570 86682 + 7 667273 683094 +
189 87338 125374 + 1 6063141 6094005 +
190 6 1881 + 1 6094202 6095823 +
190 16331 46747 + 1 6923765 6952379 +
190 46824 62066 + 1 6907597 6923341 +
190 62691 175276 + 1 6792043 6907389 -
190 2594 8585 + 7 463396 466365 +
191 41 1244 + 1 6790790 6791988 -
191 2580 21097 + 2 3950936 3966460 -
191 22586 37611 + 2 3873000 3886465 +
191 43556 47362 + 2 3967140 3970801 +
191 47931 74331 + 2 3970863 3999655 -
191 74455 78907 + 2 4000061 4004466 -
191 79373 83466 + 2 4004740 4009081 +
191 83864 100338 + 2 4011047 4028955 -
192 213 1901 + 2 4009162 4010874 -
192 1912 14652 + 6 750817 762560 +
192 14850 24290 + 6 741431 750797 +
192 24569 33123 + 6 732387 740774 -
192 33669 41546 + 6 714628 722557 +
192 45760 56281 + 6 704596 714204 +
192 56459 68396 + 6 692398 704537 +
192 82796 98788 + 6 664679 680583 -
192 107196 148735 + 6 601085 643075 +
192 150176 163279 + 6 644242 657552 -
193 213 1362 + 6 661533 663105 +
193 2511 5453 + 5 5960015 5963188 +
193 7031 28645 + 5 5938883 5959697 -
194 2203 16345 + 3 2374430 2388881 -
194 30827 40337 + 3 2364753 2374374 +
194 41252 67201 + 3 2322705 2349083 -
194 67640 72260 + 3 2317650 2322189 +
194 72720 75140 + 3 2244371 2246977 +
194 75370 76777 + 3 2247664 2248919 -
194 77694 132410 + 3 2249246 2309485 +
194 142714 159776 + 3 2175754 2244089 +
194 165680 173085 + 3 2158964 2167177 -
194 176913 192826 + 1 2256282 2265962 +
194 197215 238338 + 1 2342753 2367067 -
194 246515 274557 + 1 2368390 2418396 -
194 274707 289362 + 1 2418572 2432400 +
195 299 1882 + 1 2433170 2434788 +
195 2355 19674 + 7 1405431 1421642 +
195 24157 37354 + 7 1423750 1448160 -
195 41227 76789 + 7 1449416 1483714 +
196 723 1854 + 7 1483744 1484815 +
196 3881 9917 + 2 3595590 3601118 -
196 19707 26097 + 2 3724451 3731555 +
196 26258 29993 + 4 1717372 1721056 -
197 14253 33112 + 2 3556370 3575270 -
197 33489 35099 + 2 3553434 3555011 +
197 44935 50772 + 2 4057128 4063553 -
198 642 1950 + 2 4054445 4055715 -
198 1972 10395 + 5 2166861 2174726 +
198 11829 52370 + 6 2241030 2284306 +
198 52513 82193 + 6 2316349 2344646 -
198 88748 118186 + 6 2286229 2312943 -
199 187 1908 + 6 2371339 2373172 -
199 2228 38703 + 1 4230490 4266560 +
200 177 1842 + 1 4266783 4268446 +
200 2091 5164 + 5 1526310 1529387 -
200 6823 8442 + 5 1529676 1531291 -
200 13069 34355 + 5 1531382 1552905 +
200 34471 36428 + 5 1556829 1558734 -
200 8562 11945 + 2 180883 184229 +
201 482 1991 + 5 1552971 1554484 -
201 2002 20567 + 7 637902 656596 -
201 21608 27376 + 7 631182 637113 +
201 31347 43862 + 7 597771 610309 +
201 44231 62320 + 7 577876 594338 +
201 65347 71344 + 7 569657 576324 -
201 72615 83332 + 3 2057989 2068969 -
201 84873 93721 + 3 2043565 2052366 +
201 94507 96133 + 3 2054736 2056327 -
202 116 1684 + 3 2053106 2054657 -
202 14286 18027 + 1 454382 457310 +
202 19491 45540 + 7 1573469 1598637 +
203 11684 14653 + 7 2905532 2908439 -
203 54199 68349 + 7 2908536 2933672 +
203 15362 52461 + 4 5097632 5129753 -
204 2040 31310 + 6 4098490 4126554 -
204 32372 70304 + 6 4127104 4157409 +
205 365 1478 + 6 4157989 4159145 +
205 10300 17748 + 6 3288328 3295946 -
205 23463 24771 + 6 3305181 3306456 +
205 25873 31068 + 6 3296198 3301003 +
205 33614 70068 + 6 3251424 3286937 -
205 70515 72262 + 6 3249649 3251399 +
205 76353 83768 + 6 3241121 3249140 +
205 84597 99424 + 6 3214336 3229145 +
206 1 2023 + 6 3229170 3231161 +
206 2084 22629 + 4 5172307 5193349 -
207 2172 24546 + 5 5831670 5856333 -
208 17105 34037 + 5 2569742 2586209 -
208 40823 126082 + 5 2625874 2711313 +
209 2669 4787 + 7 3197774 3199727 +
209 5356 21573 + 7 3202551 3218740 -
209 21928 89146 + 7 3130365 3197525 -
209 90967 112853 + 7 3106770 3129007 +
209 113917 125270 + 7 3098871 3106242 -
209 128596 132870 + 7 3083915 3088010 +
210 236 2034 + 7 3088278 3090009 +
210 5233 13874 + 3 4663852 4672704 +
211 2102 19740 + 3 9289 27793 -
211 20764 22454 + 3 32925 34584 -
211 23050 27099 + 3 29233 31722 +
211 29010 30013 + 3 28003 29004 -
211 30839 32932 + 3 35000 37068 +
211 35245 40996 + 4 4892752 4898588 -
211 42014 54262 + 4 4877878 4889927 +
212 2450 29646 + 5 1278580 1317035 -
212 31431 51795 + 5 1318010 1338029 +
214 2161 3213 + 1 5866794 5867903 +
214 6998 27049 + 1 8450876 8470887 +
214 27176 29106 + 1 8473525 8475422 -
215 346 1999 + 1 8471777 8473247 -
215 2900 33223 + 5 6250802 6280457 -
216 5420 17631 + 3 4122183 4134118 +
216 20463 22775 + 3 4115979 4118113 -
216 23649 54350 + 3 4062434 4115929 +
216 58679 101842 + 3 4017097 4059614 +
216 155565 224828 + 3 3895361 3964032 +
216 225414 247704 + 3 3873565 3895212 -
216 248111 257414 + 3 3862852 3872406 +
216 264267 290362 + 3 3830475 3856992 -
216 292278 328102 + 3 3802839 3830044 +
216 328285 348016 + 3 3783371 3802715 -
216 349218 403285 + 3 3729719 3781163 +
217 214 2151 + 3 3781342 3783245 +
217 2529 3676 + 5 6388392 6392187 +
218 425 2161 + 5 6393090 6394813 +
218 2530 7283 + 1 7935211 7939334 -
218 7712 50165 + 1 7892428 7935021 +
218 50702 102527 + 1 7841892 7891865 -
218 106235 128333 + 1 7817282 7839073 +
218 129255 140666 + 1 7805595 7817200 +
218 141177 171926 + 1 7773490 7804410 -
218 172655 176775 + 1 7769244 7773337 +
218 178645 204761 + 1 7742299 7767959 +
219 5434 8661 + 1 387507 390840 +
219 23346 29186 + 1 378277 385543 +
219 35604 61964 + 7 1358895 1380418 -
219 65019 66313 + 7 1381253 1382524 -
219 67822 77451 + 7 1382688 1390547 +
219 77943 79451 + 3 2902618 2904139 -
220 2192 35806 + 6 3976307 4009708 -
221 2962 12177 + 2 755404 764129 -
221 43224 46487 + 2 770045 773452 +
221 51092 59375 + 2 778407 786160 +
221 60914 112830 + 2 796466 845276 -
221 113787 116100 + 2 845519 848137 -
221 116276 122130 + 2 848718 854907 -
221 122368 135026 + 2 855149 868238 +
221 149012 159357 + 2 893156 903461 -
221 177357 219349 + 2 927921 969365 +
222 340 2199 + 2 969393 971208 +
222 2424 62631 + 3 1040726 1119253 +
222 71500 80379 + 3 1027460 1036296 +
222 67337 70073 + 7 1558500 1561514 +
223 992 2060 + 3 1037289 1038356 +
223 3662 24539 + 5 1463675 1483698 +
224 42 1585 + 5 1483843 1485284 +
224 3465 43554 + 4 5196433 5275136 -
225 8906 49395 + 7 827363 866368 -
225 51360 53370 + 7 808047 809985 -
225 54447 62389 + 7 818687 826439 +
225 63374 87681 + 7 781943 806157 -
226 2297 51999 + 5 3504079 3550952 +
227 3884 77182 + 6 258459 343391 +
227 81115 93775 + 6 213645 226367 +
227 96447 99929 + 6 346307 349836 -
228 814 2258 + 6 343484 344951 -
228 2811 5245 + 6 3485861 3488275 +
228 8236 20403 + 6 3474056 3485359 -
228 28724 65196 + 6 3428629 3465537 -
228 65764 99191 + 6 3378255 3425681 +
228 99979 111825 + 6 3366689 3378175 -
228 112591 123834 + 6 3353564 3364583 +
228 125149 135252 + 6 3340676 3350587 +
228 138340 146896 + 6 3326336 3335077 -
229 135 2271 + 6 3324016 3326158 -
229 2884 7316 + 4 5277636 5281939 +
229 11059 22628 + 3 57956 85046 +
229 23589 29403 + 3 90930 98880 -
229 30429 52068 + 3 37302 57697 -
229 54401 57196 + 3 100189 102982 -
229 59648 62063 + 3 87488 90022 +
229 62798 63997 + 3 4987463 4988570 -
230 2292 9663 + 2 1874662 1884053 -
232 2697 34668 + 5 3994562 4026207 +
232 40723 46240 + 5 4027688 4033105 -
232 46996 51575 + 5 4069410 4074298 -
232 53635 137037 + 5 4076288 4172478 +
232 137392 148227 + 5 4172659 4183435 -
232 150010 155711 + 5 4183767 4189591 -
232 156339 182779 + 5 4196357 4223403 +
232 183653 243234 + 5 4224910 4297339 -
233 696 2311 + 5 4223442 4224907 -
233 16100 67647 + 1 3204018 3256560 -
234 345 1913 + 1 3202106 3203641 -
234 3132 106452 + 1 2612599 2714230 -
234 107538 140031 + 1 2568232 2600599 +
234 140500 154151 + 1 2554695 2568215 -
234 160514 216054 + 1 2496582 2551903 +
234 217146 229340 + 1 2481858 2494558 +
235 994 2331 + 1 2479334 2480632 -
235 2405 19316 + 5 5004662 5021354 +
235 24364 42688 + 5 4972979 4988292 +
235 20147 23580 + 4 5828156 5831236 -
235 44141 45750 + 4 5883152 5886322 +
235 57002 70514 + 4 5834441 5847138 -
236 519 1863 + 4 5832305 5833572 -
236 2427 14854 + 5 6093584 6114752 -
236 20652 35997 + 5 6057149 6088639 +
236 42291 53220 + 5 6044311 6055418 +
236 56097 70358 + 5 6030980 6041799 +
237 2362 121684 + 2 2928748 3038586 +
238 62 1794 + 2 3038699 3040346 +
238 2581 14095 + 2 971463 983051 +
238 20280 21850 + 2 983936 985464 -
238 22161 37888 + 2 987281 1003023 +
239 2664 30622 + 7 2620838 2652137 +
239 31058 39881 + 7 2653373 2662222 -
239 42161 88272 + 7 2662310 2708077 -
239 88545 104056 + 7 2709301 2724853 -
239 105913 126694 + 7 2725463 2745763 +
240 2959 34504 + 5 2234902 2266430 +
240 34868 62822 + 5 2266754 2299323 -
240 63255 74777 + 5 2301822 2313127 -
241 94 2391 + 5 2299372 2301606 -
241 2402 56515 + 6 2381834 2436082 -
241 57194 60532 + 6 2375433 2378723 +
242 198 2401 + 6 2379098 2381199 +
242 3225 14955 + 4 4465617 4476531 -
242 15680 18386 + 4 4477399 4480135 +
242 18645 32099 + 4 4485006 4498627 -
243 181 2042 + 4 4480491 4484993 -
243 2783 24496 + 3 1876082 1897228 +
245 2518 15270 + 3 2603382 2616134 -
245 16118 18879 + 3 2600222 2602570 +
245 19587 25272 + 3 2594111 2599709 -
245 27317 37124 + 3 2581595 2591232 +
246 2784 9377 + 4 763517 769799 +
246 12512 25644 + 4 773093 785838 -
246 27680 45134 + 4 786850 804933 -
246 56526 62032 + 4 805090 809718 +
246 62438 75118 + 4 812043 824874 -
246 78300 82532 + 4 825181 829308 +
246 87570 97072 + 4 846910 856734 -
246 97749 116500 + 4 858324 874253 +
246 54779 55971 + 6 3426615 3427778 -
247 3822 10756 + 1 183911 187597 +
248 3083 19153 + 6 1201522 1216846 -
248 20247 25790 + 6 1218362 1223454 +
248 27352 29430 + 6 1224309 1226310 -
248 29795 38528 + 6 1227431 1236036 +
249 4495 50028 + 3 3032930 3078253 +
249 76302 81263 + 3 3120717 3125319 +
249 82041 99849 + 3 3102310 3119976 -
249 100245 127613 + 3 3126951 3148571 +
249 128857 148873 + 3 3148653 3168037 -
249 148932 159492 + 3 3191156 3201684 -
249 171110 188057 + 3 3169414 3186180 -
249 188987 191999 + 3 3204090 3207169 -
250 219 2481 + 3 3201817 3203995 -
251 112 2486 + 4 1255566 1257865 -
251 4269 7311 + 5 5824136 5827681 -
252 243 1940 + 5 5822044 5823724 -
252 3165 58348 + 1 5786857 5844339 -
252 68112 86200 + 1 5389412 5414650 +
252 87203 93715 + 1 5732896 5777198 +
252 102242 175605 + 1 5287157 5384054 -
252 176912 181865 + 1 5280937 5285932 +
252 188575 213993 + 1 5247493 5274624 +
252 214163 295804 + 1 5166195 5247366 -
252 295871 300793 + 1 5161329 5166124 +
252 301021 305712 + 1 5155989 5161112 -
252 307598 393385 + 1 5064765 5155573 +
252 394094 403697 + 1 5054829 5063989 +
252 404188 411333 + 1 5048148 5054442 -
253 4700 20900 + 6 3197740 3212138 -
255 2987 16727 + 1 8293535 8307199 -
255 17045 47777 + 1 8307796 8339041 +
255 48665 57764 + 1 8342495 8351517 -
255 60766 62479 + 1 8353889 8355772 -
256 135 2206 + 1 8351866 8353888 -
256 3348 11637 + 3 3003185 3011254 -
256 11877 25597 + 3 3012956 3026734 -
256 41349 43677 + 3 3028226 3030622 -
257 1176 2537 + 3 3026859 3028220 -
257 2586 3811 + 2 1568112 1569286 -
257 4609 22941 + 2 1549308 1566685 +
257 26025 32441 + 2 1532160 1538413 -
257 35404 41413 + 2 1524139 1530100 +
257 42286 64244 + 2 1501404 1521968 +
257 64708 70927 + 2 1493721 1497885 +
258 141 2552 + 2 1498268 1500634 +
258 3648 28034 + 7 477458 502057 -
258 29623 35659 + 7 527019 533383 +
258 36375 43863 + 7 533397 540686 -
258 44095 45784 + 7 546730 548413 -
258 46069 67326 + 7 1910657 1932348 +
258 70197 72067 + 7 1908586 1910449 +
258 72673 98703 + 7 1935316 1961358 -
258 107698 126972 + 7 1965063 1984672 -
258 136014 172924 + 7 1995570 2032193 -
258 173167 220510 + 7 2032441 2109947 +
258 222484 242079 + 7 2113323 2134591 -
259 839 2316 + 7 2110403 2111854 -
259 4474 8553 + 6 3745832 3749428 -
260 617 2581 + 6 3724777 3725955 -
260 4687 14928 + 5 6166982 6176383 -
261 2819 32994 + 2 1625557 1656559 -
261 33089 42296 + 2 1656979 1666161 -
261 43561 109347 + 2 1672359 1760941 +
262 115 2531 + 2 1761085 1763557 +
262 2748 32866 + 7 3499110 3529716 -
262 35142 47634 + 7 3532229 3543581 +
263 6 2112 + 7 3543590 3546169 +
263 3045 8478 + 1 8652363 8657760 -
263 11730 17986 + 1 8644980 8651525 +
263 19437 29793 + 1 8633160 8643404 -
263 31326 40573 + 1 8623806 8632747 +
263 41590 47254 + 1 8616310 8621905 +
263 48473 75802 + 1 8588252 8615482 -
263 76239 86893 + 1 8574349 8584953 +
264 40 2606 + 1 8585217 8587891 +
265 524 2176 + 3 4445163 4446859 -
265 2642 8233 + 1 8940549 8946173 +
266 388 2641 + 1 8946407 8948758 +
266 5950 35302 + 4 5046036 5076886 +
266 38412 46842 + 4 5084096 5090963 +
267 3371 17785 + 2 252038 268227 -
269 3547 27884 + 7 204128 226632 -
270 2699 26852 + 7 1839391 1863689 -
270 27457 29709 + 7 1863952 1866141 -
270 30176 34803 + 7 1866200 1870631 -
270 35186 40694 + 7 1870691 1873581 -
270 41084 66108 + 7 1875541 1904563 -
271 30 2034 + 7 1873965 1875432 -
271 10472 12531 + 4 5941270 5943277 +
272 592 1993 + 4 5943783 5945180 +
272 4363 6299 + 6 4071150 4072902 +
272 16631 39859 + 6 4073956 4095567 +
272 8229 13111 + 7 921685 926718 -
273 2722 26534 + 5 1558824 1579940 +
273 28768 42867 + 5 1582790 1596499 -
274 344 2556 + 5 1580109 1582404 -
274 2732 65339 + 7 1492284 1554395 +
274 68670 74215 + 7 1565836 1571254 -
275 212 2226 + 7 1563577 1565564 -
275 4113 47030 + 7 3612478 3650081 +
276 15826 17382 + 2 692309 693831 -
277 10879 25751 + 7 1226805 1239808 +
277 28039 37980 + 7 1248851 1257287 -
277 39171 44473 + 7 1262299 1267713 -
278 933 2421 + 7 1257532 1259144 -
278 7537 30248 + 1 9265487 9340844 -
278 31164 33701 + 1 9222226 9224794 -
278 33884 40450 + 1 9213935 9220838 +
278 41603 45286 + 1 9210715 9213826 +
280 2827 5793 + 4 2996946 3002541 -
281 2802 4269 + 2 2066107 2067594 -
281 24485 67788 + 2 2086728 2187056 +
281 68449 71131 + 2 2187119 2189801 -
281 71853 91743 + 2 2190328 2208845 +
281 91968 100142 + 2 2225242 2235498 -
282 220 1850 + 2 2223416 2225138 -
283 5299 34831 + 7 3899485 3927269 +
283 35237 49014 + 7 3927886 3940707 -
283 49751 63206 + 7 3943955 3953558 +
283 64320 68590 + 7 3956641 3960847 -
284 564 2610 + 7 3953924 3955986 -
284 4136 41647 + 5 5158978 5196828 -
284 76861 81636 + 5 287955 293128 -
284 41763 52540 + 1 1438320 1449200 -
284 56685 73498 + 1 1416300 1433422 +
284 116864 140738 + 1 1449288 1473118 -
284 140820 147439 + 1 1473259 1479973 -
284 158077 173681 + 1 1483752 1499251 -
285 282 2798 + 1 1480865 1483518 -
285 2887 18800 + 3 1319421 1336757 -
286 2905 26108 + 1 1503369 1526577 -
286 28144 30660 + 1 1526806 1529324 +
287 9829 17442 + 4 5158624 5166209 +
288 1105 2861 + 4 5166255 5168017 -
289 2882 14933 + 7 2546428 2559342 +
290 865 2878 + 7 2559347 2561358 +
290 3701 11090 + 1 1915992 1924145 -
290 15641 21092 + 1 8565040 8570327 +
290 21552 78552 + 1 8513894 8564385 -
290 78785 80908 + 1 8511576 8513700 +
290 81140 98236 + 1 8490427 8511300 +
290 101789 106675 + 1 8485415 8490303 +
290 108477 112695 + 1 8478913 8483196 -
290 113015 153824 + 1 8133482 8170538 +
290 155315 163606 + 1 8178630 8187452 -
291 2928 4561 + 2 90061 91667 -
292 60 2375 + 2 87493 89899 -
292 5940 7047 + 1 2478106 2479234 +
292 7281 10853 + 1 2469204 2472728 -
292 14024 19200 + 1 2461616 2466536 +
292 25699 37902 + 1 2442612 2454111 +
292 39852 44999 + 1 2434886 2439898 +
293 4378 28968 + 3 2018252 2042619 -
293 29980 63814 + 3 1986718 2017689 +
293 65640 104546 + 3 1943502 1984445 -
294 2932 24361 + 4 78535 102361 +
294 25424 27866 + 4 65001 67382 -
294 32473 37985 + 4 68587 75282 +
295 8 2930 + 4 75574 78513 +
296 2952 5764 + 7 2778946 2781958 -
296 6052 8956 + 7 2772605 2775930 +
297 200 2221 + 7 2776154 2778172 +
297 22439 25267 + 4 340170 342935 +
298 1481 2860 + 4 332180 333572 -
298 2972 26662 + 2 1424202 1454003 +
298 27371 36966 + 2 1454523 1464166 -
298 46042 90483 + 2 1373969 1415370 -
298 94053 97437 + 2 1366431 1369714 +
299 5243 11554 + 2 3548877 3552857 -
300 3707 11311 + 1 9256554 9263606 -
300 12793 58226 + 1 9105485 9151128 -
300 64282 69009 + 1 9227371 9232103 +
300 70731 79667 + 1 9234193 9242853 -
300 82990 92006 + 1 9246772 9255870 +
301 3702 7959 + 4 537052 541548 +
301 10492 17183 + 4 520309 527200 -
301 17744 22993 + 4 510707 515999 +
302 1337 2916 + 4 518330 519794 +
302 3653 17750 + 2 1576835 1590890 -
303 362 3011 + 2 1573866 1576411 -
303 4177 19989 + 5 294171 309773 +
304 798 3020 + 5 310908 313511 +
304 4302 8773 + 5 2874499 2878932 -
304 11470 45527 + 5 2882921 2914708 +
304 45836 56249 + 5 2915631 2925992 -
304 57324 62255 + 5 3000036 3004974 +
304 64895 69108 + 5 2976472 2980178 +
304 73901 121444 + 5 2928687 2973697 -
305 3356 12994 + 5 2026778 2036910 +
305 14350 25307 + 5 2041721 2052405 -
305 26631 42944 + 5 2052756 2068779 +
305 44901 58305 + 5 2072184 2086444 -
306 3053 48405 + 3 3331501 3376724 -
306 53557 63557 + 3 3318227 3327963 +
307 232 2872 + 3 3328715 3331368 +
307 4254 13448 + 7 874020 883165 -
307 17149 19370 + 7 870967 873420 +
308 3402 61968 + 4 2466460 2524188 +
309 237 3016 + 4 2524190 2526881 +
309 4088 29069 + 1 3462654 3505478 +
309 31752 62055 + 1 3506053 3536725 -
310 3206 14417 + 1 5868839 5879807 -
310 17647 27486 + 1 8438927 8448517 -
310 27746 32836 + 1 5879928 5884963 +
310 33014 45424 + 1 5886696 5896879 -
310 45583 61043 + 1 5897130 5912179 -
310 61145 66366 + 1 5944468 5949564 -
310 73677 83468 + 1 5949944 5981143 -
310 83916 100409 + 1 5981145 5997439 -
310 100839 163438 + 1 5997877 6060069 +
311 268 2997 + 1 6060392 6063055 +
311 41837 43978 + 5 5934361 5936407 +
311 46055 47139 + 5 5872125 5873130 -
311 4611 18712 + 3 405598 419841 +
311 20971 29923 + 3 384201 392981 +
312 3113 28077 + 5 3775567 3800263 -
312 30201 37686 + 5 3800609 3808227 -
312 37787 70784 + 5 3808285 3837726 +
313 174 3067 + 5 3837823 3840768 +
313 3122 10262 + 5 5519234 5523462 -
313 15281 22132 + 7 3486233 3493177 +
314 503 2898 + 7 3493871 3496285 +
314 9768 14906 + 5 6123389 6129366 +
314 20333 22552 + 5 6135869 6138079 -
314 23724 30638 + 5 6154789 6161783 -
315 231 3128 + 5 6162909 6166979 +
315 3142 7346 + 5 1419056 1423263 +
315 12802 17770 + 5 1409636 1414385 -
315 18398 32326 + 5 1394526 1408603 +
315 33038 35197 + 5 1391794 1394265 -
316 164 2985 + 5 1388991 1391761 -
316 3388 17478 + 5 2541604 2555948 -
316 18358 52094 + 2 2028372 2063512 +
318 4770 25812 + 7 929696 942161 -
319 3182 11594 + 3 3401158 3410825 +
319 12678 19756 + 3 3411908 3418991 -
319 20111 40787 + 3 3419249 3440872 +
320 3192 8550 + 3 540677 546101 -
320 8753 17405 + 3 547023 554575 +
321 3202 33960 + 3 3239941 3270664 -
321 34214 38485 + 3 3273067 3277284 -
321 40218 63545 + 3 3277458 3301089 +
321 65227 78654 + 3 3303876 3317174 -
322 779 3038 + 3 3301476 3303730 -
322 3258 9915 + 1 7244315 7249770 +
323 1362 3210 + 1 7250414 7251846 +
323 3903 14508 + 2 1806714 1817124 +
323 19723 32110 + 2 1820044 1832049 -
324 3367 14309 + 3 1900201 1911483 +
324 14546 40673 + 3 1914828 1940659 -
325 34566 69248 + 3 2501968 2538820 -
325 69417 91266 + 3 2478891 2500931 +
325 115486 149339 + 3 2389233 2423859 -
325 149776 152235 + 3 4134506 4136912 +
325 161401 224050 + 3 4137079 4200761 +
325 224520 242778 + 3 4203679 4222683 -
325 3736 11691 + 2 3044208 3052187 -
325 19629 32375 + 2 3052875 3065325 +
325 15997 17797 + 7 3529859 3531670 +
325 152577 160816 + 5 3840927 3849106 -
326 352 3241 + 3 4200868 4203635 -
326 3252 14670 + 7 179121 197675 -
327 522 3251 + 7 175035 177782 -
327 3321 38497 + 7 3020750 3052369 -
328 3302 5046 + 5 1523384 1525457 +
328 8344 26081 + 2 3488835 3516666 +
328 26474 39073 + 2 3516689 3527436 -
329 3770 6631 + 2 74963 78065 +
329 9179 14112 + 2 81262 86171 -
330 545 1672 + 2 79955 81065 -
330 3292 13632 + 7 1394834 1405091 +
331 1623 3291 + 7 1392989 1394697 +
331 3302 4570 + 5 4432088 4433376 +
331 4677 12554 + 5 4423672 4432049 -
331 16514 21959 + 5 4392692 4397428 +
331 25264 45835 + 5 4400701 4420055 -
332 354 2459 + 5 4398222 4400225 -
332 4811 38364 + 1 9554917 9586477 +
333 772 2843 + 1 9590026 9591924 +
334 583 1972 + 4 4985627 4986992 +
334 3397 8149 + 4 4146588 4151241 -
334 8601 42319 + 4 4156047 4199324 +
335 3438 15655 + 5 166495 199120 -
336 3466 33068 + 1 3664328 3734680 +
336 34052 82391 + 1 3538373 3640464 -
337 4206 6268 + 2 774843 776816 +
338 9975 31394 + 4 5892222 5913723 +
338 52756 93909 + 5 3563930 3604884 -
338 99991 187018 + 5 3620009 3707728 -
338 189678 226153 + 5 3710878 3745842 +
339 414 3125 + 5 3746436 3749213 +
339 3814 23926 + 4 31907 60687 +
340 335 2400 + 4 61479 63444 +
340 71969 77303 + 4 5589009 5595101 +
340 4066 55431 + 6 2107696 2154097 +
340 59933 68829 + 6 2162536 2170307 -
340 78330 92199 + 6 2175847 2189645 -
341 129 3391 + 6 2172007 2175195 -
341 14745 17775 + 5 6023330 6028306 -
341 22727 24663 + 5 5978154 5980086 +
341 26163 30472 + 5 5965575 5969883 -
342 3504 13516 + 6 2471958 2481793 -
343 51 2781 + 6 2468925 2471857 -
344 3498 8682 + 6 1922066 1926936 -
344 8687 24568 + 6 1929585 1945549 -
345 3444 16717 + 6 2481890 2495000 +
345 17257 34720 + 6 2500860 2517458 -
345 41738 53917 + 6 2517722 2529652 +
345 54655 56298 + 6 2530366 2531943 -
345 58532 72884 + 6 2532198 2546619 +
345 74706 80788 + 6 2550219 2555966 -
345 83465 95872 + 6 2556012 2568760 -
345 96134 109379 + 6 2572881 2585967 -
346 135 2988 + 6 2569339 2572123 -
346 3479 23623 + 5 2086853 2106839 -
346 23726 27797 + 5 2106968 2110689 -
346 38986 42400 + 5 2115452 2118840 -
346 28147 32404 + 4 4151408 4155514 +
347 596 3451 + 5 2110723 2113578 -
348 322 3368 + 5 230326 233277 -
348 3475 36748 + 1 8207680 8293533 -
348 37196 57834 + 1 8187710 8204211 +
349 254 3035 + 1 8204215 8207015 +
349 3482 4567 + 4 422580 423677 +
350 501 3029 + 4 416818 419964 -
351 5378 14207 + 3 470299 491872 +
352 4044 5599 + 7 257826 259447 -
352 6238 7746 + 7 312498 313998 +
352 9779 27740 + 7 264826 300707 +
353 21 3511 + 7 301003 304627 +
353 4107 37321 + 4 1294225 1327189 -
354 93 3521 + 4 1290678 1294211 -
354 11985 34056 + 2 724897 745692 +
355 3542 10119 + 6 1165745 1172042 +
355 18204 38329 + 6 1141214 1161915 -
356 1259 3534 + 6 1135373 1137607 -
356 3552 30260 + 1 1119172 1145409 +
356 35157 99099 + 1 1051816 1114322 -
356 99262 110848 + 1 1040232 1051638 +
356 115764 135118 + 1 1015700 1035636 +
356 135757 143938 + 1 1002877 1011230 +
357 2 3509 + 1 1011886 1015465 +
357 5453 18369 + 7 3998002 4010961 -
358 3636 5579 + 3 4619649 4621547 +
358 7054 14069 + 3 4597524 4606737 -
358 15012 18318 + 3 4536846 4538478 +
358 20971 38646 + 3 4622703 4640097 -
358 40058 50343 + 3 4608165 4618768 +
358 59889 61751 + 5 686223 687956 -
359 3772 29947 + 2 2775653 2801291 +
359 32229 34066 + 2 2802296 2803896 -
359 35466 52977 + 2 2808172 2825872 -
360 425 3405 + 2 2804992 2808018 -
360 3593 39817 + 1 5692761 5729017 +
361 3620 12175 + 6 1977845 1986342 -
361 13295 51905 + 6 1989094 2027363 +
361 53331 59382 + 6 1970868 1977164 -
362 4135 7015 + 1 3318877 3321638 +
362 20880 45654 + 1 3294560 3317930 +
362 46284 75184 + 1 3260612 3288419 -
363 7470 56373 + 4 273888 319966 -
364 152 2199 + 4 271895 273886 -
365 3741 5042 + 7 437645 438658 +
365 7096 16155 + 7 441300 450767 -
365 24703 41430 + 7 394408 410325 +
365 46394 47639 + 7 421520 422784 -
366 863 3638 + 7 418397 421360 -
366 8998 13854 + 7 4121002 4125883 -
366 20713 30375 + 7 4106396 4116397 +
366 33463 40342 + 7 4189287 4196339 +
366 44666 53819 + 7 4179523 4188960 +
366 54501 55932 + 7 4177078 4178544 +
366 56937 83487 + 7 4141076 4167881 +
366 85181 89236 + 7 4168434 4172454 -
366 91128 93151 + 7 4174651 4176662 +
366 94091 105977 + 7 4127000 4138396 -
366 107728 112087 + 7 4200142 4217541 +
366 112551 115547 + 7 4217879 4221525 -
366 116517 124301 + 7 4225230 4233146 -
367 6419 9940 + 7 2766236 2770200 +
367 12050 26206 + 7 2750710 2765112 -
368 5599 11644 + 4 5599194 5605159 -
369 189 3166 + 4 5595803 5599074 -
369 4625 28387 + 1 711006 735379 -
370 1387 2811 + 1 707520 708966 -
371 3703 20569 + 1 8355823 8372964 +
371 21744 29435 + 1 8376773 8384474 -
372 4096 6462 + 1 2027154 2029349 +
372 7316 23561 + 1 2030170 2045397 -
372 24087 33650 + 1 2045482 2055171 +
373 1434 3710 + 1 2056393 2058410 +
373 3869 14184 + 5 5877957 5888147 +
373 14649 16019 + 5 699325 700830 -
373 17175 18324 + 5 6405977 6407130 -
373 20908 24657 + 5 693494 697494 -
374 41 3673 + 5 690738 693362 -
374 3799 11549 + 4 3231939 3239597 -
374 11955 25225 + 4 3241326 3254984 -
374 26733 46700 + 4 3255184 3270618 +
374 47923 82613 + 4 3272448 3306756 -
374 84110 87529 + 4 3314442 3317696 +
374 87692 115251 + 4 3318074 3346102 -
374 143999 166747 + 4 1202428 1225368 -
374 174139 195760 + 4 1123902 1193306 +
374 196365 212213 + 4 1101951 1121688 +
375 799 2170 + 4 1121923 1123393 +
375 4256 15415 + 7 1743118 1754337 -
375 25488 29045 + 7 1739831 1742488 +
375 29077 37233 + 7 3073862 3082143 +
375 44169 56236 + 7 3053602 3065632 +
375 16083 19469 + 6 3320582 3323980 -
376 218 3148 + 7 3070395 3073303 +
376 4764 15023 + 3 5248266 5258470 +
377 73 3725 + 3 5258695 5261896 +
377 3956 11032 + 5 5716702 5723800 -
377 11715 28877 + 5 5724586 5742123 +
377 28994 32455 + 5 5742442 5745968 -
377 33044 40377 + 5 5746359 5752961 -
377 40682 93877 + 5 5753089 5807314 +
377 94323 102555 + 5 5808087 5816486 -
378 1922 3722 + 5 5817910 5819682 -
378 9226 67829 + 1 6122178 6179701 -
378 68276 75106 + 1 6110800 6117788 +
379 1196 3727 + 1 6119471 6121870 +
379 4863 16099 + 3 2848702 2859881 -
379 19513 24070 + 3 2842833 2847438 +
379 25217 42825 + 3 2809028 2838946 +
379 43382 55911 + 3 2795620 2807455 -
379 56299 59135 + 3 2791917 2794829 +
379 61742 103205 + 3 2746150 2789887 -
380 1624 3537 + 4 4976410 4978262 +
380 3792 24117 + 3 4688629 4709069 +
381 48 3514 + 3 4713547 4716170 +
381 3802 6517 + 1 7209893 7212571 +
381 8234 39159 + 1 7181148 7209862 -
381 39959 82697 + 1 7136772 7178512 +
381 117389 130992 + 1 7098529 7113308 +
381 114046 115747 + 6 457350 458532 +
382 254 2285 + 1 7113666 7115776 +
382 3812 24960 + 1 8385011 8405911 -
382 38613 69626 + 1 8413427 8434080 +
383 126 3740 + 1 8435077 8438538 +
383 4010 12176 + 7 1812427 1821043 -
383 29048 51552 + 7 1772417 1794908 +
383 51715 61747 + 7 1756762 1766468 +
384 953 3543 + 7 1767367 1772041 +
385 160 2747 + 2 2695062 2697631 -
386 3982 42156 + 1 2718306 2756387 -
386 42252 45573 + 1 2714327 2717567 +
386 57050 104911 + 1 2767104 2813050 -
386 106950 119155 + 1 2817145 2829020 -
386 119986 122255 + 1 2829239 2831468 +
387 3862 9303 + 3 4409866 4415475 +
387 10012 17414 + 3 4416890 4423147 -
387 18262 32661 + 3 4427009 4442430 -
388 258 3860 + 3 4423463 4426856 -
388 3872 11068 + 2 3463171 3468880 +
388 11278 12278 + 2 3460580 3461592 +
388 13702 53495 + 2 3418844 3460548 -
388 53532 75034 + 2 3389042 3411090 +
388 75348 91216 + 2 3348228 3364426 -
390 4062 8092 + 1 9202444 9206417 -
391 1487 2669 + 1 9200233 9201435 -
391 3903 9433 + 6 1418257 1423569 +
392 319 3712 + 6 1423633 1426715 +
392 3914 8692 + 5 5119136 5123923 +
393 293 3103 + 5 5124679 5127867 +
393 4425 17331 + 2 20224 32848 +
394 3934 9565 + 3 1311966 1316925 -
394 16576 24126 + 3 1301697 1309208 +
394 25144 32419 + 3 1292126 1299460 -
394 33009 41372 + 3 1281515 1289711 +
394 43597 44651 + 3 1280022 1281067 -
395 161 3931 + 3 1276105 1279990 -
396 3952 14854 + 5 2714849 2726027 -
396 17818 37241 + 5 2730020 2749612 -
397 199 2292 + 5 2727862 2729886 -
397 5086 72197 + 1 3093630 3159722 -
397 72863 74274 + 1 3091903 3093261 +
397 74738 77447 + 1 3085279 3088004 +
398 49 3745 + 1 3088043 3091447 +
398 3977 27472 + 3 3377742 3401089 -
398 28677 36537 + 2 2238430 2246642 +
398 37994 46240 + 2 2283367 2291457 -
398 46979 65765 + 2 2264863 2283332 +
398 66153 67183 + 2 2291876 2292877 -
398 68043 84126 + 2 2248464 2264718 +
398 85125 92553 + 2 2293768 2301261 +
398 93646 130442 + 2 2303103 2337121 -
398 131415 147294 + 2 2337328 2353672 -
398 147507 214917 + 2 2353686 2418073 +
399 85 3789 + 2 2418172 2422022 -
399 12867 18975 + 5 218633 224658 +
400 187 3981 + 5 226169 230066 +
400 4341 114248 + 5 3134428 3243017 -
401 423 3983 + 5 3129967 3133453 -
401 4002 20390 + 2 2548464 2564873 -
401 20780 32303 + 2 2564956 2576426 +
401 33770 36085 + 7 3546817 3549185 +
402 155 3856 + 7 3549350 3553056 +
402 7893 15283 + 4 190321 197315 +
403 5230 7949 + 4 5014375 5016137 -
403 8438 21836 + 4 4996225 5009689 +
404 456 3981 + 4 5010648 5014016 +
404 4314 10585 + 1 5845317 5851561 +
405 4122 15977 + 6 3871540 3887594 +
406 24 1571 + 6 3887769 3891811 +
406 14639 28592 + 7 2992869 3007501 -
407 5347 10780 + 5 474242 479991 +
407 13887 17986 + 5 467618 471830 -
407 24456 25976 + 5 451660 453625 +
408 317 3838 + 5 454539 457994 +
408 5613 8960 + 6 3892061 3895430 -
409 1240 3877 + 6 3896116 3898894 +
410 5197 15542 + 2 4342473 4367534 -
410 16827 30971 + 2 4371879 4385949 -
411 8501 23200 + 2 528724 543838 +
411 25866 28873 + 2 545127 548053 -
412 197 3737 + 2 552483 555973 -
412 44377 55934 + 2 57206 68465 -
412 5296 12953 + 6 3576738 3584543 +
412 13296 30622 + 6 3584613 3603035 -
412 31005 40942 + 6 3603581 3613754 +
412 59007 60738 + 6 3615066 3616783 -
413 4122 7856 + 3 1250484 1276057 -
414 477 2931 + 3 1247051 1249421 +
414 4317 9847 + 7 3563146 3568715 +
414 11282 38404 + 7 3569654 3598106 -
414 40040 41333 + 7 3600416 3601733 +
415 1041 4131 + 7 3603349 3606063 +
415 4649 8456 + 6 2746406 2750203 -
415 9979 20711 + 6 2751248 2767518 +
416 58 1703 + 6 2767948 2769547 +
416 5016 18422 + 4 3019501 3029034 +
416 19707 28098 + 3 5238005 5246374 -
417 21121 37970 + 4 702465 717589 -
417 39921 41996 + 4 698390 700365 +
417 48085 50932 + 4 725677 727499 -
418 4172 9464 + 3 522543 527717 +
418 11330 43876 + 3 494704 521320 -
419 4269 17411 + 3 2688539 2702338 -
420 309 3447 + 3 2685511 2688491 -
420 4192 13054 + 1 3452891 3461972 +
420 14284 16863 + 1 3450186 3452861 -
420 18229 29259 + 1 3438729 3449900 +
420 31620 57634 + 1 3410609 3436528 -
420 58763 79251 + 1 3390057 3410587 +
420 79599 85817 + 1 3382411 3388661 +
420 86342 133905 + 1 3326328 3382224 -
422 153 1896 + 1 3324244 3326003 +
422 4728 15526 + 4 5817128 5827657 -
422 19182 23464 + 4 5805794 5809732 +
423 294 2486 + 4 5809956 5812022 +
423 11655 15269 + 4 3847814 3851186 -
423 5713 10555 + 5 2191569 2196338 -
423 16879 32402 + 5 2175282 2191410 -
423 34215 63659 + 5 2200922 2233716 -
424 128 2571 + 5 2198348 2200809 -
425 4242 20426 + 7 1302621 1318372 +
425 22060 33334 + 7 1285630 1296792 +
426 882 4241 + 7 1299303 1302590 +
426 4252 9169 + 2 1591696 1596840 +
427 642 2885 + 5 640743 642810 -
427 9760 15832 + 7 3839693 3846106 -
427 28560 35109 + 7 3853596 3860601 +
427 35497 37346 + 7 3860765 3862492 -
427 37791 70897 + 7 3862828 3893218 +
428 722 2055 + 7 3894051 3895411 +
429 40 1682 + 7 3895454 3897064 +
429 5788 19350 + 4 4310495 4322039 +
430 380 1951 + 4 4328245 4329844 +
430 5019 10092 + 5 446090 451111 +
430 10676 15708 + 5 435772 440991 +
431 242 3616 + 5 441251 444748 +
431 8560 14260 + 7 228700 234346 +
431 17622 28813 + 7 234414 245405 -
431 30420 33016 + 7 253463 256199 +
433 4930 8442 + 5 701764 705237 +
434 310 2408 + 5 705504 707581 +
434 6407 20342 + 5 1372837 1386621 -
435 4576 20194 + 1 7043819 7058371 -
435 20295 32231 + 1 7031529 7043014 +
435 34879 40084 + 1 7027004 7031391 -
436 4385 27264 + 6 1838514 1869213 -
436 27515 52959 + 6 1869539 1917491 +
437 5676 14217 + 1 3046154 3054893 -
438 121 4255 + 1 3042092 3046153 -
438 4372 25019 + 2 3850289 3871705 +
438 30898 37122 + 2 3943458 3949616 -
439 26 3292 + 2 3937422 3940915 -
439 4383 38567 + 4 1441127 1514779 -
440 175 2670 + 4 1437561 1440055 +
440 4534 6110 + 3 5262004 5263594 +
441 4528 48653 + 1 742504 785382 -
442 819 4142 + 1 737967 741559 -
442 10574 13756 + 5 160436 163642 +
442 15199 17767 + 5 127219 130326 -
442 18044 19510 + 5 95531 96991 -
442 24406 26073 + 5 124158 125803 +
442 26404 40952 + 5 97348 112447 +
443 452 4224 + 5 112922 116757 +
443 6668 22095 + 5 322360 337699 -
444 1470 4305 + 5 317773 320102 -
444 4437 24736 + 7 114798 132118 -
444 27321 31403 + 7 134022 155131 +
445 9217 11992 + 7 4038955 4041461 -
446 126 3337 + 7 4035881 4038918 -
446 5360 9780 + 1 2014332 2018631 -
446 9913 37990 + 5 740684 768369 +
446 40135 56581 + 5 712449 729533 -
446 58709 61013 + 6 729729 732021 -
447 509 3541 + 6 726241 729661 -
447 139523 151179 + 2 36675 49117 -
447 4462 19595 + 7 1081493 1096349 +
447 21546 74977 + 7 1103980 1186714 +
447 75486 86301 + 7 1189176 1200699 -
447 91745 95495 + 7 1201622 1205546 -
447 95642 99454 + 7 1205825 1209592 +
447 101348 103762 + 7 1211644 1214111 -
447 108801 112462 + 7 1217023 1220463 -
447 113286 117964 + 7 1220689 1225403 +
448 7642 26907 + 3 5036961 5059270 -
449 165 3545 + 3 5033036 5036917 -
449 4583 16455 + 4 409349 415970 -
449 17608 42180 + 6 1701432 1719931 -
449 42856 50406 + 6 1741017 1748648 +
449 52133 59285 + 6 1720158 1727303 -
449 66361 69031 + 6 1731978 1734741 +
450 103 4459 + 6 1735925 1740374 +
450 8458 20374 + 6 3833572 3845179 -
451 297 4007 + 6 3848630 3852377 -
451 5726 28504 + 7 1698649 1719149 +
452 5692 27241 + 1 7371506 7391844 +
452 28015 31998 + 1 7392724 7396541 -
452 43723 85431 + 1 7407979 7453265 +
452 87225 103543 + 1 7458017 7474862 -
453 844 3198 + 1 7454518 7456797 -
453 4522 32205 + 2 3122506 3150450 -
453 32326 51010 + 2 3098925 3117589 +
454 85 4521 + 2 3117795 3122347 +
454 4532 10144 + 4 5129775 5135359 +
454 10554 13901 + 4 5137822 5141162 -
455 43 1843 + 4 5136003 5137749 -
455 5381 13232 + 5 2514089 2521936 -
456 4666 6802 + 5 4902669 4904803 -
456 16671 39614 + 5 4906911 4930404 +
456 42328 49143 + 5 4931068 4937589 -
456 51777 53538 + 5 4940113 4941853 -
456 54507 72984 + 5 4941912 4958204 -
456 73192 84104 + 5 4961982 4972823 -
456 6870 15511 + 1 2018961 2027096 -
457 164 3750 + 5 4958926 4961879 -
457 5162 6709 + 5 738266 739823 -
457 7210 9305 + 5 769103 771252 +
457 10133 11492 + 5 732131 733424 +
458 159 4506 + 5 733484 738059 +
458 6161 9275 + 4 156442 159652 +
458 10973 16750 + 4 160992 166956 -
458 28321 30737 + 4 176531 179737 -
459 312 3767 + 4 172548 176528 -
459 4693 9700 + 7 754902 759794 +
460 683 2796 + 7 760716 762806 +
460 5069 12506 + 4 1515071 1522202 -
460 12912 18117 + 4 1526400 1531662 -
461 554 3684 + 4 1522640 1525736 -
461 6473 14711 + 1 7547186 7556642 -
461 15093 20512 + 1 7521471 7527117 +
462 5028 40056 + 5 4433521 4496244 -
462 45331 51582 + 5 5863620 5869441 -
463 83 3050 + 5 5858214 5861212 -
463 12986 23637 + 2 4086047 4097691 +
463 26579 40637 + 2 4128494 4151072 -
464 44 3824 + 2 4124202 4128492 -
466 2023 4583 + 6 2313171 2315733 +
466 5895 12780 + 2 3084977 3091927 -
466 15389 31511 + 2 3067116 3083420 +
467 8 1502 + 2 3096272 3097538 -
467 7304 38425 + 5 5612623 5644043 -
467 41408 50697 + 5 5646877 5656105 +
468 1084 4556 + 5 5699257 5715926 +
468 13075 25934 + 4 383042 392061 -
468 31360 50030 + 6 3928287 3946838 +
468 50420 61124 + 6 3947148 3956729 -
468 62114 76180 + 6 3957503 3971863 +
469 364 2032 + 6 3972478 3974188 +
469 4975 28178 + 4 1412662 1435272 -
470 3264 4533 + 4 1402516 1403802 -
470 6680 14854 + 7 773091 781368 +
471 2171 4532 + 7 764618 766910 -
471 4930 38169 + 4 3538689 3572197 -
471 38537 76150 + 4 3572584 3609348 +
471 76929 84221 + 4 3610395 3617062 -
471 84997 94941 + 4 3617785 3623316 -
471 96547 116317 + 4 3624119 3642405 -
471 121770 125936 + 4 3648438 3651098 -
472 270 4502 + 4 3644153 3648344 -
472 6690 9731 + 7 1725095 1728066 +
473 1118 2191 + 7 1728170 1729232 +
473 5832 34546 + 4 5751887 5780380 +
474 1494 4721 + 4 5781418 5784566 +
474 4850 7200 + 2 92511 93888 -
475 122808 146157 + 1 6188854 6215257 -
475 4742 12801 + 5 3374019 3381770 -
475 15625 30920 + 5 3384187 3399301 +
475 31338 82958 + 5 3400004 3466084 -
475 83585 121635 + 5 3466312 3504037 +
476 165 3030 + 1 6181934 6185213 -
476 4845 13206 + 1 7006453 7013469 +
476 17033 24635 + 1 6994583 7006274 +
476 25903 33744 + 1 6981329 6990074 -
476 33922 37575 + 1 6972685 6976347 +
476 38504 44176 + 1 6966270 6972361 -
476 46104 50893 + 1 6961912 6965868 +
476 59861 62331 + 1 6955608 6958074 -
477 4789 56304 + 4 4404309 4465232 -
478 213 4758 + 4 4400121 4404159 -
478 14157 55511 + 1 8727163 8761184 -
478 55906 95942 + 1 8676976 8726218 +
478 96734 102539 + 1 8669686 8675499 -
479 12918 14973 + 5 117449 119611 -
480 931 4385 + 5 81278 84734 +
480 4808 24018 + 3 250639 272418 +
480 24954 26411 + 3 245935 247407 +
482 4812 15967 + 4 4082709 4094010 +
482 16494 30742 + 4 4068375 4082505 -
483 352 4725 + 4 4063752 4068207 -
483 4859 13135 + 3 3713382 3721870 +
483 16513 32478 + 3 3697138 3713271 -
484 873 4151 + 3 3693699 3696967 -
484 4832 12566 + 6 2738163 2745542 +
484 13133 69049 + 6 2670184 2738112 -
484 69681 73612 + 6 2666281 2670154 +
485 41 4831 + 6 2661123 2666113 +
485 5494 9065 + 1 1873580 1877146 -
486 52 1905 + 1 1871653 1873457 -
487 5400 41079 + 5 18944 54071 +
487 41886 47293 + 5 54084 59423 -
487 50742 58439 + 5 65566 73470 -
488 389 3784 + 5 60395 63943 -
489 4961 6383 + 6 3651305 3652755 -
489 8880 23118 + 6 3654739 3663868 -
491 7260 21842 + 6 3903608 3918609 -
492 8700 21910 + 7 3975258 3987259 -
492 29552 32639 + 7 3962296 3965546 +
493 2312 4911 + 7 3968743 3971387 +
493 4952 14153 + 4 1351582 1360753 +
493 14631 31492 + 4 1333906 1351498 +
494 575 4836 + 4 1329474 1333623 +
494 5454 21012 + 4 1532247 1547556 +
495 419 4434 + 4 1548076 1552239 +
495 7416 16396 + 4 1088447 1095807 +
496 1427 4940 + 4 1097831 1101356 +
496 10049 21575 + 5 625468 637050 -
497 132 4329 + 5 616352 625199 -
497 5399 11584 + 6 1749126 1755121 +
497 11716 46756 + 6 1764178 1838477 -
498 239 4918 + 6 1755128 1763812 -
500 6619 20493 + 1 1296493 1309564 -
500 20712 29024 + 1 1310767 1320506 +
500 30187 61879 + 1 1321646 1362420 -
500 62913 86846 + 1 1362551 1386177 +
500 87684 102472 + 1 1397432 1413103 -
501 175 4408 + 1 1393143 1397421 -
501 5428 20441 + 5 5062971 5078653 -
501 25778 43499 + 5 5079305 5097226 -
502 5012 20180 + 6 2194732 2210051 -
502 23993 43872 + 6 2215657 2234696 +
503 626 5011 + 6 2235610 2240174 +
503 5599 14481 + 1 5852172 5860952 +
504 5044 24700 + 6 2631734 2658726 -
505 359 4939 + 6 2626861 2631446 -
505 11898 29060 + 7 321727 363321 +
505 31758 44781 + 7 364840 378044 -
505 45250 47236 + 7 3993074 3995023 +
506 969 4056 + 7 380132 383017 -
507 6190 36311 + 2 3780763 3814224 +
507 36851 37961 + 2 3820523 3821606 -
508 192 5040 + 2 3815074 3820037 -
509 46212 47808 + 3 4873889 4875477 +
511 395 4994 + 5 1341163 1345801 +
511 6733 12279 + 1 3077950 3083631 -
511 15681 29677 + 1 3056378 3072878 +
512 6885 9101 + 7 2874340 2876602 -
513 391 5111 + 7 2867665 2872631 -
514 5133 7545 + 1 4596627 4599043 +
515 48 3266 + 1 4599517 4602700 +
515 4086 5131 + 1 4595522 4596562 +
515 5356 9195 + 6 489372 492897 -
515 12310 18659 + 6 534273 541028 +
515 22810 24446 + 6 551921 553548 -
516 53 4735 + 6 546833 551407 -
516 5152 40022 + 3 1453301 1489154 -
517 353 4975 + 3 1444826 1449460 +
517 6533 26942 + 1 9399248 9421460 -
518 1582 5082 + 1 9393283 9396851 -
519 1629 4340 + 5 5501521 5503366 +
519 15929 27577 + 5 6197844 6210211 -
520 5986 125236 + 4 4502237 4617435 +
521 403 2018 + 4 4617888 4619561 +
521 2227 5107 + 4 4619745 4622576 -
521 5202 27254 + 3 2559522 2581550 +
521 27366 38574 + 3 2544762 2555892 -
522 50 4627 + 3 2539666 2544105 -
522 5213 8492 + 3 284392 287404 +
522 10054 15266 + 3 277229 282826 -
522 17522 19957 + 3 296724 299003 -
524 5436 14342 + 2 1842090 1851246 -
525 634 5231 + 2 1836947 1841392 -
525 6516 8191 + 3 4934937 4936326 -
526 184 3257 + 3 4931343 4934821 -
527 485 4954 + 1 394158 398443 -
527 6574 15041 + 6 1950063 1958537 -
528 8161 23115 + 7 3743927 3758144 -
529 754 4421 + 7 3734423 3738163 -
529 5428 7391 + 7 3553316 3555135 +
530 154 5157 + 7 3555382 3560388 +
530 5517 29245 + 4 5340616 5359191 -
531 424 5291 + 4 5332998 5337743 -
531 5788 31910 + 4 1361743 1387278 +
531 32011 43721 + 4 1390793 1402125 -
533 549 3112 + 4 1387347 1390179 -
533 3266 5311 + 4 4874324 4876263 +
533 5356 13311 + 4 4944626 4952504 -
534 9408 11119 + 7 1606788 1608265 +
534 13789 15813 + 7 1604491 1605751 -
535 359 5261 + 7 1601180 1604100 -
535 7411 23516 + 4 1723070 1739375 +
535 24190 42778 + 4 1739877 1758653 -
535 62089 71521 + 4 1782009 1791903 -
535 72098 79010 + 4 1795227 1801951 -
535 79153 81289 + 4 1804781 1806504 -
536 3418 5273 + 4 1806695 1808499 -
536 8519 18618 + 4 424987 435317 -
536 20084 21810 + 4 420756 422430 +
536 23411 27823 + 4 459822 463943 -
536 32041 45034 + 4 476563 489641 +
537 6789 12077 + 1 8954020 8959380 -
538 539 5278 + 1 8948863 8953440 -
538 5706 11911 + 6 195865 201777 -
539 1459 3392 + 6 192385 194299 -
539 9815 23929 + 6 3809677 3824328 +
540 1290 2345 + 6 3825898 3826944 +
541 72 5161 + 6 2649 5665 +
541 5760 10480 + 3 331165 335713 -
541 13471 17526 + 3 336207 340285 +
543 282 1395 + 5 280317 281417 -
543 11132 25923 + 1 45953 57178 -
544 750 3463 + 1 44036 45932 -
544 5454 38053 + 1 5614274 5642701 -
545 837 5431 + 1 5609980 5614153 -
545 6045 35399 + 7 2483306 2523963 +
545 37333 40172 + 7 2537148 2539992 +
546 206 5380 + 7 2540681 2546337 +
546 8509 10789 + 3 455066 457218 +
547 253 2626 + 3 464687 467078 +
548 2341 5118 + 5 313822 316851 -
548 5472 24570 + 2 627553 648823 +
548 24967 32286 + 2 619670 627549 -
548 33520 38421 + 2 597496 602430 -
549 2137 5017 + 2 616285 619198 +
549 10826 14000 + 2 101937 105234 -
550 56 4609 + 2 96900 101394 -
550 5492 23177 + 5 139213 158370 -
551 18 3626 + 5 134660 139203 -
552 2142 4954 + 4 4136994 4139914 +
552 5512 9405 + 4 1239253 1243135 -
553 175 3864 + 4 1235288 1239230 -
553 9463 26451 + 1 9630723 9647031 -
553 27062 59178 + 1 9592350 9624958 +
554 41 4563 + 1 9625219 9629721 +
555 236 5459 + 6 2588045 2593090 -
555 8925 23426 + 7 3806837 3822179 +
557 1579 2872 + 2 751327 752543 +
558 102 5490 + 1 4003719 4009159 -
558 5697 9174 + 6 424259 427751 +
559 7944 19790 + 3 5002221 5013946 +
560 13944 16856 + 1 8770261 8773173 +
561 1719 5051 + 1 8773342 8776735 +
561 5613 19958 + 1 3972730 3998752 -
562 859 5601 + 1 3998785 4003530 -
563 5951 23293 + 3 4938966 4956959 +
563 1240 3525 + 7 314366 316497 +
564 6329 28598 + 1 9175876 9197983 -
565 1 5628 + 1 9154741 9160525 -
565 7093 34035 + 1 2953455 2977513 -
565 35549 52999 + 1 2933443 2951237 +
566 5 3395 + 1 2921936 2925429 -
566 6241 38205 + 2 3269602 3321708 -
567 5778 8756 + 6 575381 578359 -
567 9384 20159 + 6 553949 568944 +
568 231 5467 + 6 568958 574442 +
568 6522 22884 + 4 4820364 4837454 +
569 870 5671 + 4 4838787 4843642 +
569 6917 13652 + 3 4680868 4686096 -
570 1687 3039 + 3 4676595 4677849 -
570 5760 15492 + 4 2449371 2458086 +
571 112 5690 + 4 2458281 2463952 -
571 6302 21862 + 5 1261095 1277653 -
571 22256 32141 + 5 1251126 1260936 +
571 32205 60457 + 5 1219730 1250968 -
573 6124 13001 + 7 3766818 3773569 -
574 867 4948 + 7 3761499 3765984 -
574 8507 13830 + 1 8127356 8132545 -
575 374 5626 + 1 8119506 8124586 -
575 5742 47008 + 1 4549786 4590850 +
575 47507 64574 + 1 4519345 4549514 -
575 71661 77434 + 1 4503570 4509494 +
575 82196 97005 + 1 4482706 4497652 +
576 171 5453 + 1 4497814 4503301 +
576 6553 12789 + 2 717139 723329 -
576 16341 18110 + 2 708549 710303 +
578 920 4453 + 2 713412 717039 +
578 8294 14513 + 6 166517 172786 -
578 16079 23939 + 6 177283 184904 +
579 997 4172 + 6 185506 188229 +
579 9256 13943 + 3 1851602 1856275 +
579 14689 26858 + 3 1862838 1875472 -
580 120 4960 + 3 1857644 1862610 -
580 24836 28647 + 2 3411963 3415716 +
580 7494 21256 + 6 1118173 1132315 -
580 30202 42557 + 6 1099130 1107544 +
581 1220 5450 + 6 1109026 1113090 +
581 7038 15026 + 4 3004278 3012284 +
582 5813 21574 + 1 4809976 4825909 +
582 22842 36392 + 1 4796552 4809819 +
582 37220 40787 + 1 4788647 4791818 +
583 317 4245 + 1 4791843 4795060 +
584 5832 8756 + 1 3166718 3169684 +
585 143 5706 + 1 3169740 3175253 +
585 13350 16725 + 2 3583493 3586828 +
586 864 5841 + 2 3589008 3594149 -
586 6369 11688 + 1 9454902 9460242 +
586 30924 47911 + 1 9436534 9454296 -
586 54713 56374 + 1 9462130 9463808 -
587 5 3662 + 1 9467075 9470786 -
588 897 2066 + 1 9465141 9466196 -
588 2206 4165 + 4 831778 833789 -
589 10 2849 + 3 5100351 5103380 +
589 9499 25522 + 4 617862 634662 +
590 98 5322 + 4 608796 613626 +
590 5936 14087 + 6 578581 586856 -
590 19808 21873 + 6 591518 593472 +
591 83 5891 + 6 593476 599128 +
591 6603 27350 + 2 566070 580563 +
592 282 5901 + 2 581271 583613 +
592 5912 9570 + 5 5366555 5370448 -
592 16294 32254 + 5 5376257 5391658 +
592 33548 41244 + 5 5391698 5399460 -
592 44676 46101 + 5 5420884 5422386 -
593 323 5303 + 5 5401176 5405740 -
593 10991 13463 + 6 1089248 1091750 +
594 111 5880 + 6 1092269 1097207 +
594 6819 21668 + 6 3543073 3556909 +
594 26266 29359 + 6 3538094 3541165 +
594 29791 35083 + 5 560603 564678 +
595 411 5630 + 5 564902 572931 +
595 6444 8627 + 5 6247618 6249711 -
596 184 4863 + 5 6242842 6247176 -
596 6463 9216 + 7 1735883 1738614 -
597 193 3909 + 7 1731889 1735652 -
598 3197 5943 + 4 3413960 3416637 +
598 10278 15609 + 2 345754 351893 +
598 19752 52101 + 2 353644 390365 -
598 56392 61470 + 2 406388 411656 +
599 3302 5047 + 2 417003 418786 -
599 6030 26283 + 3 2137860 2158352 +
599 27181 46370 + 3 2118475 2137774 -
600 257 5489 + 3 2112297 2117242 -
601 3765 5751 + 3 5092510 5094494 +
601 6002 12197 + 2 3257018 3262998 +
601 13832 23596 + 2 3244568 3256618 -
602 320 4952 + 2 3239820 3244453 -
602 10226 13099 + 7 4025501 4028604 +
603 342 3479 + 7 4028904 4031280 +
605 2116 3947 + 6 3828231 3830049 -
605 5005 6031 + 6 421412 422442 -
605 6537 9403 + 7 657071 659466 +
606 188 4020 + 7 659621 663502 +
606 6952 16284 + 3 1416005 1425532 +
607 228 2784 + 3 1425749 1428399 +
611 3683 5404 + 5 6407883 6409568 -
611 8625 10018 + 3 4962534 4963762 +
611 21489 27125 + 3 4972071 4978419 -
612 6504 11044 + 2 1861070 1865656 +
613 3605 5993 + 2 1868103 1870447 +
613 8691 24311 + 2 4320242 4335867 +
614 316 6103 + 2 4336575 4342271 +
614 7212 9100 + 5 6225060 6226820 +
615 12002 14388 + 4 4129281 4131731 -
615 14415 35544 + 4 4104192 4128959 +
615 35700 38954 + 4 4094284 4097588 +
616 135 6141 + 4 4097804 4104119 +
617 612 4249 + 7 2884548 2888182 +
617 6162 11091 + 5 5920392 5925454 -
618 84 5705 + 5 5888584 5919993 -
618 9945 11092 + 6 4036158 4037210 +
620 1371 5898 + 5 6220416 6221447 +
621 1021 4079 + 7 455171 458454 +
621 6340 14167 + 6 3752194 3760421 -
621 17256 18421 + 6 3771299 3772470 -
621 24053 29407 + 6 3778604 3796895 -
622 6247 13532 + 1 4780844 4788188 +
622 14647 28761 + 1 4762215 4776540 +
624 10246 31021 + 3 4541392 4563750 +
625 346 3383 + 3 4564502 4567476 +
626 7698 9605 + 3 3722126 3724043 +
626 10410 12581 + 4 4971992 4974247 +
626 15963 19514 + 4 4959784 4963603 -
763 396 2803 + 7 1992173 1994564 +
770 1813 3107 + 6 971038 972963 -
841 1849 3753 + 4 2559287 2561170 +
849 3423 5424 + 1 8115566 8117474 +
879 8811 16714 + 6 1688089 1695266 -
884 475 4148 + 6 1681528 1685220 -
906 1313 2925 + 6 3736303 3737917 +
915 2644 4081 + 1 6978111 6979548 +
916 3472 4628 + 6 3465624 3466874 -
917 636 3276 + 3 2840704 2842787 +
948 1690 3152 + 4 3029251 3031904 -
958 91 1810 + 6 3498136 3499885 +
959 1649 2910 + 6 3505010 3506249 +
990 67 1264 + 4 5080320 5081543 +
1034 568 3461 + 1 8108130 8111480 +
1043 6561 7756 + 5 1892450 1893680 -
1076 271 1540 + 6 2623065 2624406 +
1077 110 1222 + 6 2624440 2625617 +
1105 12 1508 + 5 6418098 6419592 +
1129 1452 2477 + 3 421712 422779 +
1134 186 1547 + 5 460768 462316 +
1143 408 2400 + 1 1390292 1392670 +
1150 77 1262 + 3 2452050 2453296 +
1150 1332 2926 + 2 4235689 4237264 -
1150 8787 10132 + 1 7368492 7369755 +
1157 112 3430 + 6 4059180 4062610 +
1166 1112 2546 + 3 1450131 1451706 +
1178 41 1487 + 5 4997552 4998985 +
1189 55 1345 + 7 4234401 4235720 -
1191 13 1177 + 2 4178544 4179641 +
1197 486 1572 + 2 563373 564450 -
1261 937 2449 + 2 34152 35825 -
1318 432 1839 + 3 149924 151004 +
1329 282 2528 + 6 2466215 2468391 +
1330 443 1685 + 5 3760140 3761365 -
1339 1258 2865 + 4 3408035 3409584 +
1361 1279 6151 + 5 654893 659622 -
1361 15392 17445 + 6 4051847 4053901 +
1402 1202 5372 + 4 1553629 1557785 +
1405 141 1262 + 3 283054 284210 -
1406 85 2610 + 3 2073404 2075853 -
1414 139 2847 + 5 3617156 3619863 +
1414 4357 5697 + 1 7560115 7561483 -
1414 7600 10088 + 7 627538 630052 -
1415 4508 6376 + 7 555848 557788 +
1417 74 1184 + 7 558265 559320 +
1419 142 1664 + 7 559865 561544 +
1429 15 1319 + 5 5000672 5002042 -
1482 2874 4111 + 4 654771 655974 +
1490 257 2423 + 3 2076650 2078836 -
1495 983 3437 + 5 2127466 2129845 -
1532 251 1608 + 4 1252585 1253963 +
1538 5150 8125 + 5 5931306 5934330 +
1540 1889 5945 + 4 2130400 2134894 +
1543 19 2949 + 4 2135859 2138749 +
1546 2409 4013 + 4 2142132 2143665 +
1546 5780 6932 + 7 1822523 1823639 +
1561 623 1871 + 4 2465133 2466422 +
1565 327 1493 + 5 574989 576134 +
1571 5227 6525 + 3 3456077 3457396 +
1597 559 4032 + 1 7261305 7264729 +
1605 246 1475 + 1 787018 788332 +
1611 1440 3851 + 4 5146103 5147635 -
1639 851 2637 + 2 921492 923245 -
1642 927 1930 + 3 4394162 4395189 -
1646 2943 4439 + 5 6114968 6116477 -
1648 907 1961 + 2 4229594 4230636 +
1677 473 1811 + 2 1617189 1618543 -
1714 1190 2317 + 2 157815 158941 -
1744 488 1759 + 1 1146558 1147802 +
1763 719 2885 + 7 1096867 1100137 -
1766 237 1643 + 6 498887 500350 +
1777 26 1891 + 2 670643 672552 +
1782 156 2670 + 2 675982 678506 +
1799 1657 3716 + 1 2147438 2149169 -
1800 49 2304 + 6 1493977 1495916 +
1810 1405 2822 + 1 6101879 6103387 -
1812 258 3461 + 1 6097519 6101074 -
1859 145 1220 + 7 730867 732085 -
1893 94 1149 + 2 1818625 1819708 -
1908 781 2479 + 7 197768 199388 -
1919 195 2721 + 5 3047213 3049656 -
1921 101 1566 + 5 3045050 3046601 -
1936 3007 4333 + 5 4194998 4196273 -
1942 152 1519 + 5 4190850 4192660 -
1960 1792 4822 + 7 3459851 3464815 -
1992 315 2464 + 5 680904 683175 +
2021 387 1686 + 6 144163 145512 -
2046 7545 9280 + 4 3717891 3719603 -
2103 2303 3359 + 7 1079960 1080996 -
2126 4924 7223 + 1 9550880 9553104 +
2130 198 1484 + 6 4009755 4011008 -
2137 273 2055 + 5 5105412 5107239 -
2138 127 1279 + 5 5103755 5104918 -
2171 288 3018 + 6 1115355 1118088 -
2188 191 3750 + 4 635487 639041 +
2190 1672 4596 + 3 2167712 2170605 -
2207 247 2017 + 5 4989770 4991476 +
2209 351 4658 + 5 4991899 4996378 +
2211 5119 6493 + 2 3415732 3417133 -
2228 1180 3281 + 5 669646 672371 +
2229 54 1351 + 5 672520 673758 +
2344 667 2115 + 3 3186757 3188191 -
2351 5260 7235 + 2 4232245 4234019 +
2367 176 1361 + 1 790347 791554 -
2418 134 1523 + 2 2236234 2237646 +
2451 3 1232 + 1 3012347 3013569 -
2478 93 2862 + 6 3861477 3864815 -
2479 150 1792 + 6 3859337 3861049 -
2521 53 3523 + 5 660087 665291 -
2521 11291 12763 + 6 398878 400193 -
2523 7285 9032 + 5 3991881 3993575 -
2524 270 1851 + 5 3990269 3991824 -
2526 580 4055 + 5 3985551 3989488 -
2530 242 1314 + 5 3981893 3982894 -
2531 272 5702 + 5 3976125 3981655 -
2531 7984 11318 + 6 1960833 1963831 +
2552 262 3060 + 1 2606759 2609515 +
2557 73 1258 + 1 2611462 2612545 +
2559 1185 7724 + 5 6380364 6386631 -
2585 908 3247 + 4 531071 533308 +
2605 447 3761 + 1 3014383 3017988 -
2615 104 1148 + 1 5607462 5608553 -
2628 141 1780 + 2 678755 680420 +
2647 2378 4001 + 5 5494678 5496060 +
2651 153 1596 + 7 951064 952482 -
2651 5484 6696 + 3 86211 87388 +
2683 305 2057 + 7 3560624 3562487 +
2702 1105 5775 + 7 412678 416577 -
2721 3701 6396 + 2 1668084 1670761 -
2746 790 1972 + 4 1779883 1781127 +
2757 218 2445 + 2 549892 552020 +
2768 10 2087 + 3 3453234 3455288 -
2785 3392 4647 + 1 2113513 2114732 -
2802 375 2087 + 7 2534173 2536932 -
2818 174 1228 + 7 63917 65038 +
2820 39 1232 + 7 65393 66547 +
2843 1787 5335 + 7 1244125 1247283 -
2864 1180 2597 + 5 578439 579821 +
2876 2672 4970 + 2 1982741 1985210 -
2879 6626 10166 + 2 2453158 2456630 +
2901 457 1850 + 4 1245221 1246537 +
2904 66 4904 + 4 1247573 1252293 +
2923 520 1578 + 2 3364658 3365751 -
2943 963 2710 + 1 6103798 6105569 +
2944 220 3898 + 1 6106716 6110638 +
2957 163 2709 + 2 1571326 1573864 +
2969 44 3345 + 3 2474627 2477674 -
2971 579 2051 + 3 2471663 2473975 -
3003 738 4885 + 1 8059099 8062991 -
3023 1031 2339 + 7 3013167 3014365 +
3084 12321 14309 + 6 1533770 1535801 -
3084 14546 16408 + 1 5652483 5654313 -
3108 2813 4852 + 2 590651 592598 +
3121 12042 13912 + 6 1728961 1730811 -
3199 729 1775 + 1 705465 706492 -
3201 162 1759 + 1 703191 704732 -
3202 110 3658 + 1 699378 702976 -
3228 1369 2854 + 5 203059 204523 -
3239 1395 3502 + 4 231032 233256 +
3277 874 3067 + 1 7117969 7119729 -
3298 1060 2253 + 2 2624537 2625787 -
3303 486 2054 + 6 161089 162635 -
3323 2270 4458 + 4 589240 591172 +
3328 48 6534 + 4 596448 603277 +
3340 6702 8131 + 4 4967039 4968405 +
3340 8988 10770 + 1 3040113 3041806 -
3342 55 2146 + 1 3036698 3038896 -
3344 120 2414 + 1 3033384 3035861 -
3351 222 3304 + 7 2616853 2619918 +
3354 1823 7443 + 2 4459874 4465507 -
3358 824 2971 + 2 4457641 4459810 -
3444 66 2635 + 2 201247 204297 +
3452 3278 10747 + 2 2215545 2222557 -
3455 98 2227 + 2 2212119 2214335 -
3458 510 2203 + 4 4969278 4970876 -
3460 1085 2456 + 2 199354 200737 -
3473 68 2317 + 5 3751736 3753837 -
3481 4537 6302 + 7 3307734 3309596 +
3485 2567 5513 + 1 3288590 3291679 -
3487 2252 4650 + 2 3541562 3543989 +
3492 6 4631 + 1 9094445 9099379 -
3492 5924 13742 + 3 1837184 1845012 -
3492 13754 15515 + 3 1361770 1363799 +
3496 346 2118 + 2 285719 287530 +
3505 38 1296 + 4 5296854 5298143 -
3508 217 1455 + 4 5294133 5295357 -
3512 129 1811 + 4 5290170 5292217 -
3513 50 1122 + 4 5289125 5290155 -
3516 149 4136 + 4 5282906 5286933 -
3519 6718 8576 + 2 660568 662632 +
3521 106 1359 + 2 663395 664879 +
3522 408 1608 + 2 667570 668791 +
3527 371 1387 + 1 3321856 3322885 -
3541 76 6415 + 5 3849418 3857125 -
3543 2326 3685 + 2 247065 248404 -
3544 377 2051 + 2 245375 247044 -
3549 484 1681 + 3 4475392 4476554 +
3552 1234 2458 + 6 1132974 1134129 -
3552 9535 15231 + 4 218025 223517 +
3552 19455 25941 + 1 3159979 3166496 -
