1 6450278 6453548 + 31 100016 101671 +
1 1515 44555 + 58 185811 218195 -
1 45568 62873 + 58 225333 242425 -
1 91297 119276 + 58 244449 272384 +
1 188958 191767 + 58 220622 223553 +
1 193414 196034 + 58 181883 184792 -
1 210607 394011 + 58 27887 175337 -
1 396687 401082 + 58 22163 26553 +
1 402335 422622 + 58 659 20111 -
1 7626797 7709725 + 130 2300 84072 +
1 4098755 4110731 + 3 313547 325441 +
1 4111361 4116825 + 3 337085 342861 +
1 4117484 4129370 + 3 407389 419042 +
1 4129742 4162542 + 3 461765 494436 +
1 4196407 4313360 + 3 183831 307136 -
1 4334192 4549657 + 3 22 182650 -
1 3861766 3863752 + 8 146871 148718 +
1 5764106 5767755 + 8 234093 237748 +
1 6408787 6411704 + 8 350009 352871 +
1 6416366 6417826 + 8 293864 295312 -
1 1344739 1348510 + 75 96734 100492 -
1 80474 85487 + 25 165531 170492 -
1 3453185 3531318 + 25 550 61972 +
1 3531922 3536773 + 25 114439 119287 +
1 3537727 3553357 + 25 232596 247905 +
1 3566095 3578523 + 25 248134 260330 +
1 3580685 3594245 + 25 273819 302222 +
1 3608038 3616200 + 25 123705 135700 +
1 3629040 3634122 + 25 205104 209984 +
1 3638570 3640409 + 25 309802 311646 +
1 3651461 3653801 + 25 226027 228273 +
1 3657068 3658766 + 25 399215 400851 +
1 3664329 3679800 + 25 330897 346911 +
1 3686849 3688923 + 25 91900 93970 +
1 3708685 3714365 + 25 378431 384758 +
1 3730625 3734625 + 25 445854 480762 +
1 3790094 3792232 + 25 552587 554779 +
1 3818950 3825415 + 25 539523 547863 +
1 3900107 3902664 + 25 88135 90661 -
1 3972730 4004367 + 25 578388 600488 +
1 4040426 4043135 + 25 684779 687489 +
1 6426523 6427919 + 25 387009 388346 -
1 8254215 8260210 + 25 569937 575913 -
1 2299067 2302700 + 42 296041 299692 -
1 3765810 3772275 + 42 159527 166207 -
1 2308376 2313893 + 108 127397 132904 -
1 3695090 3696908 + 108 76773 78596 -
1 3701323 3706160 + 33 91639 96404 +
1 3852018 3856003 + 33 9898 13771 +
1 199672 208153 + 22 109006 116564 -
1 6224120 6249481 + 22 315 24289 +
1 6262954 6377460 + 22 24634 107883 +
1 6378755 6383341 + 22 119132 123785 +
1 6459409 6501220 + 22 128842 167122 +
1 6505147 6520953 + 22 167826 183665 +
1 6529546 6602290 + 22 184855 256961 +
1 9461624 9463814 + 55 212760 214830 +
1 1388553 1438454 + 187 2219 51484 +
1 8990683 8992225 + 187 70 1679 -
1 4770840 4896592 + 16 224614 345088 +
1 6944358 7185829 + 16 415 224396 -
1 5484045 5490611 + 18 304436 309703 -
1 63683 67284 + 128 36161 39976 -
1 4318689 4321684 + 84 8374 11374 -
1 4550385 4668764 + 84 15251 130259 -
1 4670174 4674006 + 84 832 4554 -
1 5756846 5759021 + 60 613 2799 +
1 3691922 3693664 + 234 80680 82416 +
1 3949997 3952036 + 234 20058 22050 -
1 3965657 3969901 + 234 65902 70084 +
1 4329678 4333915 + 234 42454 46625 -
1 7623854 7625320 + 234 243 1710 +
1 76861 78284 + 12 328526 330013 -
1 1223459 1228316 + 12 186617 191583 +
1 4058786 4072233 + 12 247853 252539 +
1 6501698 6505034 + 12 505843 509194 -
1 9165418 9173177 + 20 179096 186777 +
1 672944 679947 + 106 9368 16377 -
1 3689990 3691659 + 106 166307 167895 -
1 3944444 3947213 + 106 187839 191261 -
1 670357 672094 + 6 185339 187102 -
1 6250767 6256795 + 6 178682 184683 +
1 1440252 2273129 + 2 12 843399 +
1 2342658 2362329 + 2 843638 863118 +
1 120831 187938 + 147 1900 75667 +
1 9733792 9736983 + 94 59858 63066 -
1 8908402 8935631 + 190 23589 50607 -
1 9095053 9114046 + 190 1957 20641 +
1 946469 1045716 + 109 1170 97270 -
1 5869268 6125909 + 4 170 207385 -
1 8132922 8226994 + 4 392672 491764 -
1 8267558 8449242 + 4 210444 391473 -
1 8477647 8490227 + 4 492207 504505 +
1 5742506 5756399 + 17 179260 186342 +
1 3653829 3655006 + 202 15481 16655 +
1 9463950 9647964 + 35 2702 147386 -
1 9650241 9705453 + 35 147896 198441 +
1 9759099 9767081 + 35 199665 207710 +
1 6858487 6943920 + 151 1772 74682 +
1 4675633 4757207 + 132 2151 83134 -
1 6434006 6441002 + 24 209794 216709 -
1 8848708 8850328 + 185 197 1811 -
1 5492831 5495895 + 110 2060 4938 +
1 3826189 3830010 + 148 42001 46158 -
1 9153994 9163356 + 76 13181 22480 -
1 9175878 9180134 + 76 8076 12113 -
1 9180431 9224637 + 76 23491 68078 +
1 9226558 9232442 + 76 980 6918 -
1 9265486 9354922 + 76 69180 106126 +
1 9356263 9378690 + 76 106741 126955 -
1 9379732 9392068 + 76 128013 139316 +
1 9392628 9421727 + 76 142342 169894 -
1 9426404 9459276 + 76 172336 204603 +
1 8939510 8949288 + 113 1858 11529 -
1 9114462 9151208 + 113 12055 47135 +
1 9234519 9264779 + 113 48960 78262 -
1 9052529 9090552 + 210 2101 40333 -
1 1065780 1219286 + 30 292 152019 +
1 1229574 1336180 + 30 152091 256686 +
1 1353704 1382171 + 30 261672 289994 +
1 5680224 5734863 + 32 461 55240 +
1 5773140 5867718 + 32 55368 136376 +
1 8064100 8132646 + 32 170174 234329 -
1 8450647 8470887 + 32 137371 157356 +
1 8471026 8475046 + 32 163506 167575 -
1 8475437 8477230 + 32 167598 169889 +
1 6674415 6751217 + 146 1476 77036 +
1 8785297 8787008 + 146 14 1420 +
1 3442429 3450422 + 266 3013 10912 +
1 2556339 3166469 + 21 202 609467 +
1 3166496 3220414 + 178 1772 55991 +
1 5207356 5389409 + 104 1032 158940 -
1 8504177 8698915 + 91 1513 181606 -
1 5015852 5046535 + 213 6692 37344 -
1 6672773 6674388 + 172 105 1701 +
1 423135 444672 + 244 2568 22668 +
1 2459182 2461595 + 244 2 2421 +
1 526453 588604 + 152 21546 77429 -
1 628674 643399 + 152 1519 16015 +
1 594046 628569 + 68 761 37048 -
1 643864 668607 + 68 38772 79739 +
1 698252 942431 + 68 82088 276247 +
1 2362688 2438585 + 205 2042 55503 -
1 3372394 3414055 + 143 38386 78963 -
1 3414755 3441857 + 143 1642 26100 -
1 3222908 3371414 + 66 652 147983 -
1 9093328 9095042 + 281 1116 2791 +
1 9050745 9052512 + 211 122 1902 -
1 7186263 7320905 + 103 1406 140279 +
1 1438692 1439892 + 188 294 1506 +
1 8951181 8952457 + 268 4 1301 -
1 4975910 5014255 + 212 2783 36706 -
1 7495031 7595311 + 114 1270 94778 -
1 9000087 9010219 + 186 41207 51371 -
1 9013851 9030569 + 186 22186 38781 +
1 9031637 9049766 + 186 2798 20881 -
1 4761475 4770459 + 264 2982 12320 -
1 521832 523401 + 165 83 1562 +
1 2461600 2555426 + 112 1112 95805 +
1 6127349 6222728 + 117 2781 95079 +
1 446035 448149 + 245 452 2304 +
1 448254 466958 + 164 1743 10310 +
1 467493 478200 + 164 11744 22872 -
1 479655 488713 + 164 23561 31946 -
1 491920 521418 + 164 34565 65320 +
1 7375572 7433473 + 95 62110 115183 -
1 7435546 7493943 + 95 1112 56703 -
1 6522786 6528068 + 105 4636 9942 -
1 3220486 3221665 + 179 124 1257 +
1 7373294 7374682 + 198 666 1960 +
1 4092408 4094421 + 80 122694 124621 -
1 6403692 6407960 + 80 112833 117102 -
1 7870383 8063438 + 34 863 216779 -
1 8788700 8846801 + 163 3377 65314 +
1 3561174 3564898 + 82 127309 131037 -
1 5736657 5740326 + 124 64019 67647 -
1 8960835 8988356 + 232 3059 30445 +
1 6753200 6808876 + 199 1982 56660 -
1 7710984 7868672 + 41 407 188896 +
1 5402260 5481054 + 26 6040 88268 +
1 5499435 5679877 + 26 89291 252070 +
1 4899818 4941313 + 207 2160 42108 -
1 4674046 4675045 + 133 300 1311 -
1 8699532 8783244 + 145 1546 75907 +
1 8851082 8904445 + 184 3976 52726 -
1 5116820 5157212 + 98 69500 107965 -
1 5157636 5206390 + 98 1057 53703 -
1 6393072 6401004 + 98 59633 68277 -
1 1045723 1063382 + 250 2492 20102 +
1 7323803 7373241 + 197 2923 46323 +
1 5049549 5115982 + 170 1719 61726 -
1 1382226 1385691 + 274 2782 5757 +
1 8501738 8502939 + 274 1549 2721 +
1 1385884 1387741 + 275 349 2178 +
1 6857179 6858295 + 193 713 1802 +
1 3450776 3452891 + 267 563 2651 +
1 8952676 8959721 + 267 3098 9895 -
1 7595455 7623839 + 233 2385 30468 +
1 8988469 8990465 + 233 258 2109 +
1 9090558 9093298 + 280 2800 5520 +
1 4758445 4760647 + 265 785 2512 -
1 4941959 4972334 + 231 2354 32690 -
1 8490300 8498409 + 273 2722 7642 +
2 741276 752557 + 63 140662 151760 -
2 755367 769222 + 63 54158 68192 +
2 770000 784246 + 63 74571 88879 -
2 784759 813087 + 63 94961 139484 +
2 813310 834111 + 63 34534 52952 -
2 1243677 1249944 + 52 198002 204279 +
2 1174522 1177149 + 31 110703 113708 -
2 3777596 3783748 + 110 204593 210671 +
2 4037754 4039064 + 110 202707 204002 -
2 4048234 4051094 + 110 182923 185738 +
2 4053679 4064511 + 110 186804 196630 -
2 4065190 4085056 + 110 162835 182453 +
2 4086045 4151915 + 110 117856 159118 -
2 4170272 4171547 + 110 107297 108605 -
2 4176655 4212823 + 110 74096 106866 +
2 4213963 4295202 + 110 17005 72392 -
2 1223585 1225145 + 42 35285 36824 +
2 1235101 1236589 + 42 147568 149060 -
2 1326904 1330814 + 12 120222 124132 -
2 3309155 3314523 + 12 218940 224817 +
2 3695777 3698699 + 12 297374 300204 +
2 4154843 4158791 + 12 1681 5445 -
2 1186106 1187177 + 108 72642 76046 -
2 111654 116604 + 25 144140 149814 +
2 1122656 1126678 + 25 727087 729078 +
2 1289361 1296593 + 25 218431 225638 +
2 3381546 3385750 + 25 698398 702100 -
2 3625312 3627608 + 25 497410 499697 -
2 636684 658167 + 255 4938 23523 +
2 1454126 1455347 + 255 176 1423 -
2 1550737 1670516 + 89 1002 123147 +
2 2904385 2905903 + 10 188778 190327 +
2 4298525 4344587 + 82 78337 125434 -
2 4359640 4436068 + 82 1067 77968 -
2 8919 33000 + 131 2854 23976 -
2 33916 69265 + 131 28212 55491 +
2 96898 108114 + 131 72025 82661 -
2 150151 166463 + 131 55927 70773 -
2 1208264 1210163 + 106 132190 134073 -
2 1239938 1241071 + 106 149819 150916 -
2 1025536 1092732 + 20 398 58548 +
2 1279934 1281093 + 20 144557 145707 +
2 1366431 1386987 + 20 225380 268613 +
2 261725 314300 + 81 207637 257942 -
2 315507 334838 + 81 181413 204164 +
2 337621 526687 + 81 1939 177510 -
2 684847 687383 + 3 375590 378064 +
2 1094834 1107957 + 3 330392 334822 -
2 1672361 1705011 + 219 2328 34211 +
2 75762 95787 + 93 922 20385 -
2 172334 258652 + 93 21695 122177 +
2 1706862 1898584 + 64 733 161218 +
2 3216655 3302839 + 38 372 81550 +
2 3321351 3366458 + 38 81669 125716 +
2 3387733 3460282 + 38 125887 197081 +
2 1388062 1390567 + 276 181 2590 -
2 4345273 4358756 + 33 37481 44805 +
2 1340613 1342388 + 236 4662 6448 -
2 4035958 4036970 + 236 1310 2328 -
2 2067876 2237406 + 99 1026 106952 +
2 4033912 4035907 + 258 381 2394 +
2 2552547 2688842 + 86 980 137492 -
2 2238598 2348464 + 70 982 109553 +
2 2348932 2550934 + 70 136147 350619 +
2 3366994 3374014 + 70 128724 133997 +
2 662341 684032 + 182 68932 90471 -
2 689226 740409 + 182 1906 67317 -
2 3786594 3815753 + 230 2292 31572 -
2 3158038 3166327 + 34 218555 225657 -
2 3462255 3593852 + 140 1701 130378 -
2 549647 567014 + 253 2627 15153 +
2 1467127 1469123 + 253 324 2250 -
2 3872999 3949617 + 119 10791 37051 -
2 3950900 4006891 + 119 38200 91827 +
2 3460542 3461903 + 141 100 1391 -
2 873294 1024752 + 71 3903 140578 +
2 1443262 1453923 + 254 4013 14730 +
2 1455355 1462721 + 254 23873 31302 -
2 1900018 2055138 + 67 2302 144168 -
2 2738565 2902710 + 78 777 158828 +
2 2921211 3030490 + 78 158862 264148 +
2 4009132 4033577 + 257 2562 25306 +
2 3031619 3156387 + 154 1600 124620 +
2 1439657 1441952 + 157 67341 69640 +
2 1431410 1432781 + 222 158 1443 +
2 1501400 1545835 + 200 2093 43603 +
2 580959 607246 + 237 2542 31275 -
2 3156472 3157948 + 155 76 1531 +
2 547006 549440 + 216 97 1942 +
2 609921 633929 + 238 2482 24677 -
2 1390661 1393280 + 275 2899 5450 -
2 3817734 3861343 + 217 2273 35553 -
2 3168177 3169660 + 194 194 1603 -
2 3595887 3601618 + 203 38942 44363 -
2 3713128 3718376 + 203 32566 37978 -
2 3723558 3736699 + 203 16907 32381 +
2 3738178 3752010 + 203 2024 15467 -
2 4438227 4444829 + 218 29235 35747 -
2 4445329 4446528 + 218 23076 24476 +
2 4451680 4470533 + 218 3735 22916 -
2 528744 530903 + 215 3901 5922 +
2 531862 546073 + 215 21041 34978 +
2 607332 609700 + 239 200 2297 -
2 2691263 2736786 + 239 2517 47500 -
2 3169897 3216637 + 193 1989 49036 -
2 836374 866264 + 224 2430 32019 -
2 1393816 1431347 + 221 2360 33981 +
2 658329 659773 + 256 76 1689 +
2 3785217 3786581 + 231 73 1444 -
2 834194 836227 + 225 133 2160 -
2 2688906 2691194 + 240 43 2381 -
2 2906238 2913335 + 180 34358 41435 +
2 3752202 3777017 + 235 2572 27691 +
2 1549242 1550716 + 201 519 1989 +
2 2059794 2067772 + 265 2665 10618 -
3 4962 6693 + 8 301967 303787 +
3 321759 324755 + 8 220523 223579 +
3 4835830 4840938 + 8 192420 197518 -
3 4848164 4850027 + 10 202459 204307 +
3 4869061 4878239 + 10 369786 378516 -
3 4880534 4887611 + 10 360774 367892 +
3 4889011 4960743 + 10 288833 358276 +
3 4961799 4969207 + 10 280828 287837 -
3 4971826 4974901 + 10 276506 279420 +
3 4976140 4979102 + 10 271044 274091 -
3 4981778 5014833 + 10 244370 268913 +
3 5019418 5059279 + 10 210790 241696 -
3 5060573 5061735 + 10 207630 208744 +
3 5090098 5129253 + 10 53615 87242 +
3 5130139 5140891 + 10 116990 127576 -
3 5141616 5146466 + 10 88570 93440 -
3 5147608 5183555 + 10 129178 164289 -
3 5184810 5207160 + 10 164770 185577 +
3 5215957 5248558 + 10 19859 50471 -
3 5255086 5273305 + 10 337 17995 +
3 348552 354062 + 25 693109 698071 -
3 2424294 2429804 + 25 626190 630274 +
3 307678 309306 + 12 210336 211959 -
3 441367 445445 + 12 499617 504010 +
3 849845 852344 + 12 95503 99646 +
3 874032 875122 + 12 57546 58623 -
3 720099 721149 + 106 222705 223749 -
3 924010 925607 + 106 224400 226000 +
3 944700 946960 + 106 122346 124609 -
3 1056372 1058990 + 20 83160 85703 -
3 9268 29021 + 31 1184 20529 +
3 29242 31779 + 31 21781 24398 -
3 32790 95997 + 31 25025 86290 +
3 96995 132979 + 31 122305 158579 +
3 147950 158376 + 31 158809 168408 +
3 160028 163416 + 31 171961 175340 -
3 164408 166582 + 31 168932 171567 +
3 169490 227443 + 31 176885 222191 +
3 256619 272520 + 31 224664 237360 -
3 3263522 3335516 + 1 840386 911921 +
3 3368652 3574495 + 39 537 193793 +
3 1093585 1338959 + 11 207 219360 +
3 1347382 1418877 + 11 220050 282033 +
3 4433362 4576052 + 36 352 144074 +
3 4577724 4621834 + 36 144853 170477 -
3 4622435 4660828 + 36 171078 200465 +
3 2964187 3078134 + 102 1020 105425 -
3 3149056 3150821 + 177 42 1751 -
3 4207689 4301007 + 161 1800 67484 +
3 2433045 2434944 + 108 124972 126840 +
3 134525 136711 + 42 208808 210958 +
3 896086 905439 + 42 238444 248226 +
3 479425 482760 + 234 50168 53150 -
3 2354168 2423636 + 159 1728 71205 +
3 2444833 2490666 + 159 71670 121900 +
3 547182 556443 + 33 216493 225635 -
3 559438 572882 + 33 205186 214237 +
3 574246 682890 + 33 97207 203477 -
3 2887128 2890899 + 75 93667 96324 -
3 2501369 2503506 + 176 40 1653 -
3 3150915 3188827 + 176 34557 70385 -
3 3189286 3208540 + 176 14432 32958 +
3 3210187 3222183 + 176 1932 13674 -
3 1456954 1546729 + 14 207 86007 +
3 1548568 1553837 + 14 87481 92668 -
3 1554914 1622118 + 14 98386 164175 +
3 1622341 1817752 + 14 189099 333994 +
3 1418976 1453504 + 63 664 34508 -
3 5067320 5069021 + 84 5270 6975 +
3 4303941 4398053 + 115 1142 94484 -
3 4095636 4181850 + 111 10566 95874 +
3 2908603 2959802 + 220 2671 53901 +
3 1047530 1053457 + 65 126293 132246 -
3 2186706 2192316 + 65 134548 140047 -
3 2192326 2194046 + 65 122285 123936 -
3 3997944 4063920 + 157 1570 67311 -
3 1092331 1093453 + 134 88 1190 +
3 283037 287395 + 87 152298 156514 +
3 296717 299816 + 87 149984 151625 -
3 330193 344163 + 87 134711 148580 -
3 384305 428235 + 87 87789 128826 -
3 449803 474080 + 87 60553 84308 -
3 486516 527715 + 87 23080 59868 -
3 529255 532216 + 87 19599 22623 +
3 533821 546993 + 87 867 17700 -
3 2240089 2241291 + 168 256 1443 +
3 2553581 2881156 + 13 18627 335964 -
3 987934 1041576 + 133 1413 54284 +
3 1063468 1092206 + 133 55036 83261 +
3 3601605 3871611 + 46 22959 290561 +
3 228101 255441 + 216 3097 23503 -
3 276218 282826 + 216 26244 32559 +
3 1341108 1344426 + 122 22844 26114 -
3 2503804 2553289 + 175 1871 57364 -
3 4425312 4430910 + 270 2802 8315 -
3 2241767 2354162 + 100 1404 107833 +
3 4302528 4303565 + 116 106 1141 -
3 1817813 1819610 + 202 146 1981 -
3 3227859 3259229 + 222 2476 32914 -
3 4663852 4672703 + 96 41609 50431 -
3 4677367 4687223 + 96 23549 30772 +
3 4687974 4708655 + 96 1256 21728 -
3 4724188 4779315 + 96 51952 93700 +
3 964495 967186 + 180 4064 8442 -
3 3226147 3227563 + 223 611 1773 -
3 3925523 3997288 + 155 1546 73392 -
3 2491098 2492311 + 160 364 1573 +
3 2960407 2962395 + 221 123 2098 +
3 836204 841941 + 55 195248 200902 +
3 3923553 3925390 + 184 21 1821 +
3 1863352 2085782 + 43 1020 221548 +
3 1820376 1862621 + 201 2414 44437 -
3 3337480 3367223 + 228 3402 32261 +
3 4712408 4723810 + 259 2884 13809 -
3 4398228 4419961 + 246 2621 23045 +
3 4420002 4421928 + 247 236 2152 +
3 2086309 2108727 + 241 2603 24483 +
3 2108939 2110830 + 242 413 2359 +
3 4185937 4207279 + 242 2605 23734 -
3 2112649 2133953 + 245 2857 23693 -
3 2134453 2175952 + 167 1720 45834 +
3 2236999 2239721 + 167 60796 63552 +
3 4301239 4302514 + 162 269 1540 +
3 2492428 2500170 + 269 2793 10499 +
3 3080234 3149028 + 158 1691 68699 -
3 3223473 3225643 + 283 197 2362 +
3 3871626 3923463 + 183 1822 53861 +
3 4183604 4185401 + 243 610 2410 -
3 4422615 4424669 + 271 440 2292 -
3 4431834 4433307 + 290 545 2001 -
4 1253 111746 + 52 1458 106266 +
4 141908 197792 + 52 107427 159520 +
4 257418 260941 + 52 165299 168975 +
4 948897 956138 + 5 168725 175908 +
4 2070396 2336427 + 5 424565 693368 -
4 2379699 2652771 + 5 175934 424099 -
4 2652807 2718285 + 5 110485 167441 -
4 2737695 2850069 + 5 82 110454 -
4 1008254 1014252 + 3 449480 455511 -
4 5916029 5923255 + 3 387221 394397 -
4 2850372 3051275 + 1 644986 835646 -
4 3083341 3249272 + 1 481176 644466 -
4 3250307 3312831 + 1 418150 476873 -
4 3312951 3727507 + 1 92 404928 -
4 1317606 1392656 + 107 37178 111647 -
4 1414503 1417503 + 107 1189 3961 +
4 1425052 1442768 + 107 5735 23697 +
4 1486557 1497729 + 107 26012 35452 +
4 4270308 4274846 + 18 508719 513240 +
4 5794629 5847776 + 177 4401 56036 -
4 5262618 5287979 + 123 138093 162909 -
4 5306364 5307545 + 123 113617 114840 -
4 5332218 5449220 + 123 1222 112579 -
4 4104419 4250053 + 57 41906 159981 -
4 4301833 4324217 + 57 23453 41367 -
4 4325379 4327137 + 57 21335 23154 +
4 4329341 4346318 + 57 628 18345 -
4 1995451 1996976 + 264 106 1645 +
4 4959161 4977962 + 77 3009 19704 -
4 4988471 4989630 + 77 1337 2435 -
4 4995718 5167649 + 77 21683 154491 +
4 5169121 5195317 + 77 155865 178964 -
4 5196358 5208320 + 77 179352 190724 +
4 5250262 5259877 + 77 193573 201931 +
4 885834 893154 + 12 489945 497214 +
4 985206 988864 + 12 242057 245722 +
4 5239825 5246768 + 12 319926 326939 -
4 1443752 1452430 + 10 101577 110175 -
4 1454542 1460716 + 10 398494 405179 +
4 5209820 5211180 + 10 389165 390523 -
4 5792842 5794576 + 178 15 1725 -
4 4773349 4849747 + 214 21445 103662 -
4 4853093 4868255 + 214 2217 17492 +
4 838908 842384 + 254 15014 22595 -
4 136555 137858 + 25 643212 644482 -
4 878681 881420 + 25 438313 441055 +
4 1139337 1145787 + 25 264065 270477 +
4 2346545 2348402 + 25 170817 172629 -
4 5326706 5329130 + 180 11399 13889 -
4 1461969 1463891 + 20 211850 213766 +
4 5959346 5962753 + 20 190949 194374 +
4 896143 901053 + 8 124926 136910 +
4 1465543 1466803 + 8 218892 220147 +
4 2351693 2358659 + 8 183367 190250 +
4 4448884 4458403 + 108 115193 124573 +
4 5989446 5995685 + 108 81378 87542 -
4 1021081 1022840 + 234 104254 105976 -
4 3066034 3072836 + 234 83337 90041 +
4 2018409 2026580 + 110 6215 16809 -
4 5980806 5983341 + 124 23087 25576 -
4 133901 135347 + 118 11961 13395 +
4 5672301 5736831 + 169 1682 65890 -
4 4420338 4448350 + 153 44213 72177 -
4 4459453 4500935 + 153 1869 43466 -
4 201500 202565 + 72 72042 73125 +
4 211557 250734 + 72 81120 126037 -
4 261570 319497 + 72 133586 189365 -
4 329734 395356 + 72 23307 71190 -
4 396450 408271 + 72 12061 22733 +
4 5450739 5527658 + 149 1482 74776 -
4 1115381 1125385 + 166 52227 64237 -
4 1173802 1219207 + 166 1791 46196 -
4 476573 559079 + 23 163830 247796 -
4 559423 695935 + 23 34526 157583 -
4 698688 720110 + 23 410 32376 +
4 1393000 1402186 + 134 1332 9911 -
4 1499471 1574867 + 134 10521 82520 +
4 1418387 1420263 + 136 6542 8421 +
4 4501892 4766608 + 59 1890 235633 -
4 5532703 5587980 + 172 2065 56917 -
4 4417184 4419699 + 154 115 1310 -
4 1843644 1878595 + 191 54510 81478 -
4 1934565 1984111 + 191 1943 51305 -
4 4351392 4416984 + 11 287709 350533 -
4 725432 727206 + 141 75603 77276 +
4 737856 743980 + 141 64831 71478 -
4 745182 759147 + 141 48479 62158 +
4 762196 809849 + 141 1792 46574 -
4 2003843 2017822 + 225 17513 32164 -
4 2051482 2064973 + 225 2359 16517 -
4 3727812 3981370 + 37 722 227563 +
4 418493 462973 + 226 2316 31321 +
4 2001796 2003653 + 226 374 2191 -
4 4874325 4876011 + 174 56983 58686 -
4 4878152 4903289 + 174 31495 55982 +
4 4904389 4931977 + 174 1912 29274 -
4 1788718 1841400 + 179 1987 55457 -
4 1576405 1786695 + 53 522 195524 -
4 3981795 4016792 + 198 2213 43796 +
4 5449249 5450672 + 150 58 1469 -
4 5588177 5669600 + 139 1652 79897 +
4 1128923 1132528 + 33 73372 76942 +
4 1233164 1314996 + 142 1464 79294 +
4 1575015 1576187 + 135 187 1331 +
4 1069802 1072425 + 106 270034 272663 +
4 1078496 1084685 + 106 22900 29074 -
4 2728637 2733049 + 106 161523 165909 +
4 4047878 4061081 + 106 65301 70980 +
4 921085 923257 + 122 33172 35337 -
4 1088094 1092365 + 122 86708 91502 +
4 1098876 1112571 + 122 110762 120738 +
4 1895766 1899212 + 122 11990 16415 +
4 2368533 2375925 + 122 42999 50262 -
4 2719438 2726844 + 122 92487 99866 +
4 811713 829193 + 128 131411 148690 -
4 842744 873824 + 128 92744 130534 -
4 1901738 1903463 + 128 31247 32961 -
4 4932216 4934266 + 230 103 2281 -
4 1468425 1475757 + 206 10756 18019 -
4 5738150 5792710 + 181 1922 55246 -
4 4020024 4031543 + 188 1872 13310 +
4 4064457 4102227 + 188 14024 51223 +
4 1219247 1230936 + 260 2656 14395 +
4 1402261 1404324 + 280 694 2781 -
4 1412781 1413995 + 279 3290 4490 -
4 5868407 5913730 + 195 5375 32274 +
4 5937982 5947398 + 195 32698 46474 +
4 4934693 4956855 + 229 10841 31236 -
4 4979313 4987285 + 229 3926 8244 +
4 1984387 1995307 + 263 2659 13478 +
4 1998300 2001779 + 283 2997 6481 +
4 2064982 2067557 + 278 189 2761 -
4 4348281 4351383 + 278 2845 5924 -
4 2067781 2069071 + 277 3824 5111 -
5 19175 93284 + 135 1342 73128 -
5 5409845 5418105 + 75 102490 110757 +
5 5045426 5182543 + 73 941 136350 -
5 1762733 1767464 + 33 57600 62246 +
5 6005332 6012480 + 20 217250 224414 +
5 4161192 4168537 + 106 71863 79182 +
5 988257 991585 + 25 637994 641321 +
5 1178931 1179989 + 25 405612 406670 +
5 2594884 2603127 + 25 187081 195300 +
5 5667538 5669114 + 25 81291 82854 +
5 5673937 5677611 + 8 354453 358128 -
5 5692724 5696380 + 8 253003 256653 +
5 508890 526166 + 88 108918 125685 +
5 797858 891310 + 88 9384 95998 -
5 1093807 1096893 + 128 70997 73997 +
5 1103753 1105146 + 128 2298 3652 +
5 1175667 1177500 + 128 44610 46410 -
5 4511442 4517080 + 3 347028 352589 -
5 1001250 1005426 + 108 66406 69483 +
5 1218600 1284918 + 108 1072 61856 -
5 998007 999306 + 10 405822 407234 -
5 1155112 1162131 + 12 331211 338292 -
5 4451943 4453599 + 12 205251 206865 +
5 5700457 5709423 + 12 421923 430963 -
5 527744 694268 + 6 312033 439279 -
5 696018 721883 + 6 284793 309947 +
5 723620 729298 + 6 277999 283594 -
5 2700884 2886560 + 6 52 178295 +
5 2887093 2974090 + 6 188690 275284 +
5 5406768 5408586 + 1 416313 418129 -
5 1070444 1072031 + 122 55387 57036 -
5 5997504 5998852 + 70 113526 114808 +
5 1678056 1679469 + 2 869369 870798 +
5 1682030 1708470 + 2 871196 886060 -
5 5366838 5406512 + 44 432 38842 +
5 5420858 5656021 + 44 39286 273838 +
5 5697635 5699836 + 44 274213 276424 +
5 5713794 5742577 + 44 277014 305478 +
5 1315846 1382775 + 126 21603 88459 -
5 3128685 3146320 + 126 3032 20827 +
5 272098 343660 + 144 6313 78015 -
5 3488888 3671305 + 101 1002 184553 -
5 1516761 1519842 + 54 161454 164490 -
5 1525887 1572500 + 54 97757 141301 +
5 1574856 1592271 + 54 142535 159754 -
5 1592629 1635324 + 54 54490 97389 -
5 1638567 1674839 + 54 560 35438 -
5 1383642 1515727 + 60 21981 147003 -
5 3146774 3154784 + 60 147827 155803 +
5 94397 127942 + 65 193357 227158 -
5 132337 163593 + 65 159934 190204 +
5 166867 199988 + 65 142233 155652 -
5 202086 238020 + 65 84080 121465 -
5 238044 242796 + 65 63179 67797 -
5 349584 416181 + 65 642 62390 +
5 3952413 3971866 + 249 2573 21792 -
5 5842364 5880431 + 211 2102 39362 +
5 243140 246198 + 121 36156 39420 +
5 249838 270536 + 121 1584 10622 -
5 418775 437737 + 121 15093 34423 -
5 446979 482128 + 121 62389 103093 -
5 748357 770773 + 121 39722 62084 +
5 4434270 4441217 + 17 387 7326 +
5 4472777 4506553 + 17 7974 41407 +
5 4520120 4642755 + 17 42194 165736 +
5 4643218 4773461 + 17 191060 322051 +
5 4881206 5043076 + 56 1868 161130 -
5 5882899 5891209 + 40 736 14555 +
5 5917182 5980672 + 40 14902 71378 +
5 6022220 6088731 + 40 71796 127858 +
5 6090295 6096950 + 40 128821 136210 -
5 6100432 6178069 + 40 136944 190469 -
5 6195529 6214486 + 40 191642 208609 +
5 6222561 6239989 + 40 211943 225673 -
5 6242831 6411610 + 40 233235 392370 +
5 3155343 3182604 + 52 169599 197215 +
5 3183449 3249854 + 52 206523 272227 +
5 2041580 2520892 + 28 272 473939 -
5 3360172 3380138 + 247 2865 22622 -
5 2552423 2593866 + 97 1089 41625 +
5 2625919 2700015 + 97 41842 114307 +
5 1035047 1037007 + 202 5079 7051 -
5 5894994 5897835 + 124 59495 62280 +
5 3971904 4159664 + 74 123667 277740 -
5 4171306 4234995 + 74 58634 123041 -
5 5742979 5744318 + 151 190 1491 -
5 1146935 1151941 + 236 31439 36453 +
5 270779 272024 + 145 103 1431 -
5 5418107 5420428 + 123 133309 135775 -
5 5830224 5842050 + 258 2966 14283 -
5 1287172 1301068 + 251 5626 19639 -
5 1038388 1041261 + 15 166156 169000 -
5 1714786 1751935 + 15 277892 313431 -
5 1768655 1872065 + 15 170922 275610 -
5 1872529 2038868 + 15 1085 164386 -
5 3800356 3948875 + 92 993 121386 +
5 438571 445845 + 45 639 7758 -
5 732124 745896 + 45 9015 22696 +
5 2976949 2989443 + 45 24795 39338 -
5 2990545 3126311 + 45 40255 175847 +
5 6013047 6017525 + 143 30312 34800 +
5 3713584 3800288 + 125 1482 89579 +
5 5744542 5816741 + 150 1694 73736 -
5 3422824 3485852 + 189 1899 50972 +
5 4773591 4856343 + 83 823 66991 +
5 5183646 5297942 + 83 68212 169012 -
5 5880576 5881885 + 212 106 1413 +
5 3314812 3353861 + 204 2220 40271 +
5 2520894 2523082 + 224 26 2221 -
5 2523360 2552259 + 223 3571 32174 -
5 4305918 4433544 + 90 1061 124051 +
5 4235284 4249260 + 215 6570 20918 -
5 5911526 5913523 + 95 58449 60477 -
5 3381834 3422548 + 208 2265 42343 -
5 4859086 4879687 + 127 1690 21936 -
5 5299103 5365265 + 127 24115 87622 +
5 3357652 3359772 + 248 259 2461 -
5 5819588 5825671 + 271 2736 8403 -
5 3251100 3313347 + 162 2402 66089 +
5 5816988 5819540 + 272 69 2632 -
6 4155171 4157227 + 263 312 1852 +
6 2518250 2587976 + 8 72 80097 +
6 2588101 2601531 + 8 104636 118913 +
6 2603582 2609007 + 8 149409 171731 +
6 2611366 2614309 + 8 226827 229886 +
6 2615431 2618170 + 8 269582 272329 +
6 2625813 2655805 + 8 363468 388434 +
6 2657065 2658533 + 8 414505 415999 +
6 1175788 1181433 + 18 541168 550235 +
6 2756704 2757867 + 18 572661 574789 +
6 3076598 3091569 + 18 516630 527454 -
6 3098751 3205216 + 18 388966 493453 -
6 3205880 3231036 + 18 275057 299226 +
6 3236456 3318356 + 18 311842 388205 +
6 3319632 3322364 + 18 270963 273669 -
6 3322965 3369420 + 18 228371 270143 +
6 3370489 3505873 + 18 114358 227647 -
6 3538156 3597364 + 18 51864 113366 -
6 3599924 3630204 + 18 21593 51368 +
6 3646538 3665932 + 18 1201 18971 -
6 383312 387900 + 42 924 5530 -
6 2659182 2663968 + 42 302605 307364 -
6 2664329 2676541 + 42 263934 276306 -
6 2703656 2708445 + 42 230012 234654 -
6 2710289 2720714 + 42 166399 176081 -
6 2721065 2747083 + 42 101257 130088 -
6 2771878 2773461 + 106 174747 177585 -
6 2820635 2822625 + 106 238639 240545 +
6 1902409 1905452 + 20 135177 138208 -
6 3536859 3537884 + 25 63953 64974 +
6 3783817 3787216 + 25 704284 707710 -
6 4174860 4181354 + 25 630458 637091 -
6 4200448 4205305 + 25 645089 649947 -
6 2796380 2799060 + 180 14389 17026 -
6 2877609 2878854 + 180 27786 29032 +
6 2686051 2698632 + 12 396464 420723 -
6 2960819 2962599 + 12 55686 57458 +
6 1407 156815 + 62 20195 155089 -
6 209242 230361 + 62 1117 19499 +
6 733394 1038268 + 9 408 298787 +
6 1040491 1069673 + 9 299055 327977 -
6 1088493 1152146 + 9 330325 392284 +
6 1977716 1987330 + 61 120669 130330 +
6 1989390 2101563 + 61 2839 119585 -
6 2232619 2502404 + 19 385 264951 -
6 4003901 4132429 + 80 792 109586 +
6 4132580 4141723 + 80 125147 134108 +
6 3940946 3992793 + 185 1963 52803 -
6 1813585 1819624 + 3 440000 445971 +
6 160021 207211 + 69 94048 142417 +
6 231606 269056 + 69 58413 92243 -
6 275867 343425 + 69 991 57603 -
6 2758958 2760851 + 203 76 1798 -
6 3752678 3770923 + 116 82726 94796 -
6 3771141 3774956 + 116 77050 80977 +
6 3777555 3781836 + 116 71183 75203 -
6 3796436 3806190 + 116 61549 69759 -
6 3807153 3826460 + 116 41289 60217 +
6 3833511 3867958 + 116 1153 34659 +
6 2103983 2105157 + 30 292763 293932 -
6 2107696 2116783 + 30 294592 303512 +
6 3872483 3891748 + 194 28789 46566 +
6 3892052 3895847 + 194 24679 28509 +
6 3896259 3917088 + 194 1936 22518 -
6 270860 275093 + 148 47684 51852 +
6 2850518 2852269 + 70 116090 117836 +
6 1152383 1162489 + 55 202261 212139 -
6 1192928 1317811 + 55 65604 186951 -
6 1321472 1328373 + 55 58483 65253 +
6 1340047 1393913 + 55 645 54245 -
6 2789936 2791803 + 234 40219 42093 +
6 2844925 2845960 + 234 36904 38386 -
6 3023336 3024876 + 234 71970 73471 -
6 2118475 2167920 + 137 31912 80169 -
6 343577 350332 + 24 329293 336023 -
6 355555 359633 + 24 306124 308966 +
6 398225 405897 + 24 312196 319919 +
6 407092 413445 + 24 321316 327383 -
6 415835 487074 + 24 258073 304269 -
6 489767 531117 + 24 218358 256040 +
6 534276 598638 + 24 137359 204157 -
6 599099 664062 + 24 74115 136912 +
6 664355 732424 + 24 954 73829 -
6 371173 373791 + 14 185114 187638 -
6 2502979 2504755 + 257 143 2097 -
6 1530831 1702366 + 49 538 171110 +
6 2747721 2750144 + 60 7417 9877 +
6 1705458 1794659 + 47 97479 175810 -
6 1823773 1888226 + 47 40937 97100 -
6 1910926 1951924 + 47 547 40617 -
6 2192558 2226147 + 227 2394 31749 +
6 1394268 1529928 + 79 1182 134074 +
6 3668509 3712295 + 160 23191 67723 -
6 3722076 3745479 + 160 2095 22516 +
6 2226178 2228324 + 228 160 2261 +
6 3917373 3935967 + 248 2777 21879 +
6 3714278 3720346 + 261 7509 9687 +
6 3745767 3750194 + 261 3906 7248 -
6 4143490 4146046 + 285 180 2813 +
6 4148371 4155168 + 262 6291 14041 +
7 1011828 1024133 + 12 383254 387174 -
7 2078874 2092257 + 12 174734 179299 +
7 2483306 2498298 + 12 9121 45626 +
7 2507279 2524059 + 12 62212 81081 +
7 2525126 2529403 + 12 313702 318016 -
7 2534294 2540841 + 12 81950 87928 +
7 2542071 2547785 + 12 107795 113421 +
7 2548265 2555570 + 12 124587 133025 +
7 2556396 2564303 + 12 260977 287535 -
7 2565228 2569135 + 12 198651 202741 -
7 2569344 2585511 + 12 156574 170799 -
7 2588387 2602974 + 12 351710 366295 +
7 2604380 2638160 + 12 449848 486452 +
7 2639447 2681869 + 12 509451 551560 +
7 2280515 2283639 + 33 85179 88267 -
7 2205991 2207901 + 25 562162 563244 +
7 2267366 2270485 + 25 608625 611719 -
7 2415979 2419408 + 25 324471 328030 -
7 2498710 2504495 + 25 176417 178847 -
7 3373447 3374653 + 25 488729 489861 -
7 3432634 3437699 + 25 616675 621731 +
7 4247135 4254458 + 25 407310 414484 +
7 1325488 1332723 + 42 278310 286176 +
7 2137054 2141520 + 42 40050 44335 +
7 2472744 2478936 + 42 6818 10831 +
7 2056954 2075981 + 124 69869 88718 -
7 2105345 2111354 + 124 50502 56861 -
7 2113094 2114199 + 124 14160 15281 -
7 2115015 2119661 + 106 2003 6669 +
7 2125110 2134879 + 106 89991 115707 +
7 2292470 2293875 + 106 249343 250748 -
7 3368769 3373099 + 106 135730 139989 -
7 2146371 2151053 + 8 212477 214850 -
7 2443517 2445625 + 8 404817 406822 +
7 2480203 2481584 + 8 291347 292710 -
7 1247 135302 + 129 1483 136824 +
7 154299 155320 + 129 139113 140131 +
7 219477 240478 + 129 144292 164079 -
7 2381610 2388852 + 65 69088 83045 -
7 1341627 1344181 + 1 478390 480947 +
7 987676 1007147 + 50 99895 119306 -
7 1028264 1039393 + 50 87027 99079 -
7 1079753 1091763 + 50 125579 137645 +
7 1182752 1221801 + 50 138188 170399 -
7 1501633 1590449 + 50 510 85224 +
7 1594785 1598905 + 50 120018 124288 -
7 3934256 3948754 + 113 80379 94834 +
7 159683 217455 + 165 15043 65066 +
7 242632 244217 + 165 10423 11942 -
7 321707 384308 + 51 173707 216255 +
7 386579 388165 + 51 170029 171279 -
7 394437 432562 + 51 128171 168893 +
7 433918 438762 + 51 121376 126721 -
7 439715 450755 + 51 107513 119510 +
7 453137 458396 + 51 99547 104904 +
7 460306 585175 + 51 1881 98727 -
7 142515 149347 + 14 168413 175398 -
7 586814 639884 + 6 439956 478851 +
7 306414 311912 + 168 99142 104472 -
7 312465 313989 + 168 97371 98910 +
7 314307 318112 + 168 104801 108606 +
7 1391144 1434087 + 168 55386 96969 -
7 2303608 2307354 + 23 159935 163615 +
7 2326580 2328065 + 23 157960 159404 +
7 1621628 1740763 + 105 11628 131257 -
7 3485163 3497332 + 7 153 12043 +
7 3499082 3521792 + 7 14212 36236 -
7 3524172 3660264 + 7 37664 178061 +
7 3662729 3664123 + 7 247775 249110 +
7 3665170 3729219 + 7 178962 215856 -
7 3730727 3760505 + 7 217320 246476 -
7 3761634 3824272 + 7 249754 311110 +
7 3828443 3831870 + 7 315839 319034 -
7 3833125 3933798 + 7 319655 418850 +
7 1941033 1999537 + 94 63844 117754 -
7 1999769 2055843 + 94 1138 58262 -
7 893419 908327 + 54 37613 53092 -
7 257830 305612 + 27 162220 186921 +
7 1093826 1173826 + 27 457 42817 -
7 1222461 1225582 + 27 43989 46745 +
7 1226947 1318452 + 27 47876 119930 -
7 1346498 1390374 + 27 121791 161274 +
7 3085831 3141405 + 27 189994 244028 +
7 799744 889647 + 138 107158 188813 -
7 915664 986559 + 138 23384 104552 -
7 1600271 1620250 + 138 1491 22139 -
7 4035867 4126628 + 85 1565 86971 +
7 4153044 4196160 + 85 93667 135893 -
7 1025201 1026322 + 18 537219 538279 -
7 3143533 3167047 + 206 18906 42299 -
7 3167164 3174100 + 206 2260 9128 -
7 3174216 3245488 + 156 1557 72646 +
7 1743246 1940038 + 48 474 175668 +
7 3246889 3347272 + 75 118513 234709 -
7 3349299 3367771 + 75 73158 92049 -
7 3375092 3404590 + 75 43988 72595 -
7 3440824 3484724 + 75 3024 41725 -
7 2682608 2961851 + 29 763 251926 -
7 2328124 2335641 + 98 55587 59631 +
7 4213669 4216393 + 108 62401 65636 -
7 2962346 2966389 + 136 1352 5554 +
7 2968371 3085327 + 136 9981 126224 +
7 2152643 2169838 + 148 23712 37774 +
7 641704 743825 + 120 1471 92191 -
7 745789 798275 + 173 1747 59532 -
7 3950689 3954567 + 118 1494 5402 +
7 3955272 3980849 + 118 20359 42475 +
7 3982772 4010981 + 118 48178 76131 -
7 4016759 4031790 + 118 77213 92232 +
7 2256299 2258328 + 202 73762 75767 +
7 1174213 1178439 + 272 2986 7271 +
7 1178532 1181155 + 273 60 2708 +
7 4127028 4152474 + 196 2044 25956 -
7 4200511 4202789 + 196 27116 29434 +
7 4217553 4232552 + 196 31559 46702 +
8 93199 99669 + 135 83408 89494 -
8 90203 92974 + 288 436 2861 -
10 31807 38945 + 8 259884 266979 -
10 117057 124045 + 42 288882 295692 +
10 11766 19995 + 12 339132 347364 +
10 50632 52298 + 118 16257 17956 +
10 95019 101203 + 17 172680 178848 -
11 9535 11049 + 8 91597 93106 +
11 14651 18039 + 8 172645 176025 +
13 7340 9804 + 25 152465 154927 -
13 2032 6778 + 42 221922 226671 +
14 9724 10821 + 12 216802 217923 +
