1 593 13257 + 3 1346170 1361887 -
1 14461 44004 + 3 1333442 1338959 -
1 69414 105963 + 3 1296088 1333432 -
1 136160 157247 + 3 1274324 1295802 -
1 157652 243106 + 3 1165220 1252446 -
1 272367 381787 + 3 1062771 1164907 -
1 381814 457930 + 3 965639 1041576 -
1 45335 46407 + 5 506126 507189 -
1 243171 270381 + 1 6320068 6329488 -
1 117634 121862 + 7 3414479 3417288 +
2 474 75739 + 6 2607192 2644380 +
2 75907 100280 + 6 2651842 2676246 +
2 100993 104253 + 6 2700083 2702947 +
2 123454 136258 + 6 2703527 2716818 +
2 194230 206703 + 6 2717860 2733379 +
2 209580 215839 + 6 1813116 1819449 +
2 219560 223055 + 6 2734797 2738306 +
2 264221 272717 + 6 2738551 2747083 +
2 363282 367745 + 6 2756276 2760962 +
2 382971 387640 + 6 2847171 2859954 -
2 658926 661788 + 6 3038607 3041472 +
2 261830 264063 + 3 1057227 1059462 +
2 418955 424850 + 3 805153 811122 -
2 173760 175952 + 4 5318752 5320941 -
2 237749 241983 + 5 1192125 1196356 +
2 157291 160220 + 1 6408714 6411702 +
2 297910 302136 + 1 3848816 3859187 +
2 460484 647414 + 1 7761423 7935084 +
2 647759 650170 + 1 3885312 3887760 -
2 664948 686689 + 1 7936742 7958671 +
2 116285 119470 + 7 2397837 2404017 +
2 227850 229213 + 7 2183663 2185031 -
3 1474 15281 + 5 1529268 1543874 -
3 46768 49663 + 5 1526005 1528928 -
3 50155 57103 + 5 1592639 1599525 +
3 57433 63755 + 5 2416692 2422750 +
3 64525 81500 + 5 1600958 1617742 +
3 174570 232738 + 5 1617899 1678236 +
3 234381 249861 + 5 1681379 1708470 -
3 251762 297798 + 5 1708833 1752307 +
3 299420 336121 + 5 1768344 1804866 +
3 353754 356014 + 5 4168512 4170779 +
3 356401 366034 + 5 1805933 1816093 +
3 16017 18514 + 2 1358046 1360553 -
3 142568 148591 + 2 874286 880351 -
3 87622 93542 + 7 2804882 2810783 +
3 134136 136350 + 7 2443497 2445749 +
3 156358 159685 + 10 60690 64011 -
4 32 71131 + 5 5545231 5616063 -
4 75491 250467 + 5 5420855 5539767 -
4 250836 289304 + 5 5367236 5406512 -
4 72968 74518 + 4 4990392 4991858 -
5 42 36295 + 6 1705006 1742542 +
5 41457 59558 + 6 1743455 1766126 +
5 59839 77592 + 6 1777290 1795053 +
5 77593 96852 + 6 1823773 1842206 +
5 98631 133753 + 6 1852168 1887853 +
5 134437 199200 + 6 1910926 1977149 +
5 200502 209739 + 6 1977709 1986884 -
5 210812 254622 + 6 1989296 2032929 +
5 274591 370422 + 6 2033350 2128828 +
5 36475 39493 + 1 6259533 6262551 -
5 258195 262487 + 3 2196554 2200807 +
6 1265 108181 + 2 765788 873963 +
6 108578 171837 + 2 883028 947729 +
6 187542 261512 + 2 947939 1015853 +
6 266439 282618 + 2 1021121 1037287 +
6 174870 179783 + 3 357828 362738 +
6 261681 265728 + 6 365243 368521 -
7 87 39508 + 4 4215465 4250023 +
7 40021 129017 + 4 4301833 4394592 +
7 163975 168534 + 4 1924316 1928872 +
7 171258 282383 + 4 4396842 4523306 +
8 1846 271569 + 3 3639400 3914700 +
8 272195 278291 + 5 4783956 4790141 +
9 269251 286511 + 4 4011017 4028303 +
9 18956 89492 + 1 4883171 4955362 -
9 89654 268683 + 1 4698774 4878615 -
10 349 224310 + 4 1576402 1788862 +
10 237978 244649 + 4 3744717 3751331 -
10 249754 303004 + 4 1788925 1841400 +
10 225284 233749 + 1 8228053 8235508 +
10 247086 249721 + 2 1989362 1991587 -
11 573 3614 + 6 557665 560661 -
11 5363 252600 + 4 2752037 2975901 -
12 313 249083 + 3 1362606 1589868 -
13 334 28394 + 6 321285 350531 +
13 29668 136906 + 6 122245 226428 -
13 139802 238862 + 6 1405 104061 -
14 31164 36143 + 1 3580685 3585637 +
14 46551 57503 + 1 3586611 3594245 +
14 100532 101716 + 1 70927 72146 -
14 172225 181096 + 1 3664328 3672584 +
14 230589 233815 + 1 3812724 3815922 -
14 262240 268815 + 1 3673520 3679771 +
14 305778 307222 + 1 3842729 3845348 +
14 315599 322221 + 1 3708685 3714295 +
14 322815 324806 + 1 3730122 3732128 +
14 161947 164334 + 6 2860958 2863343 +
14 360706 362244 + 6 4163124 4164717 +
14 372413 374712 + 6 2973627 2975920 +
14 307600 309873 + 2 1155084 1157360 +
14 423942 427178 + 2 4354287 4356534 +
14 427710 431955 + 2 1207041 1210168 +
14 10408 12636 + 4 1461975 1464154 +
14 102454 104596 + 4 1887768 1889912 -
14 118695 125518 + 7 2382785 2388838 +
14 219494 224665 + 7 2373557 2379353 +
14 251319 253874 + 7 2408806 2411380 +
14 62821 64717 + 5 4055252 4057092 +
14 274806 281103 + 5 915653 919571 +
14 375268 378301 + 5 1093805 1096898 +
14 38155 41371 + 3 757229 760428 -
14 401382 404515 + 3 925608 928762 -
14 404675 408944 + 3 738213 742553 +
14 193040 195291 + 11 7495 9708 -
15 309 107036 + 5 4290215 4386268 -
15 152599 258163 + 5 4170857 4289451 -
15 258226 280562 + 5 4138348 4159664 -
15 292252 333756 + 5 4097348 4137930 -
15 129998 132318 + 6 3060402 3065431 -
15 280903 283811 + 6 4167428 4170358 -
16 78503 223871 + 5 3610393 3758765 -
17 836 29423 + 1 9650033 9679851 -
17 29827 46558 + 1 9463950 9481532 +
17 46841 175390 + 1 9515317 9649068 +
17 178265 213380 + 1 9425676 9461111 -
17 217013 223249 + 1 9392628 9398894 +
18 557 3449 + 7 1037153 1040022 +
18 3644 41445 + 7 1079347 1117351 +
18 41782 94227 + 7 1149844 1203378 +
18 101855 171407 + 7 1204567 1267657 +
18 172137 215950 + 7 1285627 1318452 +
18 217218 219875 + 7 1345136 1348152 +
18 94637 100443 + 1 5482397 5490611 +
19 38181 42164 + 7 1022009 1026086 -
19 247 23634 + 3 4937392 4960714 -
19 46019 94517 + 3 4888872 4936913 -
19 95440 104163 + 3 4961774 4970032 +
19 104794 107627 + 3 4971821 4974893 -
19 109877 196348 + 3 4975794 5045917 +
19 196352 205191 + 3 5050236 5059279 +
20 1405 19508 + 1 1478 13302 -
20 21936 25130 + 1 188958 191767 +
20 26969 36103 + 1 53430 62877 -
20 71301 78870 + 1 45568 53281 -
20 96754 99857 + 1 9697611 9700749 +
20 100040 161791 + 1 91452 152242 +
20 203563 218161 + 1 152675 166860 +
20 59075 67183 + 4 4291431 4299498 -
20 181634 188255 + 4 2719677 2726334 -
21 252 87152 + 1 7406451 7499885 +
21 113686 115396 + 1 6315250 6316960 +
21 117916 124373 + 1 7500995 7506414 +
21 124906 132781 + 1 7511405 7519088 +
21 144154 218149 + 1 7519542 7595311 +
21 133267 135626 + 2 1439640 1441960 +
21 89608 91274 + 3 2194140 2195818 +
22 239 135818 + 1 1360331 1498937 +
22 138016 139258 + 1 1500961 1502319 -
22 139715 217293 + 1 1502719 1583188 +
23 222 210453 + 3 3263522 3475476 -
24 628 213854 + 4 3413960 3561591 -
25 190933 194650 + 2 4471369 4475061 +
25 242 180202 + 1 2595017 2776735 +
25 202706 204611 + 1 2777019 2778875 +
26 130726 135359 + 1 6403381 6408002 -
26 361 127802 + 6 2454398 2551798 +
26 181052 195279 + 6 2552458 2562809 +
26 154375 159485 + 2 1173138 1177951 -
27 158925 160544 + 5 1762393 1764021 +
27 364 13285 + 2 3777599 3790546 -
27 14031 15154 + 2 4044849 4045966 +
27 16457 21523 + 2 4037941 4044356 -
27 22614 25413 + 2 4048239 4051094 +
27 27173 36997 + 2 4053621 4064333 -
27 38687 58509 + 2 4065189 4085056 -
27 63369 67817 + 2 4085836 4090334 +
27 96801 102822 + 2 4090492 4097088 +
27 106676 115981 + 2 4123368 4132911 +
27 125197 133393 + 2 4136112 4151191 +
27 145960 152214 + 2 4159137 4166842 -
27 153408 157542 + 2 4205179 4212823 -
27 173955 204044 + 2 4176450 4204559 -
27 204961 215143 + 2 4213406 4223695 +
27 283470 300893 + 2 4223737 4241466 +
27 303517 329619 + 2 4263055 4288801 +
27 87896 93443 + 1 2336575 2342000 -
27 246566 249827 + 1 2277356 2280488 +
27 117910 123773 + 7 2301660 2307582 +
27 93448 96171 + 10 57813 60558 +
28 122373 123532 + 5 1431292 1432458 -
28 126375 132644 + 5 1002257 1008536 -
28 263810 272238 + 5 5667443 5668656 +
28 309340 317066 + 5 5674185 5681876 +
28 272930 274805 + 4 4031759 4033622 +
28 140035 141254 + 1 3823973 3825227 -
28 214218 217130 + 1 4879966 4882281 +
28 277069 307643 + 1 5880442 5911838 -
28 6697 121427 + 2 1617487 1748958 -
28 149047 198485 + 2 1564410 1615695 -
28 145153 147572 + 7 1007741 1010136 -
29 100111 106384 + 3 917333 923646 -
29 1166 9977 + 7 3440610 3453458 -
29 114711 148280 + 7 3375045 3405859 -
29 148758 198253 + 7 3317187 3367105 -
29 68956 70624 + 6 3784170 3785834 +
30 182335 187558 + 1 3610047 3616286 -
30 90552 93635 + 7 2146293 2151671 +
30 1425 79498 + 4 2155458 2232372 +
30 131247 142364 + 4 2233409 2244619 +
30 156139 180872 + 4 2245016 2271409 +
30 198170 215088 + 4 2976470 2986955 -
30 216046 218185 + 4 5035143 5037279 -
30 142520 155920 + 5 1224343 1228129 -
31 355 94119 + 7 3938668 4011262 +
31 95686 100568 + 7 4016027 4020934 -
31 102767 125344 + 7 4022029 4044965 +
31 135204 148294 + 7 4046753 4059877 -
31 148848 195026 + 7 4061337 4100361 +
32 8974 134222 + 1 4544045 4670358 -
32 134411 227304 + 1 4441620 4531184 -
33 79945 81846 + 1 2295114 2296990 -
33 798 27288 + 5 554074 579320 +
33 29050 57559 + 5 615884 645728 +
33 83906 131630 + 5 647559 694427 +
33 133021 159063 + 5 695992 722464 -
33 160325 177853 + 5 723647 741975 +
34 1255 21467 + 6 1460886 1483314 -
34 37124 38316 + 6 1849996 1851227 +
34 38400 62665 + 6 1435905 1460424 -
34 90991 151213 + 6 1373691 1435659 -
34 152623 185390 + 6 1340047 1373155 +
34 27303 28574 + 2 4242190 4243423 +
34 63062 64104 + 4 5308513 5309549 +
34 87938 90812 + 1 4162592 4165442 -
35 510 55478 + 2 3015982 3071860 +
35 62245 184193 + 2 3072095 3195271 +
35 59546 61948 + 4 5309994 5312343 +
36 1272 16770 + 1 6203041 6218423 +
36 17103 21357 + 1 6470116 6474360 -
36 22344 104607 + 1 6219385 6249523 +
36 104678 114076 + 1 6262649 6270555 +
36 171610 178501 + 2 1136204 1143107 +
37 114802 116789 + 4 2048736 2050744 -
37 611 113515 + 2 1749346 1832049 +
37 157295 185297 + 2 1837228 1868406 +
37 140711 142166 + 3 2235016 2236499 +
37 130666 133013 + 1 2333635 2336214 -
37 146607 150156 + 1 3766631 3770138 +
38 61879 65295 + 2 1224087 1229070 -
38 22984 45726 + 6 3135907 3158817 +
38 74276 119406 + 6 3159104 3205216 +
38 120944 183511 + 6 3273612 3318323 -
38 55912 60327 + 1 3965661 3970115 -
39 80700 87086 + 5 5998037 6004470 +
39 612 16598 + 1 5089304 5106527 -
39 16643 19124 + 1 9725814 9728302 -
39 38481 41188 + 1 8240193 8242907 +
39 57578 61840 + 1 3898925 3903184 -
39 119135 121300 + 1 9785526 9787720 -
39 122251 277374 + 1 4955798 5088888 -
39 281593 284366 + 1 3603187 3605979 +
39 102997 110881 + 4 4171524 4179369 -
40 88455 90574 + 7 4243343 4244707 +
40 574 8865 + 1 5167210 5175575 +
40 62397 87225 + 1 3618736 3653798 -
40 112189 116361 + 1 5736715 5740839 -
40 155640 188825 + 1 5176183 5207347 +
41 1658 5726 + 7 314363 318561 -
41 6184 11087 + 7 306428 311985 +
41 11186 12694 + 7 312478 314047 -
41 13682 55192 + 7 1391094 1434049 +
41 55246 179792 + 7 1444974 1571358 +
42 1246 36082 + 5 6022317 6053050 -
42 36612 57995 + 5 5951844 5980692 -
42 137640 166439 + 5 5917032 5951719 -
42 167406 179157 + 5 5878989 5891157 -
42 119555 121444 + 4 2618150 2620048 -
42 89685 97219 + 7 139694 146459 -
43 49484 53693 + 5 1169645 1173858 +
43 54167 55699 + 5 1067261 1068798 -
43 550 40084 + 1 422880 442244 +
43 66128 76878 + 1 447069 466968 +
43 78556 102185 + 1 467505 478199 -
43 102469 111532 + 1 479628 489197 -
43 114995 158031 + 1 491661 505564 -
43 160379 178477 + 1 527101 546707 -
44 1250 21362 + 1 6980925 7006601 +
44 67100 129624 + 1 7007544 7039865 +
44 193789 260402 + 1 7040068 7106506 +
44 285712 292143 + 1 8250458 8264821 +
44 50308 52197 + 6 371212 373110 -
44 60258 62803 + 2 1210714 1213257 -
44 273444 279932 + 4 1139738 1146265 -
44 129741 130969 + 3 1252572 1253712 +
45 88003 89514 + 1 30051 31520 -
45 9542 55287 + 6 1539482 1585289 +
45 55699 57303 + 6 3631260 3632892 +
45 92205 175554 + 6 1585555 1671651 +
46 3062 15321 + 6 1173893 1182499 -
46 18145 20239 + 3 849015 851106 -
46 36794 81119 + 7 2110366 2128488 -
46 147190 151809 + 7 2105345 2109942 -
46 237569 298809 + 7 2010976 2076037 -
46 145337 146789 + 1 4542402 4543848 +
46 26893 31816 + 4 2353536 2358444 +
46 84267 91040 + 4 5988748 5995703 -
46 187734 191992 + 4 5212039 5216295 -
47 464 19907 + 3 4600050 4619949 -
47 20033 23444 + 3 61894 65278 +
47 52474 54950 + 3 4597488 4599934 -
47 57411 93197 + 3 4622702 4661940 +
47 93976 128545 + 3 4688073 4723715 -
47 144526 163160 + 3 4663851 4682563 -
47 164731 168026 + 3 4724195 4727504 +
47 128770 132203 + 5 5709921 5713378 -
47 41880 45699 + 6 4189307 4193103 -
48 968 41242 + 5 4817332 4857197 +
48 41798 249063 + 5 5107980 5297960 -
48 269789 275010 + 5 5102582 5107867 -
48 253624 259593 + 2 1301705 1307674 +
49 561 167702 + 4 4678754 4854231 +
50 996 140320 + 5 3220466 3353301 +
51 1385 34181 + 2 615882 651727 +
51 49999 54621 + 2 689318 693998 -
51 55607 85805 + 2 653871 684778 -
51 87175 162346 + 2 694881 764430 +
51 41881 44025 + 3 772330 774465 +
52 121613 123736 + 1 5973606 5975726 -
52 682 99488 + 4 3231892 3329079 -
52 146688 252123 + 4 3126645 3230989 -
53 861 141989 + 1 4214518 4295365 -
53 157794 160335 + 5 5418107 5420499 +
54 569 53815 + 6 3434652 3487825 +
54 56322 67417 + 6 3494077 3506749 +
54 68480 118942 + 6 3538196 3551074 +
54 122664 161212 + 6 3551454 3591014 +
54 119293 122663 + 2 684847 688231 -
55 15311 160915 + 1 1764548 1913197 -
55 7166 10955 + 6 1891593 1895373 -
56 40114 41679 + 1 4007915 4009479 +
56 42646 45361 + 1 4040421 4043135 +
56 54346 56505 + 1 3836212 3839455 +
56 62406 68388 + 1 4033327 4037911 +
56 90954 160425 + 1 4096098 4128987 +
56 27659 30474 + 5 5414174 5416915 +
56 11008 12992 + 6 3017528 3019553 -
56 69187 72402 + 6 2925511 2926864 -
56 20826 25481 + 2 1166236 1170896 +
57 4932 9773 + 1 3655880 3660718 -
57 17253 18637 + 3 1271906 1273290 +
57 141489 142759 + 4 1481914 1483172 +
57 19659 55037 + 5 3932077 3967456 -
57 55393 102679 + 5 3858819 3906839 -
57 104898 108030 + 5 5911803 5914893 -
57 110381 137255 + 5 3853987 3858029 -
57 144043 159882 + 5 3840718 3853875 -
58 1009 137877 + 5 1247746 1382845 +
58 140999 144091 + 5 5406768 5409847 -
58 144480 158388 + 5 1383713 1397255 +
59 43773 48701 + 6 382061 387194 +
59 33028 35871 + 1 4336318 4339188 +
59 106604 110846 + 2 4153493 4157836 +
59 135436 145945 + 2 3307989 3317506 -
59 1330 32749 + 4 3848881 3879973 -
59 91019 105904 + 4 3832049 3847607 -
59 126579 130237 + 11 14395 18036 +
60 67132 223529 + 5 2151874 2317833 +
60 1050 66287 + 3 2770213 2847740 -
61 602 154823 + 1 6039528 6190102 -
61 155590 162956 + 6 1115933 1123666 -
62 744 52757 + 2 1493722 1550716 -
62 54188 56063 + 2 1491679 1493420 +
62 56292 112041 + 2 1442983 1490635 -
62 112621 153542 + 2 1387663 1436693 -
63 12983 14340 + 2 3318354 3319742 +
63 838 12218 + 7 1686952 1699296 -
63 27369 152576 + 7 1573934 1686582 -
63 14825 24446 + 6 3508027 3517703 +
63 25599 27165 + 6 503960 505526 +
64 1100 28519 + 1 6271260 6298223 +
64 29312 67225 + 1 6329950 6364591 +
64 99737 101478 + 1 4531332 4533069 -
64 101584 120065 + 1 6364922 6382969 +
64 123005 134097 + 1 6458998 6469942 +
64 134200 152787 + 1 6474471 6491972 +
65 2483 7632 + 1 16262 21078 +
65 8028 17993 + 1 34215 44558 +
65 19060 147159 + 1 193414 324535 +
65 179716 210696 + 1 325061 356108 +
65 150165 152954 + 4 1476350 1479067 -
66 1381 118512 + 1 8574664 8698915 -
66 137051 146755 + 1 8564768 8574587 -
66 121727 130120 + 7 1438767 1441985 -
67 1360 123063 + 5 4859796 4984388 -
67 125004 146496 + 5 5298222 5320284 +
68 855 36315 + 6 2322911 2357732 -
68 51869 143160 + 6 2225081 2321766 -
68 48829 50315 + 7 2333610 2335093 +
69 49367 51187 + 5 5900698 5902549 -
69 98376 112284 + 5 6055227 6067374 +
69 112437 138962 + 5 6081618 6116576 +
69 3202 4291 + 6 3489296 3490340 +
70 692 132858 + 2 95758 247983 +
70 134831 140903 + 2 261727 268411 -
71 4116 35357 + 4 141968 166332 -
71 36484 107022 + 4 47191 112991 -
71 107048 142072 + 4 1448 36732 -
72 886 128781 + 2 2769375 2902658 +
72 128857 246347 + 2 2921206 3015285 +
73 193212 199211 + 1 3056122 3065513 -
73 2064 131484 + 5 2812280 2913285 -
73 167325 172218 + 4 4282056 4286991 +
74 31242 128457 + 3 452321 512229 -
74 18833 25856 + 7 2094837 2100871 +
75 184366 189438 + 3 305806 310873 -
75 40681 106735 + 1 4356938 4410343 -
75 143213 144420 + 1 4088641 4089856 -
75 210987 235195 + 1 4296083 4314055 -
75 203380 206471 + 6 2943374 2946250 -
76 5677 72596 + 1 9031620 9100407 -
76 73868 90689 + 1 9013825 9030628 +
76 92621 134302 + 1 8960765 9010284 -
77 951 83527 + 1 5652591 5734593 +
77 83913 132127 + 1 5773140 5825448 +
78 1373 131011 + 5 2915401 3042984 -
79 58952 61876 + 5 4450578 4453654 -
79 28988 41229 + 3 575669 587983 +
79 67676 129450 + 3 588377 649589 +
79 43628 50233 + 2 2906237 2912898 -
80 6580 35148 + 3 228102 262334 -
80 38161 44295 + 3 276218 282670 +
80 45582 48010 + 3 287966 290511 +
80 53177 57335 + 3 283440 287792 -
80 69709 73831 + 3 296437 300831 +
80 75200 93337 + 3 328316 346382 +
80 108290 110252 + 3 391107 393015 +
80 115746 118737 + 3 5064329 5067320 +
80 121700 126297 + 3 397405 402160 +
80 58519 63524 + 4 5874295 5876894 +
80 96531 98234 + 5 1144075 1145817 -
81 802 39772 + 1 594107 628644 -
81 42357 65762 + 1 644728 668802 +
81 68046 128055 + 1 698217 757991 +
82 1049 5516 + 6 2218611 2223084 -
82 22247 105264 + 6 2130017 2218484 -
82 5984 10964 + 3 4256015 4260737 +
82 106756 109980 + 4 37752 41006 +
83 1174 125930 + 1 5217669 5365078 +
84 918 22210 + 2 2598113 2619774 -
84 22801 94637 + 2 2347736 2419469 -
84 130950 136543 + 5 3432522 3438104 +
85 1375 31388 + 3 5147603 5178382 -
85 31888 54723 + 3 5184762 5207150 +
85 55264 121035 + 3 5215291 5267245 +
86 902 122836 + 5 6353810 6432455 +
87 1090 47848 + 1 3254878 3297597 +
87 48852 62991 + 6 227042 241215 -
87 64296 70431 + 6 407091 413300 -
87 71154 83474 + 6 1193436 1206317 -
87 102172 149493 + 6 1124512 1171923 -
88 18452 84862 + 5 3447644 3513618 -
88 84874 121170 + 5 3396328 3432502 -
89 85587 87949 + 5 894821 897177 -
89 97356 105976 + 5 185036 190065 -
89 908 78378 + 6 3840059 3891811 +
89 79081 83028 + 6 3892062 3895921 -
89 111852 113156 + 6 3955274 3956532 -
90 21748 42240 + 6 4031184 4055147 +
90 43980 61952 + 6 3992473 4010822 -
90 63126 97370 + 6 3957243 3991266 +
90 98543 111736 + 6 3896170 3909645 +
91 997 40865 + 5 5616086 5655782 +
91 44504 112151 + 5 5714030 5782436 +
91 131321 164028 + 5 5782463 5815059 +
91 120736 124575 + 4 131603 135451 -
92 933 19557 + 3 1749777 1768987 -
92 19567 119121 + 3 1606008 1702557 -
93 1051 33313 + 5 132594 158489 -
93 37216 47387 + 5 166188 176682 +
93 47745 116781 + 5 196548 272927 +
94 1139 117859 + 3 2278434 2398519 -
95 1154 24624 + 2 3387674 3411252 -
95 24732 68746 + 2 3321351 3366458 -
95 69034 116331 + 2 3254044 3302676 -
96 1592 116677 + 1 8829947 8949289 -
97 10887 12200 + 1 5757624 5758885 -
97 23812 26044 + 5 4060201 4062503 +
97 54978 110700 + 4 5097160 5142227 +
98 40076 100542 + 5 3513712 3572843 +
99 113527 117095 + 1 9207620 9211715 -
99 3483 15429 + 4 5227925 5239187 -
100 40189 51747 + 6 1185985 1191913 +
100 1129 34297 + 4 3093323 3125953 -
100 59102 82306 + 4 3083303 3093125 -
100 83595 116293 + 4 3016863 3050503 -
101 49216 75038 + 4 114411 127397 -
101 6508 16254 + 5 3994559 4004635 +
101 16989 24179 + 5 4008134 4015276 -
101 78667 95741 + 5 4015911 4033458 +
101 108816 113224 + 6 3054326 3058656 +
102 42372 109914 + 1 8132926 8197774 -
102 110278 115694 + 1 8477546 8483009 +
102 1973 24184 + 4 2692170 2718285 +
102 24266 42155 + 4 2737742 2751759 +
103 1875 29161 + 1 5455399 5481929 +
103 29660 60396 + 1 5499435 5530031 +
103 60443 189118 + 1 5545294 5651722 +
104 19397 52341 + 4 5249854 5285215 -
104 52975 66113 + 4 5196357 5209138 -
104 66933 99165 + 4 5169139 5195295 +
104 113636 115505 + 4 5148854 5150719 +
105 44910 50316 + 3 747941 753346 -
105 2501 4141 + 5 5896334 5897987 -
105 70283 75114 + 5 1204720 1208103 -
105 24701 40193 + 7 2647206 2663049 +
105 57591 59918 + 7 2391491 2393824 +
105 112954 115384 + 7 2664159 2666456 +
105 7146 14046 + 6 2893532 2901479 -
105 83728 87994 + 4 4263970 4268233 -
106 1052 114810 + 7 1787022 1910719 +
107 11968 14419 + 7 1335088 1337563 +
107 97232 101472 + 7 2454833 2459070 -
107 26684 29724 + 2 1108524 1111197 -
107 23445 26529 + 4 985792 988856 +
107 54539 61914 + 4 1034287 1041833 +
107 105958 114528 + 4 866132 873824 -
107 9910 11698 + 6 1905778 1907620 -
107 6707 9826 + 17 162 3285 -
108 4017 109989 + 5 366310 464197 -
109 13330 15692 + 4 4287382 4289708 +
109 49392 54869 + 4 3595939 3601725 +
109 55440 112643 + 1 6809739 6867569 -
109 28077 39317 + 6 2688068 2698629 +
110 2504 113131 + 4 4523878 4589314 -
111 2634 112421 + 2 424725 504754 -
112 1330 31495 + 3 1783079 1813967 +
112 32531 132582 + 3 1817207 1918504 +
113 107360 108913 + 3 754046 755548 -
113 51496 56353 + 7 2344109 2348960 -
113 72530 86160 + 7 2556396 2569143 -
113 56913 61798 + 4 5222851 5227725 +
113 64522 67913 + 4 2021814 2022993 +
114 1146 15267 + 6 517591 531534 +
114 16812 48673 + 6 450122 487080 -
114 49467 91261 + 1 7958725 7999406 -
115 1649 3157 + 1 1165505 1167018 -
115 3228 7473 + 1 7507017 7511277 +
115 7548 21514 + 1 1151084 1165475 -
115 23001 26279 + 1 9733858 9737130 -
115 30667 33168 + 1 4071223 4073709 +
115 34437 120047 + 1 1063636 1150873 -
116 1153 71951 + 4 4103876 4167967 +
116 80626 109160 + 4 4180297 4210431 +
117 50260 55698 + 7 187685 193087 -
117 1162 49972 + 1 3166452 3214867 +
117 73748 109005 + 1 3215256 3250470 +
118 69369 72814 + 5 1176248 1179690 -
118 107635 109924 + 3 851743 853841 +
118 90902 93852 + 2 1253700 1256650 -
118 53751 64863 + 6 2999960 3016418 +
119 21333 25000 + 3 791634 795359 +
119 91814 107404 + 3 866858 874916 +
119 52390 61115 + 1 3865765 3874430 +
119 43738 45074 + 5 1146550 1147915 +
119 1951 6392 + 4 1088094 1092365 -
120 4702 22050 + 7 2240123 2248701 +
120 87150 111608 + 7 2483301 2495077 +
120 118814 122290 + 7 897035 907259 +
120 142752 146505 + 7 2507279 2511023 +
120 164017 271761 + 7 2569318 2646451 +
120 318742 322671 + 7 2213707 2218521 +
120 32214 33259 + 1 4314969 4316029 +
120 131969 136120 + 1 3755586 3765809 +
120 33334 36944 + 3 836677 840323 -
120 56947 62057 + 3 888978 894106 +
120 296527 300640 + 4 2389666 2391747 +
121 54098 56888 + 6 2791967 2795411 +
121 1374 26290 + 2 3577000 3602064 +
121 26390 39838 + 2 3712667 3725499 +
121 82187 99325 + 2 3725614 3747934 +
121 99848 105597 + 2 3760254 3765790 -
122 1358 79293 + 3 3924202 4002987 -
122 95901 105217 + 3 3914863 3923910 -
122 83341 84445 + 1 3750559 3751662 +
123 1314 106283 + 3 2495740 2602053 +
124 1884 106087 + 7 2963563 3068262 -
125 46649 49301 + 7 1011011 1013648 +
125 12756 14269 + 4 5883714 5885140 +
125 16310 19001 + 4 5886105 5888931 -
125 19480 20769 + 4 5865647 5866842 +
125 22631 41347 + 4 5828409 5846909 -
125 58132 106196 + 4 5797050 5828212 -
125 4411 6130 + 6 2647080 2648724 +
126 55326 58407 + 1 3818953 3822909 +
126 9365 34882 + 3 4752031 4780994 +
126 42709 44168 + 3 4788597 4789975 +
126 45797 46930 + 3 4786214 4787389 +
126 60208 76237 + 3 4795148 4811209 +
126 79365 83089 + 2 2916338 2920066 -
127 162399 164025 + 6 3643909 3645767 -
127 184570 187776 + 1 4316131 4319367 -
127 188564 190188 + 5 853840 855491 +
127 46438 47943 + 7 2328205 2333271 +
127 8066 44536 + 4 1485328 1500096 +
127 51175 54378 + 4 1500827 1502891 +
127 57866 61450 + 4 1167872 1171447 +
127 108217 162339 + 4 1505773 1559856 +
127 164144 167831 + 4 1129041 1132751 +
127 190471 205106 + 4 1559935 1574867 +
128 116 1261 + 4 1575015 1576184 +
128 11421 15865 + 7 1017065 1021509 +
128 68215 70926 + 7 2253472 2256222 +
128 43976 47234 + 3 951617 957726 -
128 58852 63403 + 3 877936 884058 -
128 3642 6144 + 5 4034733 4037270 +
128 28631 31112 + 2 4118708 4121196 +
128 73527 104598 + 2 2315662 2347373 -
129 42782 47744 + 2 391253 396195 +
129 1551 42301 + 1 2497919 2538983 +
129 49178 104819 + 1 2539197 2594302 +
130 1448 55843 + 2 2535926 2584866 +
130 89110 100600 + 2 2585658 2597457 +
130 66956 72614 + 5 1117788 1124167 +
131 2713 24160 + 5 1497733 1519321 +
131 26187 63462 + 5 1574858 1591631 +
131 73408 101050 + 5 1544084 1572500 -
132 1374 79204 + 5 2649646 2711989 +
132 79425 81951 + 5 2712446 2714293 -
132 82206 100986 + 5 2714486 2733531 +
133 1833 101355 + 7 3068852 3170655 +
134 1794 97359 + 1 8319164 8415924 +
135 1407 49268 + 7 208549 256254 +
135 50774 73158 + 7 264827 305550 -
135 74161 75771 + 7 257830 259450 -
135 76999 100898 + 3 1920314 1944335 -
136 206 1341 + 3 1919113 1920262 -
136 1611 8475 + 1 4129742 4136678 +
136 15056 46442 + 1 4136954 4162542 +
136 48446 72959 + 1 4196267 4212862 +
136 8719 14999 + 6 2977199 2983689 -
137 98837 100725 + 6 2767688 2769572 +
137 70037 72302 + 1 3686367 3688727 +
137 80726 84035 + 1 3702209 3705670 +
137 59077 62284 + 7 1067131 1069793 -
137 55874 58859 + 5 903987 908621 +
137 85146 86734 + 5 1086991 1088974 -
137 22426 26191 + 3 2230693 2234000 -
137 35451 52450 + 3 940899 949946 +
138 1372 61420 + 3 3151496 3212258 +
139 73 1259 + 3 3258170 3259289 +
139 1572 99126 + 1 7186132 7281949 +
140 76710 85662 + 5 6067489 6081476 -
140 14159 17347 + 4 329735 332285 -
140 17898 22008 + 4 201251 204992 +
140 50310 76307 + 4 205183 223632 +
140 87400 98752 + 4 226292 236963 +
140 42278 47997 + 10 32941 38695 -
141 29254 31262 + 6 3073577 3075631 +
141 79804 86822 + 4 927673 934916 +
141 63820 70094 + 5 1074461 1082595 -
142 14200 88783 + 1 1264412 1336615 +
142 92122 97095 + 1 1352962 1357550 +
143 1710 145680 + 4 2439760 2587870 -
144 2922 20919 + 5 6222396 6239674 -
144 27522 44966 + 5 6195555 6212859 +
144 50168 94242 + 5 6122388 6191646 -
145 18191 21095 + 2 1230459 1233367 +
145 24782 26250 + 2 1349103 1350584 +
145 52251 55421 + 7 2439211 2442380 +
145 21705 23171 + 1 3776301 3777775 -
145 37362 44541 + 1 3931138 3934762 -
145 45424 49607 + 6 270852 275079 -
146 85039 89297 + 2 1071118 1075378 -
146 8057 38529 + 7 2712968 2743555 +
146 93100 94912 + 7 2744213 2746067 +
147 87502 90960 + 3 2970123 2973608 +
147 40276 51776 + 1 685610 693178 +
147 1506 36515 + 5 3800417 3835791 +
147 91217 93996 + 5 3836162 3838986 +
148 3185 21678 + 3 42460 61571 +
148 22009 29503 + 3 78042 85542 +
148 52685 60930 + 3 86212 99122 -
148 61899 94016 + 3 99263 132652 +
148 32191 39539 + 1 2305995 2313893 -
149 1554 3727 + 3 4619976 4622199 +
149 4276 54112 + 3 4532489 4575702 -
149 54239 93321 + 3 4490213 4528044 -
150 2156 6956 + 7 467316 472499 -
150 7649 31434 + 7 477458 501987 +
150 32762 93623 + 7 526410 590268 +
151 4566 22251 + 1 3987081 4004671 -
151 54910 65208 + 5 1022812 1033132 -
151 75385 80216 + 5 923816 928642 +
152 1600 93292 + 5 1817495 1888912 -
153 242 1412 + 5 1816155 1817395 -
153 3114 93047 + 5 3128508 3218909 +
154 266 1373 + 5 3219210 3220325 +
154 2460 6941 + 3 32790 37270 -
154 7559 10883 + 3 29237 32087 +
155 55885 59895 + 4 5326206 5330204 -
155 2338 53719 + 7 949092 994280 -
155 65660 101328 + 7 915013 948576 -
155 106995 177374 + 7 833811 890464 -
156 182 1327 + 7 832362 833586 -
156 4432 10667 + 7 2279180 2285118 +
156 42446 47380 + 7 2174292 2182641 -
156 31062 34259 + 5 1163835 1167053 -
156 10779 11905 + 3 700720 701841 -
156 52567 55221 + 3 442796 445445 -
156 63957 75800 + 1 80474 85420 -
156 80413 84829 + 6 2934502 2938937 +
157 48531 51935 + 5 592918 596331 +
157 1563 8382 + 7 810997 813204 -
157 65543 91976 + 4 5889450 5940578 +
158 1573 85223 + 4 3651899 3714001 +
158 85740 175791 + 1 2137255 2222329 -
159 205 1355 + 1 2135969 2137108 -
159 3971 44420 + 6 3675040 3712294 -
159 48060 50098 + 6 3651241 3653335 -
159 51347 69159 + 6 3653866 3670968 +
159 70800 91724 + 6 3611464 3629995 -
159 121348 127438 + 6 3605211 3611324 -
159 101034 102503 + 7 2234861 2236343 +
160 62 1556 + 6 3603298 3604883 -
160 2080 14317 + 6 599099 612600 -
160 77490 91310 + 6 718042 731475 +
161 3651 85595 + 4 239208 305638 -
162 81053 83508 + 3 1042723 1045184 -
162 2166 4714 + 6 3320218 3322748 +
162 5362 35105 + 6 3339509 3369420 -
162 35376 47341 + 6 3322965 3335068 -
162 47619 77853 + 6 3370069 3400482 +
162 84044 89335 + 6 3400710 3406213 +
163 20422 89373 + 2 1915767 1985776 +
164 22012 30041 + 2 3643665 3652184 +
164 1804 4528 + 1 8825351 8828092 -
164 61129 172150 + 1 8720926 8824912 -
164 8242 12429 + 6 2902235 2909432 -
164 5388 7489 + 4 1108223 1110330 +
165 65907 67811 + 2 4099936 4101837 -
165 1724 34063 + 4 5759254 5792773 -
165 34371 36007 + 4 3761790 3763428 -
165 68591 88683 + 4 5738204 5758517 -
166 202 1478 + 4 5736894 5738158 -
166 2326 88744 + 3 2634202 2714262 -
167 38999 40585 + 2 3366994 3368718 +
167 59510 64988 + 6 3065475 3071042 +
167 78268 80911 + 6 387302 389915 -
167 6908 36847 + 5 4065899 4090500 +
167 86763 87813 + 5 4092519 4095734 +
168 7558 34096 + 7 83361 107789 -
168 34137 88631 + 7 28290 78964 -
169 2535 86616 + 1 1590608 1670015 +
170 75 1623 + 1 1670896 1672537 +
170 2067 64515 + 7 4127029 4191578 -
170 65244 68315 + 7 4200155 4202891 +
170 70011 87230 + 7 4217553 4233790 +
171 1756 87173 + 4 5577887 5666077 -
172 70890 76233 + 5 11453 16804 -
172 59697 64305 + 2 1320450 1325006 +
172 4316 42824 + 7 2512464 2555570 +
173 5886 27882 + 4 5285616 5308141 +
173 28115 119857 + 4 5332093 5430611 +
174 44 1616 + 4 5430680 5432096 +
174 68735 83932 + 6 1249112 1264944 +
175 45413 79505 + 1 8416681 8450516 +
175 81492 84062 + 1 5868911 5871296 +
175 23236 26820 + 4 2616097 2617291 -
176 1919 83801 + 7 2843488 2935311 -
177 17467 19802 + 7 2135565 2137939 +
177 79282 83549 + 7 3369809 3374148 +
177 40231 42981 + 5 1182940 1185740 +
177 38413 39833 + 6 2865285 2866703 -
177 48732 50115 + 3 906485 908027 +
177 56025 57531 + 3 346770 348530 +
178 60596 62121 + 3 702351 703865 +
178 78532 83153 + 3 678035 682894 -
179 172 1672 + 3 676428 677919 -
179 31840 112206 + 7 679396 762568 +
180 80081 81814 + 7 2319655 2321381 -
180 63965 69979 + 6 1804986 1811023 +
180 48487 53130 + 1 3947025 3950117 +
180 9051 15684 + 4 876356 883111 +
180 29224 31058 + 4 5220639 5222500 +
180 38757 42439 + 4 940360 944070 +
180 33356 36425 + 3 824960 828021 +
180 60532 61790 + 3 745405 746663 -
181 2053 82318 + 5 2461663 2519738 +
182 67156 142523 + 5 4585264 4661825 -
182 143147 146151 + 7 79001 81996 +
183 3944 80964 + 1 2362688 2414767 +
184 25 1704 + 1 2414791 2416475 +
184 2009 81422 + 3 3475697 3564086 +
185 75526 79753 + 3 854501 858721 +
185 57556 58813 + 6 3022051 3023300 +
186 63317 65384 + 1 2321232 2323300 -
186 55039 56498 + 6 2875361 2876873 +
186 77523 78683 + 6 2828874 2830028 -
186 34863 41812 + 7 2128931 2134860 +
187 2235 80187 + 2 3516122 3567323 -
188 44891 46828 + 1 4060457 4062393 +
188 27547 29504 + 6 1767112 1769069 -
188 53999 57355 + 6 2889774 2893126 -
188 62005 71415 + 6 534035 543612 -
188 74324 79475 + 6 489590 494623 +
189 58565 65666 + 1 9288171 9295272 +
189 3459 57042 + 5 2543412 2579728 -
189 77281 79044 + 5 3907179 3908943 -
189 79184 100015 + 5 2522638 2543064 -
190 1980 12373 + 1 7751077 7761175 -
190 74839 132668 + 1 7691112 7750872 -
190 13728 41393 + 7 502692 522555 -
190 61491 68172 + 2 4244368 4251043 +
191 1917 4170 + 2 1987088 1989358 +
191 4398 58118 + 2 2002054 2056719 +
192 2549 38987 + 4 401760 435325 +
192 41091 54294 + 4 455863 470072 -
192 57616 79222 + 4 480483 502722 -
193 3365 79090 + 1 3095332 3165413 +
194 1986 77908 + 6 913196 989113 -
195 30 1931 + 6 911242 913129 -
195 21448 49850 + 4 4871252 4899405 -
195 50894 76781 + 4 4904332 4930037 +
196 26267 74652 + 4 5039868 5092210 +
197 29872 76060 + 4 3331255 3371587 -
197 2081 11488 + 2 507854 518811 -
197 26928 29034 + 2 3658160 3660137 -
198 53 1934 + 4 3329215 3331137 -
198 4838 88799 + 5 19175 91106 +
199 88 1970 + 5 91384 93278 +
199 5781 75955 + 6 1485114 1539347 -
200 359 1484 + 6 1483938 1485111 -
200 3288 39705 + 1 925080 964173 -
200 39958 96147 + 1 816405 872310 -
201 2685 28411 + 3 2237121 2262863 -
201 28663 76188 + 3 2140542 2185327 -
202 2314 18567 + 4 1382800 1399679 -
202 41984 74528 + 4 1349120 1381797 -
202 32122 36309 + 6 4202157 4206367 +
203 192 1754 + 4 1347185 1348783 -
203 2153 75319 + 3 2398926 2494729 +
204 7172 52851 + 3 4381388 4428828 +
204 5736 7074 + 6 3337786 3339187 +
205 37 2005 + 3 4428968 4430930 +
205 104116 105670 + 3 721605 723140 +
205 2058 63140 + 5 6293193 6353734 -
205 64072 68833 + 5 6275621 6280457 +
205 115864 119379 + 1 6386077 6389609 +
205 78227 83082 + 7 4237919 4242768 -
206 2694 73659 + 1 2936646 2995484 +
207 162 1971 + 1 2995571 2997364 +
207 2648 66106 + 6 613365 664063 +
208 352 1494 + 6 589812 591244 -
208 3040 27506 + 1 2246158 2273276 -
208 52100 73629 + 1 2224073 2245954 -
208 33728 46174 + 3 1726246 1735648 +
209 2087 74126 + 1 3298736 3371374 -
210 6175 8233 + 1 3784883 3786387 +
210 20770 25956 + 3 437414 442515 -
210 10313 12973 + 6 2775353 2777998 +
210 33887 38149 + 6 2804246 2808505 +
210 41873 73199 + 5 859625 891313 -
211 2175 38716 + 6 3098751 3135780 -
211 60489 65803 + 1 4022065 4029410 -
211 40849 46463 + 4 5959324 5964995 +
211 48301 49916 + 4 4638081 4639699 -
212 66163 72797 + 7 2152640 2159283 -
212 3240 30203 + 2 8919 32997 -
212 33906 50561 + 2 33916 58784 +
213 53396 72118 + 1 6958735 6976156 -
214 3009 70568 + 7 3850012 3910754 -
215 657 2131 + 7 3846942 3848312 -
215 2475 72070 + 2 2466798 2535523 -
216 558 1979 + 2 2465243 2466671 -
216 2181 42646 + 3 4095744 4136907 -
216 42862 112908 + 3 4004350 4073311 -
217 2434 44086 + 7 3806797 3846685 -
218 2404 11970 + 7 3730727 3740473 -
218 12620 13958 + 7 3662729 3664123 +
218 14506 58515 + 7 3761634 3806111 +
219 2194 70742 + 4 5449279 5519271 +
220 2192 68864 + 7 3193049 3232251 +
221 88 1772 + 7 3232351 3234019 +
221 2422 70234 + 4 3880876 3953045 +
222 8393 9518 + 4 1147192 1148336 +
222 42149 44101 + 1 3732673 3734625 +
222 28916 32720 + 5 1136013 1139815 +
222 22378 23580 + 3 711351 712438 -
223 3604 68041 + 5 2007466 2036128 +
224 417 2128 + 5 2036974 2038746 +
225 3389 10527 + 5 5045247 5052416 +
225 23073 68248 + 5 5052721 5099271 +
225 11214 22996 + 3 564059 567696 -
226 420 2241 + 5 5099707 5101624 +
226 2441 67120 + 7 3516692 3582855 +
227 513 1999 + 7 3584429 3586005 +
227 2477 26279 + 1 9399248 9424322 +
227 27184 37973 + 1 9379732 9391975 -
227 39036 58912 + 1 9356261 9378464 +
227 60415 68086 + 1 9347071 9354911 -
228 61 2260 + 1 9344865 9346972 -
228 3569 39265 + 1 8267140 8317636 -
228 39983 68141 + 1 8199434 8227153 -
229 2985 23663 + 1 5366590 5386445 +
229 65754 73056 + 1 5387314 5394704 +
229 73373 124125 + 1 5402260 5451699 +
229 35246 36489 + 6 4178054 4179297 -
230 2292 67017 + 5 5320320 5364651 +
231 141 2291 + 5 5364653 5366859 +
231 2462 40528 + 1 1020086 1052893 +
231 60974 64047 + 1 4045012 4048082 +
232 3169 83820 + 1 6694991 6775484 +
233 2794 10810 + 5 3079393 3087158 -
233 34225 66343 + 5 3045934 3079238 -
233 13740 20453 + 6 108941 115771 +
234 88 2093 + 5 3043485 3045588 -
234 4349 66743 + 5 5815115 5876054 +
235 1002 2133 + 5 5877479 5878704 +
235 2393 5123 + 7 473098 475554 +
235 7575 13439 + 7 460306 466421 -
235 14271 18758 + 7 453137 457979 +
235 21963 32210 + 7 440357 450766 +
235 33377 39231 + 7 433266 438746 +
235 40271 66298 + 7 394437 421413 +
236 214 1585 + 7 421518 422915 +
236 4484 12694 + 3 4879600 4887999 +
236 13855 52083 + 3 4824371 4878072 -
237 5135 65759 + 4 766697 823274 +
238 45 2361 + 4 823392 825753 +
238 2528 65279 + 7 3248664 3314073 +
239 84 2240 + 7 3314669 3316948 +
239 2528 65405 + 2 4421172 4468458 +
240 185 1834 + 2 4468920 4470533 +
240 2392 63628 + 4 348056 401075 -
241 58917 65694 + 7 1745603 1752379 -
241 48295 53584 + 4 887852 893118 +
242 11750 65454 + 1 1965756 2019564 +
243 4093 5967 + 3 4585657 4595979 -
243 7208 65192 + 6 3724737 3749431 -
244 2614 32817 + 7 2811254 2841761 -
244 35232 65082 + 7 2767751 2796923 -
244 32903 35120 + 3 1814729 1816932 -
245 34 1800 + 7 2765799 2767652 -
245 2442 64828 + 3 3015097 3078153 -
246 274 1777 + 3 3012966 3014518 -
246 8244 28286 + 4 737567 758541 -
246 40848 42688 + 4 725432 727283 +
246 48230 64464 + 4 698370 714074 +
246 34070 37358 + 1 4330461 4333803 -
247 2513 42870 + 1 7308859 7349506 -
248 802 1936 + 1 87778 88911 -
248 2820 18689 + 2 337641 355041 -
248 22993 40702 + 2 315622 333022 +
248 45071 65326 + 2 293257 314003 -
249 2482 13808 + 1 8699452 8711298 +
249 16196 76943 + 1 2795483 2854343 +
250 130 1489 + 1 2854566 2855911 +
250 2539 63272 + 7 3586339 3647544 +
251 132 2437 + 7 3648024 3650335 +
251 15550 19442 + 7 2497227 2504452 +
251 23423 38197 + 5 481969 492848 +
251 39253 63986 + 5 509039 534834 +
252 410 1460 + 5 534879 535982 +
252 2512 64152 + 4 1229604 1294223 -
253 3098 41990 + 5 2423111 2461475 -
253 42593 64383 + 5 2394493 2416105 -
254 3164 62943 + 3 1946111 2006496 -
255 2847 62486 + 5 4984728 5041682 +
256 4718 36930 + 5 1423364 1428750 +
256 37250 61520 + 5 1433434 1457446 +
256 2951 3988 + 3 5213892 5214905 +
257 26 2485 + 5 1457786 1460242 +
257 2683 19171 + 2 4009125 4027114 +
257 39458 48396 + 2 4028243 4037103 +
257 48858 59629 + 2 3766554 3777393 -
257 19603 22444 + 3 5047309 5050139 -
258 9 2561 + 2 3749506 3752039 +
258 2928 61580 + 6 3206336 3271142 -
259 28486 29655 + 5 1158904 1160073 -
259 16125 23150 + 7 333117 338528 -
259 40029 56520 + 3 5130160 5146420 +
259 57671 61864 + 3 5124974 5129254 -
260 3286 11429 + 4 2600086 2608233 +
260 11597 61493 + 4 2623177 2672366 +
261 2753 111621 + 1 8022778 8132122 +
262 3026 60927 + 1 7283413 7307231 +
264 31 2153 + 2 2644673 2646789 -
264 2637 62742 + 5 4713368 4773459 +
265 26074 59763 + 2 4371152 4405004 -
266 97 1944 + 2 4368884 4370793 -
266 8583 10003 + 2 1161847 1163266 -
266 72327 81056 + 2 1193549 1202403 -
266 3877 7186 + 5 1218615 1221996 -
267 37141 52917 + 2 1076938 1092766 +
268 831 2164 + 6 3052789 3054121 +
268 63580 70461 + 6 4011695 4018931 -
268 3592 20692 + 4 622080 633176 +
268 31847 50135 + 4 633677 654074 +
268 30781 31832 + 5 4159678 4160693 -
268 81128 85848 + 3 2188039 2192778 +
269 3872 20458 + 1 9226558 9242721 -
269 21716 35536 + 1 9154370 9180171 -
269 36926 59905 + 1 9180486 9203924 +
269 1084 2321 + 4 659625 660849 +
270 748 2615 + 1 9204596 9206549 +
270 9516 20397 + 3 148443 158960 +
270 21015 26747 + 3 160028 166581 -
270 28205 79385 + 3 167559 227443 +
270 82342 88393 + 3 266395 273369 -
271 2940 60493 + 3 2065314 2085985 -
272 1292 2691 + 3 2063867 2065308 -
272 3354 60026 + 1 2998995 3054263 -
273 1063 2665 + 1 2997377 2998978 -
273 3237 37493 + 5 4386287 4419376 +
273 53846 81241 + 5 4423098 4441217 +
273 81911 106811 + 5 4472818 4497259 +
273 41088 47142 + 4 4629136 4635178 -
274 18 2576 + 5 4497323 4499898 +
274 2920 58685 + 1 2882166 2935767 -
275 6160 7521 + 1 4092817 4094175 -
275 21988 57954 + 4 505755 542606 +
276 3213 57761 + 5 2320700 2375806 -
277 158 2352 + 5 2318032 2320234 -
277 2809 57890 + 6 852687 908458 +
278 399 2701 + 6 908892 911186 +
278 48380 57089 + 6 3424121 3433333 -
278 16861 19906 + 2 1094891 1097955 +
278 19972 21934 + 3 715759 717711 +
278 25159 29220 + 5 938770 942894 -
279 35 1974 + 6 3421565 3423492 -
279 2785 57386 + 4 3953852 4009635 +
280 4123 26159 + 7 2709 26959 -
280 40648 61077 + 7 114799 135210 -
280 61684 89196 + 7 157254 185287 +
281 3226 56714 + 1 6641756 6694534 -
282 4900 50541 + 2 4292524 4344587 +
282 50995 56384 + 2 4359685 4365217 +
283 557 2604 + 2 4366013 4368023 +
283 3134 46245 + 7 3454465 3497459 +
283 47014 56060 + 7 2749424 2758477 -
284 155 2473 + 7 2746935 2749362 -
284 4639 40312 + 4 4589544 4625285 +
284 40331 56257 + 4 4660192 4676367 +
285 18785 56990 + 5 3087501 3125845 +
286 3404 51212 + 5 801362 851098 +
286 51288 53101 + 4 4061763 4063612 -
286 53473 55545 + 7 1321019 1322997 +
287 693 2692 + 5 855898 857939 +
287 2904 55411 + 1 2421947 2474572 +
288 333 2672 + 1 2474678 2476996 +
288 2971 48706 + 6 4057713 4105518 -
289 3246 45206 + 1 6506006 6552002 -
290 3076 20971 + 5 1460355 1478821 +
290 44622 58434 + 5 1478868 1493133 +
290 21501 39489 + 1 6434051 6454297 -
291 147 2891 + 5 1493137 1496344 +
291 3354 54615 + 3 4186523 4238817 -
292 202 2846 + 3 4183599 4186248 -
292 3749 54571 + 5 275010 320984 -
293 3219 14953 + 4 1114208 1125385 +
293 15041 54526 + 4 1173479 1212822 +
294 341 2720 + 4 1212867 1215363 +
294 3998 55405 + 1 6604226 6640319 -
295 40256 42579 + 1 3554336 3565867 +
295 2952 7998 + 5 158638 163593 +
295 9176 32335 + 5 106610 130561 -
295 42753 53854 + 5 99148 106305 -
296 4193 35887 + 7 353103 385074 -
296 38099 43012 + 7 320936 325843 -
296 44669 46969 + 7 386519 388614 +
296 48353 56013 + 7 425662 432331 -
297 3173 53483 + 1 2085471 2133045 +
298 3301 53636 + 1 2024147 2074047 -
299 261 2713 + 1 2021806 2024093 -
299 3839 53049 + 3 2089564 2139545 -
300 46 2885 + 3 2086294 2089255 -
300 18747 21126 + 3 936776 939151 -
300 46424 48233 + 3 816161 817975 -
300 22371 31018 + 6 3076599 3088876 -
300 49601 54480 + 2 1311280 1316152 -
300 12728 14668 + 14 9341 11278 -
301 24237 32499 + 7 1271859 1277967 -
301 10265 19557 + 6 1103789 1113575 -
301 35353 50128 + 6 1088738 1103404 -
302 452 2406 + 6 1041489 1043563 +
302 5081 24288 + 7 590780 610323 +
302 24445 52191 + 7 623978 641883 +
303 685 2556 + 7 642462 644461 +
303 3053 52325 + 1 5108332 5159344 -
304 3136 22567 + 7 3709559 3729278 +
304 24454 33145 + 7 3665185 3674207 +
304 34013 51424 + 7 3743238 3760660 -
305 168 2884 + 7 3740550 3743217 -
305 3089 51959 + 5 1936591 1984390 -
306 681 2853 + 5 1934376 1936582 -
306 23367 51686 + 1 3531887 3552469 -
306 10623 16787 + 6 2779843 2791181 -
307 25343 26962 + 4 4658398 4660013 -
307 32351 52563 + 1 9707980 9721284 -
307 3358 22424 + 2 2419999 2439375 -
308 3072 53135 + 4 1311152 1345957 +
308 1339 2626 + 3 4280622 4281926 +
309 3176 16697 + 7 818685 832088 -
309 17237 33422 + 7 794745 810937 -
309 40765 42993 + 1 9492184 9494369 -
310 4049 22409 + 1 5912476 5955194 +
310 23026 50211 + 1 5976892 6004286 +
311 336 2955 + 1 6004325 6006953 +
311 3249 40939 + 1 377887 417443 -
312 955 2867 + 1 368252 369809 -
312 6565 8227 + 6 3796436 3798138 -
312 10032 41841 + 6 3749950 3781604 -
313 13841 25495 + 1 9212498 9224752 +
313 26184 46327 + 1 9265198 9286816 +
313 46752 49600 + 1 9337542 9340261 +
314 23917 25848 + 2 1248836 1251488 -
314 36678 38512 + 4 954319 956142 +
314 15416 19246 + 6 2957515 2960458 -
314 26010 28836 + 6 2911279 2920733 +
315 11706 13221 + 3 379303 380815 +
315 14449 16974 + 2 1360690 1363287 -
316 21134 31215 + 5 6264181 6274492 -
316 31625 48564 + 5 6243551 6261808 +
317 86 1418 + 5 6261915 6263222 +
317 3163 48633 + 1 6867614 6924853 +
318 280 1980 + 1 6925050 6926807 +
318 16486 21342 + 4 1158536 1162007 +
318 27003 34657 + 4 1934415 1942070 -
318 35523 37531 + 4 1879067 1880621 +
318 38022 48717 + 4 1867676 1878425 -
319 815 3171 + 4 1864812 1867184 -
319 3430 48244 + 6 989248 1035026 +
320 156 1556 + 6 1035279 1036721 +
320 11133 47957 + 1 1697739 1735138 -
321 280 3069 + 1 1694268 1697110 -
321 7117 36436 + 5 3572892 3601359 -
322 4627 6336 + 4 4642435 4644144 +
322 20667 22572 + 2 3602117 3604034 -
322 23590 34264 + 6 1299462 1310327 +
322 37836 42068 + 6 355450 359634 -
323 25288 47050 + 2 2439981 2461917 +
323 3505 24859 + 1 1672772 1694139 +
324 85 2735 + 2 2462193 2464881 +
324 3319 47339 + 2 2688917 2733675 +
325 81 3124 + 2 2733708 2736786 +
325 23481 26108 + 5 1039722 1042315 -
326 4750 38325 + 6 1218354 1245946 +
327 3318 47308 + 3 2016547 2061018 +
328 498 3194 + 3 2061035 2063739 +
328 3544 47989 + 2 2255830 2300701 +
329 3953 5971 + 2 1352034 1354061 +
329 10484 47301 + 1 3513352 3531665 -
330 3303 23996 + 1 7385582 7406408 -
331 3412 46697 + 6 2407759 2451841 +
332 13367 47316 + 5 4800234 4815250 +
333 8853 28919 + 1 3955520 3961111 +
333 39611 44563 + 6 2796380 2801377 -
333 3640 6754 + 4 1093314 1096667 +
334 672 3274 + 4 1098876 1101500 +
335 3541 45301 + 5 1891904 1934229 -
336 3515 45004 + 6 2565420 2607152 -
337 79 2626 + 6 2562989 2565384 -
337 24915 26463 + 6 376884 378655 -
337 45897 47210 + 6 3026462 3027831 -
337 47480 48945 + 3 833173 834668 +
337 4727 6250 + 4 1050425 1051433 -
337 29330 42462 + 4 895875 905664 -
337 49234 51434 + 5 1102955 1105159 -
338 3443 29866 + 6 560749 587398 -
338 29890 37007 + 6 549058 556348 -
339 5629 44832 + 1 7140725 7178342 -
340 4375 21613 + 4 3563018 3580519 +
340 32604 36657 + 4 4047885 4059413 -
340 42717 44533 + 4 3580707 3582550 +
340 23476 28337 + 13 2032 6878 -
341 477 2786 + 4 3582903 3585219 +
341 39476 44494 + 5 3602070 3607073 +
342 374 1626 + 5 3607078 3608440 +
342 26805 44176 + 6 2388904 2406802 -
342 12789 18055 + 4 1468505 1473753 -
343 5048 9195 + 1 8471028 8475141 +
343 9950 31175 + 1 8450647 8470887 -
343 32203 63468 + 1 5825899 5867704 -
344 36696 43937 + 1 6495392 6505427 -
344 22746 24867 + 5 952075 954255 -
345 4107 14507 + 1 167536 178307 +
346 82 1994 + 1 186033 187938 +
346 45367 74834 + 7 764406 794337 +
346 6593 41995 + 4 176755 197773 -
347 5356 15068 + 1 1053590 1063286 -
347 32433 40113 + 4 2610204 2615996 +
348 46453 49185 + 3 928896 931634 +
348 49325 53668 + 3 1340068 1344434 +
348 1430 3166 + 1 6423956 6425701 -
348 15035 16966 + 5 1765692 1767619 +
348 17261 20402 + 2 1279638 1286128 -
348 30676 42972 + 7 2420168 2436079 +
349 1543 2900 + 1 3934980 3937751 +
349 13127 16765 + 4 4899646 4903289 +
349 19609 42583 + 4 4858735 4868389 -
350 99 3387 + 4 4855338 4858728 -
350 3914 33600 + 7 644516 678227 +
351 4075 42026 + 6 771650 809479 +
352 464 2609 + 6 810304 812413 +
352 3852 42268 + 4 3602201 3639794 +
353 4976 36573 + 1 6927250 6958030 -
354 4209 42302 + 6 1044062 1064139 +
354 53482 80366 + 3 3121969 3145319 +
355 26 3531 + 3 3145474 3149062 +
355 4054 17038 + 4 3769953 3782862 -
355 17137 41877 + 4 3717765 3743184 -
356 207 3399 + 4 3714042 3717176 -
356 3993 43407 + 7 1969907 2010216 -
357 24867 26499 + 1 3720061 3721702 +
357 26735 30124 + 1 3914876 3918258 +
358 3832 41880 + 4 1942073 1980269 +
359 1298 3509 + 4 1981361 1983593 +
359 3657 41280 + 4 4065168 4103866 -
360 51 1097 + 4 4063752 4064865 -
360 1297 2784 + 4 4029962 4031388 -
361 51 2599 + 4 5705357 5708101 +
361 15533 17573 + 1 5542435 5544558 -
361 4033 7977 + 5 358258 362127 -
361 21154 28196 + 5 351018 358198 -
362 3994 41236 + 3 2974337 3011536 -
363 438 3443 + 3 2962624 2965786 -
363 3700 40169 + 5 4532297 4568924 +
364 786 3365 + 5 4570428 4573005 +
364 8004 39399 + 2 58983 90930 +
365 208 2525 + 2 91942 94247 -
365 3919 39179 + 2 3419668 3455921 +
366 1436 3435 + 2 3458338 3460340 +
366 4041 40696 + 3 2891386 2924687 +
367 486 3530 + 3 2924898 2927937 +
367 34955 37723 + 7 4203623 4206399 +
367 3796 34918 + 5 3353490 3383413 -
368 3672 34231 + 1 9118156 9151208 +
368 36443 40081 + 1 9261186 9264779 -
369 502 2900 + 1 9258521 9260902 -
369 3713 4976 + 7 1072119 1073942 +
370 11667 39495 + 2 1868444 1900212 +
371 7 3072 + 2 1900329 1903389 +
371 13572 15783 + 3 705053 707263 +
372 483 1537 + 5 1112910 1114010 +
372 4503 37884 + 2 579461 613517 -
373 760 2407 + 2 569873 571621 -
373 3773 11542 + 2 528676 536543 +
373 36988 38927 + 2 536621 538564 +
373 11659 14039 + 6 2644424 2646663 +
374 3805 39758 + 1 8527621 8563947 -
374 1008 3325 + 2 540152 542672 +
375 386 3730 + 1 8524112 8527558 -
375 13889 39414 + 2 3978200 4005151 +
376 3771 39766 + 1 979818 1016795 +
377 657 3674 + 1 1016913 1020018 +
377 4508 17277 + 5 467594 480741 +
377 18798 47370 + 5 742149 770748 -
378 4056 39117 + 5 2776483 2810066 -
379 26 3132 + 5 2773318 2776441 -
379 4022 39495 + 1 1170650 1210356 -
380 4108 39189 + 2 2197647 2237745 -
381 610 3791 + 2 2194063 2197255 -
381 4384 38573 + 1 8484429 8520127 +
382 104 3801 + 1 8520359 8524091 +
382 11478 13389 + 1 3921249 3923900 +
382 31600 33059 + 6 2843447 2844904 -
382 33067 36233 + 6 2872275 2875057 +
383 3970 38502 + 3 4144535 4179942 +
384 430 3821 + 3 4180183 4183587 +
384 4559 37747 + 6 733394 767695 +
385 511 2939 + 6 768333 770257 +
385 3979 37818 + 4 3783406 3817116 +
386 404 3342 + 4 3818195 3821085 +
386 4743 32284 + 4 2999976 3015566 -
387 1043 3643 + 4 2988272 2990869 -
387 4349 37666 + 4 5524341 5559702 -
388 61 3018 + 4 5521315 5524297 -
388 24687 28382 + 1 1344742 1348467 -
389 8900 23869 + 4 2321569 2336427 +
389 24349 33320 + 4 2379699 2388619 +
389 33665 52992 + 4 2393278 2411690 +
390 67 3727 + 4 2411944 2415846 +
390 13752 14888 + 4 4986178 4987318 +
390 17723 38035 + 4 4935108 4956944 -
391 908 3891 + 4 4932211 4935086 -
391 4463 37270 + 1 6007599 6036152 +
392 334 3470 + 1 6036268 6039405 +
392 4437 36990 + 1 9105449 9113860 +
393 5348 38201 + 1 7352375 7384771 -
394 2393 3804 + 1 7349693 7351133 -
394 4208 34489 + 3 3587707 3618850 -
395 4185 36295 + 3 2734318 2770065 -
396 25 3543 + 3 2730633 2734238 -
396 32145 37252 + 4 5944148 5947562 -
396 23667 27745 + 1 5394890 5398747 -
397 948 3642 + 4 5941435 5944101 -
397 29410 33616 + 6 2820660 2824859 +
398 3972 36422 + 1 3402775 3429013 +
399 154 3971 + 1 3429278 3433464 +
399 4062 36184 + 4 2064966 2096812 +
400 4985 36329 + 5 2041580 2072546 +
401 5582 13633 + 6 275263 283218 -
401 13743 35644 + 6 246940 269079 -
402 724 3241 + 6 243688 246282 -
402 22698 41087 + 4 2420404 2438638 -
403 103 3732 + 4 2416329 2420243 -
403 4220 10366 + 6 1311810 1317817 +
403 10522 17657 + 6 1321468 1328676 -
403 19342 27004 + 6 398461 406060 +
403 27818 35259 + 6 1207166 1215048 +
405 4328 34999 + 1 3375020 3402501 -
406 148 4029 + 1 3371494 3374970 -
406 27386 57623 + 4 2272618 2298149 +
406 4226 26231 + 5 2085306 2108408 +
407 833 3998 + 4 2298867 2301941 +
407 4433 34839 + 2 2737512 2765272 +
408 9943 28732 + 3 9621 29017 -
409 4611 35670 + 2 3804741 3843852 +
410 1007 3721 + 2 3843878 3846917 +
410 4180 25489 + 2 1366431 1387257 -
410 31190 34237 + 3 5069362 5072400 -
410 28003 29619 + 4 3072123 3073873 -
411 5659 12700 + 3 5089350 5094526 +
411 15498 22711 + 3 5098404 5105864 -
411 22834 33421 + 3 5106901 5117584 +
412 233 3812 + 3 5118779 5122528 +
412 4347 34015 + 6 4130388 4159431 +
413 174 3073 + 6 4159786 4162319 +
413 4248 41829 + 3 4319504 4358155 -
414 807 4068 + 3 4315449 4318706 -
414 4928 33872 + 3 4457226 4487858 -
415 4203 36113 + 1 7627343 7645429 -
416 12693 59724 + 4 2104119 2149792 -
417 1180 4124 + 4 2100358 2103321 -
417 11605 19241 + 1 5872723 5880434 +
417 19285 36292 + 5 493194 503116 +
418 4861 33613 + 1 7659846 7688819 -
419 1814 4050 + 1 7657052 7659164 -
419 24270 26205 + 7 2139606 2141552 +
419 4831 6978 + 5 892128 894326 -
420 4214 52968 + 5 2579965 2649630 -
421 5060 34460 + 7 1913327 1944370 -
422 4212 7812 + 5 3968166 3971876 -
422 8479 9686 + 1 4353995 4355204 -
422 30498 31856 + 4 5973798 5975165 +
423 4224 30192 + 4 588920 615366 +
424 345 2450 + 4 617738 620131 +
424 6161 29635 + 7 4101340 4126430 +
425 1962 4077 + 7 4191827 4193993 -
425 28062 31403 + 7 2310146 2313484 -
426 4386 28916 + 3 4358312 4381331 +
426 28971 31290 + 7 610325 612551 +
427 4646 31105 + 2 2084661 2111074 +
428 314 4092 + 2 2111609 2172803 +
428 4624 12090 + 2 3878339 3888870 +
428 12963 24780 + 2 3937422 3949624 +
428 26290 30738 + 2 3866044 3871512 -
429 179 4270 + 2 3861327 3865391 -
429 21109 22753 + 2 3642102 3643453 -
430 4496 15443 + 4 4995797 5006627 -
430 17123 30967 + 4 4958834 4973125 +
431 382 3517 + 4 4973333 4978265 +
431 4494 31784 + 1 6777590 6805504 +
432 1071 4301 + 1 6805566 6808899 +
432 4350 30692 + 3 2931624 2958032 +
433 541 3520 + 3 2958637 2961626 +
433 4322 17829 + 4 2051482 2064936 -
433 18609 30044 + 4 2006454 2018045 -
434 291 4183 + 4 2001796 2005634 -
434 6021 29646 + 1 1735458 1759198 +
435 351 3867 + 1 1760297 1763955 +
435 5675 30597 + 1 3069542 3095066 -
436 19226 20262 + 1 3596902 3597957 +
436 4420 10641 + 3 4447247 4453586 -
437 14616 16523 + 4 5018425 5020344 +
438 433 3269 + 4 3079329 3082192 +
438 5782 31085 + 6 1270033 1296775 -
439 16527 17709 + 7 138453 139656 -
439 24852 29543 + 7 1354432 1359485 -
440 476 3810 + 7 1350697 1353432 -
440 5680 11179 + 5 343546 350191 +
441 4928 29703 + 1 4410715 4435312 +
442 18 4259 + 1 4435350 4439692 +
442 5341 7874 + 7 1341652 1344184 +
442 22683 28883 + 3 404726 411315 +
442 8760 11034 + 6 2962868 2965141 +
443 207 1768 + 3 412035 413967 +
443 6023 29358 + 2 3951425 3976254 -
444 1897 3815 + 2 3873026 3874906 +
444 5062 29409 + 5 1229617 1247525 -
445 7805 12237 + 1 3746874 3750505 +
445 17873 19167 + 6 2845188 2846488 +
446 5944 28265 + 1 6574637 6596974 +
447 58 4448 + 1 6597339 6602304 +
447 4542 27789 + 6 1672934 1696820 +
448 857 3925 + 6 1698347 1701557 +
448 5949 29293 + 1 1240668 1264338 -
449 5135 23531 + 1 2343887 2362340 +
451 5142 13611 + 3 2881650 2890899 -
452 4571 27447 + 3 2605335 2628572 +
452 2809 4323 + 4 2588742 2590333 +
454 1307 4381 + 4 2310455 2313551 -
454 20996 43247 + 1 3467696 3505351 -
455 240 4531 + 1 3463317 3467486 -
455 4863 27129 + 1 763504 784960 -
456 17633 20115 + 3 4078648 4081246 -
457 8953 26251 + 2 3465698 3484418 -
458 567 4557 + 2 3460542 3464621 -
459 4687 16128 + 2 2057701 2069167 -
460 2918 4548 + 4 694480 696108 -
460 5175 26515 + 7 2936032 2957809 +
461 98 4540 + 7 2957853 2962331 +
461 5605 26038 + 7 3912949 3933773 +
462 204 4589 + 7 3934323 3938599 +
462 5873 26409 + 5 1984557 2007410 -
462 26880 38146 + 2 1053727 1064840 +
463 31902 34858 + 7 2275261 2279176 +
463 5743 17721 + 5 968336 996937 -
463 54344 66288 + 1 7107459 7119291 +
464 523 4168 + 1 7121456 7125113 +
464 6931 24224 + 6 3926314 3942520 -
465 1989 3927 + 6 3921584 3923243 -
465 20887 23104 + 2 3371837 3374034 -
465 4642 20080 + 4 1421367 1436713 -
465 39603 41660 + 4 1414394 1416424 -
466 382 4641 + 4 1402255 1413906 -
466 5689 25784 + 3 650592 670906 +
467 213 4651 + 3 671223 676247 +
468 9450 21979 + 6 415655 429080 +
469 830 2020 + 6 445693 447147 +
469 4682 17451 + 2 1550750 1563999 +
470 5047 26078 + 3 4293864 4315065 -
471 5865 25687 + 4 3374143 3393911 +
472 117 4409 + 4 3393964 3398332 +
472 5293 25629 + 7 1944494 1965256 +
473 192 3468 + 7 1965399 1968753 +
473 6199 11084 + 7 2078874 2092603 -
473 19320 26426 + 5 3985787 3992383 -
474 105 4613 + 5 3981222 3985598 -
474 4838 24958 + 2 543105 563987 +
475 212 2950 + 2 564449 567399 +
475 4818 25227 + 1 7601645 7622320 -
476 28 4248 + 1 7597373 7601616 -
476 4819 24791 + 4 687895 694459 -
477 303 3933 + 4 683564 687370 -
477 5144 24789 + 5 2108820 2127517 +
478 127 4437 + 5 2127682 2132113 +
478 6072 24780 + 2 270686 290230 -
479 3562 4771 + 2 251754 252939 +
479 9734 13986 + 7 259827 264052 +
479 4974 9700 + 3 2861114 2865795 +
479 14503 24553 + 3 2866227 2876373 +
480 757 4648 + 3 2877285 2881156 +
481 5088 17327 + 6 497327 501477 +
481 18799 24818 + 6 506671 512781 +
482 172 4781 + 6 512826 517493 +
482 4845 20715 + 6 812710 828534 -
482 21056 25435 + 6 844022 848593 +
483 12131 14748 + 1 3660827 3663944 -
484 6603 17817 + 1 877772 888969 +
485 4938 11394 + 7 2758577 2765093 -
485 12094 23538 + 7 3498776 3510493 +
486 199 4644 + 7 3511640 3516320 +
486 15008 25102 + 4 826469 849222 +
487 919 4851 + 4 849525 853614 +
487 4913 12757 + 3 4282140 4289779 -
487 13477 24458 + 3 4243983 4255163 -
488 553 4796 + 3 4239153 4243428 -
488 5034 24566 + 2 2624782 2644499 -
489 272 4871 + 2 2620030 2624716 -
490 5219 23961 + 6 2367301 2386079 -
490 1441 4616 + 1 4670867 4673762 +
491 1560 4607 + 6 2363062 2366138 -
492 431 4901 + 1 7999721 8004243 -
492 5181 26185 + 1 2856967 2877480 +
493 2628 4740 + 1 2877606 2879706 +
493 11756 14816 + 1 3827601 3830676 -
493 7921 9370 + 2 1272606 1274069 -
495 44 4931 + 3 3097513 3102207 +
496 5689 23228 + 6 286459 304162 +
497 299 4373 + 6 304516 308940 +
497 5049 20522 + 6 4105592 4122158 +
498 91 4017 + 6 4125596 4129679 +
498 5488 22811 + 1 793659 813263 -
499 2813 4620 + 1 788699 790534 -
499 5644 15076 + 7 1028058 1036848 -
499 15659 23306 + 7 999282 1007147 -
500 313 4899 + 7 994853 999222 -
500 5203 30628 + 2 355432 381046 +
501 876 3682 + 2 382279 385001 +
502 18547 22730 + 5 1108156 1112445 -
503 12624 23018 + 7 2702227 2712954 -
504 1177 4929 + 7 2698068 2701878 -
505 5042 22783 + 3 3102210 3119977 +
506 8558 21947 + 5 2375893 2388788 +
507 423 4611 + 5 2389184 2393510 +
507 5811 21683 + 4 665802 682279 -
508 13 4547 + 4 661097 665561 -
508 12018 21772 + 1 634170 643762 -
509 5082 21842 + 4 5719247 5736782 -
510 5603 21965 + 1 9683380 9697502 -
511 658 3532 + 1 9680425 9683300 -
511 5415 22958 + 5 2738288 2754568 -
512 29053 30643 + 2 259699 261154 -
512 38063 39583 + 2 258051 259592 -
512 34491 37985 + 7 814610 818221 +
513 271 5091 + 2 252961 258032 -
513 6287 20897 + 1 547896 562714 +
514 410 4297 + 1 563471 567411 +
514 7326 9643 + 2 1338165 1340450 +
515 6349 21186 + 3 3624066 3638861 -
516 238 5059 + 3 3619032 3623870 -
517 5364 20696 + 2 2173058 2188828 +
518 63 5051 + 2 2189082 2194038 +
518 5440 22463 + 7 3172046 3189321 +
519 1949 5171 + 7 3189353 3192615 +
519 5412 35236 + 7 1700269 1731211 +
520 5644 20304 + 4 555943 570968 -
521 5237 7731 + 3 4137058 4139537 +
522 25 4256 + 3 4139576 4143906 +
523 997 4338 + 2 3696247 3699723 +
523 10669 20306 + 1 511972 521470 +
524 757 5167 + 1 521818 526257 +
524 8002 13283 + 4 2370578 2375846 +
525 5715 19572 + 5 4500571 4527015 +
526 92 5216 + 5 4527036 4532228 +
526 5256 20203 + 2 3489405 3514170 -
527 840 4603 + 2 3485680 3489353 -
527 5265 8500 + 3 560504 563858 +
527 8618 13076 + 3 568164 572888 +
527 15347 19486 + 3 552312 556443 -
528 5599 18439 + 7 1359599 1374944 +
529 420 4913 + 7 1376009 1380637 +
530 1304 3373 + 3 5073571 5075697 +
530 5550 18552 + 7 2684734 2697943 -
531 5464 17916 + 5 2138731 2151695 -
531 166 4590 + 7 2680059 2684239 -
532 49 5156 + 5 2132336 2137709 -
532 7641 12887 + 6 3801074 3806243 +
532 13552 19227 + 6 3823139 3827697 -
533 730 5196 + 6 3818290 3822837 -
533 9575 12413 + 7 2323541 2326390 -
533 5842 7621 + 3 923669 925420 -
534 5333 13781 + 7 3675022 3709511 -
534 14260 19093 + 7 3655562 3660710 -
535 389 5331 + 7 3650365 3655560 -
535 5604 14429 + 4 571552 580192 +
536 1612 5239 + 4 584659 588785 +
536 5571 18549 + 5 2759566 2772580 -
537 336 4731 + 5 2754707 2759192 -
538 7040 18061 + 5 1403805 1414607 -
539 10683 22647 + 4 312685 324832 +
540 440 1651 + 4 326785 328053 +
540 5523 15884 + 6 3807263 3817982 -
542 156 4233 + 3 418495 422605 -
542 13132 23708 + 7 193146 203607 +
543 720 5399 + 7 204320 208516 +
543 12501 18608 + 3 3579520 3587324 -
544 16502 17864 + 7 2292476 2293837 -
545 5442 17185 + 4 1989831 2001752 -
546 11731 17310 + 1 361502 367516 -
546 177 5167 + 4 1984370 1989647 -
547 206 5210 + 1 356465 361489 -
547 5992 17318 + 1 2783755 2795065 -
548 318 4771 + 1 2779274 2783750 -
548 5573 16758 + 2 403776 416296 +
549 531 5471 + 2 417142 423703 +
550 6859 16975 + 1 964227 974303 +
551 5616 16612 + 4 5438002 5449216 -
552 230 5382 + 4 5432098 5437661 -
552 5633 16572 + 1 568407 580239 +
553 100 4400 + 1 580271 584630 +
554 6137 16377 + 1 3568032 3578523 -
555 6061 16247 + 1 1210753 1231899 +
556 58 4564 + 1 1231965 1236542 +
557 6819 15956 + 4 1296349 1305503 +
558 7008 15814 + 1 9758990 9767292 -
559 1248 4970 + 1 9701348 9705165 -
560 5594 15624 + 2 1037477 1047576 +
561 36 5410 + 2 1047982 1053303 +
561 7440 10386 + 1 6976581 6979593 -
562 5786 21523 + 1 1914145 1929612 +
563 179 5449 + 1 1929811 1931706 +
563 5788 15847 + 4 3821095 3831148 +
564 5833 16744 + 4 1845522 1864568 -
565 1819 4353 + 4 1842684 1845226 -
565 5803 13540 + 2 3752202 3760032 +
566 5675 17388 + 1 4674044 4685803 +
567 5939 16291 + 2 3685814 3696017 +
568 5715 16908 + 3 1593791 1605243 -
569 1983 5529 + 3 1589914 1593621 -
570 1495 4830 + 7 1435278 1438657 -
575 1581 3375 + 2 4348980 4350783 -
575 10880 13744 + 1 3752609 3755499 +
576 12664 14649 + 6 1064570 1066917 +
577 166 2782 + 6 1067060 1069672 +
577 3090 4335 + 6 1037039 1038266 -
578 6473 14778 + 5 322554 331062 +
579 90 4488 + 5 331233 335581 +
580 5866 10779 + 2 3922882 3928074 -
580 12969 14315 + 1 3511010 3512346 -
581 75 5568 + 1 3505533 3510985 -
581 5873 14230 + 2 2069359 2078687 +
582 206 5588 + 2 2078902 2084183 +
582 5995 14120 + 4 2677989 2686697 +
583 981 4454 + 4 2687582 2691655 +
585 5844 14530 + 1 1931863 1939418 +
586 205 5677 + 1 1939601 1944642 +
586 6001 14266 + 1 7645481 7653752 +
587 804 3489 + 1 7654257 7656932 +
587 6415 13778 + 3 2848617 2856028 +
587 3966 5838 + 7 3246128 3248057 -
588 5912 14289 + 4 1215493 1223913 +
588 78 4273 + 3 2856266 2860467 +
589 21 4692 + 4 1224071 1228703 +
589 6071 17248 + 1 3444783 3455775 -
590 240 5881 + 1 3434290 3444767 -
590 6689 13243 + 2 3848507 3854392 +
591 586 5760 + 2 3855834 3861203 +
591 5985 13616 + 3 516792 524883 +
592 213 5849 + 3 525022 531062 +
593 5958 12866 + 3 2720983 2727861 -
594 777 5579 + 3 2714331 2719546 -
594 6368 14377 + 6 828865 836879 +
595 991 4116 + 6 836921 840024 +
595 5976 15212 + 3 2268472 2277510 -
596 1791 5542 + 3 2263718 2268470 -
597 392 3526 + 5 339997 343346 +
597 5995 12433 + 5 539481 546187 +
598 350 5817 + 5 547159 553414 +
598 6425 15292 + 5 3387264 3395721 -
600 7451 12735 + 1 9246010 9251421 +
601 46 5707 + 1 9251533 9257290 +
601 6256 12940 + 2 3796817 3803766 -
602 522 4089 + 2 3792955 3796505 -
602 6043 12964 + 1 7130753 7137935 -
603 6022 13771 + 6 3595621 3603294 -
604 1296 5004 + 6 3591994 3595619 -
604 6287 12234 + 4 3398893 3404920 +
605 362 5051 + 4 3405242 3409943 +
605 6798 24826 + 1 6552346 6570057 +
606 6478 11651 + 4 859726 864730 -
607 6191 12437 + 4 5012281 5016736 -
608 546 5933 + 4 5006680 5012261 -
608 7154 11746 + 5 4579048 4583671 -
609 128 5807 + 5 4573124 4578853 -
609 6175 11944 + 2 2308412 2314280 -
610 269 5491 + 2 2302948 2308271 -
611 1347 5540 + 3 4440404 4444638 +
611 7757 11212 + 6 3910790 3914246 +
612 392 4736 + 6 3915114 3919398 +
613 6727 11300 + 6 3945296 3949342 +
614 353 4495 + 6 3949774 3953961 +
615 222 3871 + 1 3694499 3698142 -
615 6169 12185 + 1 2477223 2483221 +
616 1266 5366 + 1 2483817 2487548 +
618 1194 3012 + 7 1048964 1050782 -
618 6323 12996 + 8 145750 160362 +
619 571 2061 + 20 192 1685 +
619 7008 11381 + 7 3241149 3245490 -
620 339 5437 + 7 3235483 3241134 -
620 7468 11354 + 3 37663 41591 +
621 6381 11106 + 1 2074506 2079404 +
622 254 6178 + 1 2079461 2085391 +
622 6381 11412 + 2 2244967 2250133 +
624 6767 9574 + 4 950161 952977 -
625 6384 10573 + 7 2675083 2679333 -
625 4559 5686 + 3 884060 885223 -
626 1253 5928 + 7 2669070 2674004 -
626 6345 11108 + 1 2488432 2493257 +
627 1403 6249 + 1 2493672 2497694 +
627 6638 10081 + 3 2006738 2010118 +
628 207 6196 + 3 2010376 2016464 +
628 7084 11084 + 1 6195588 6202439 -
629 1042 6233 + 1 6190320 6195523 -
629 6282 11324 + 4 3643097 3648349 +
630 1330 6086 + 4 3648409 3651513 +
630 7355 9946 + 1 8951047 8953742 +
631 8 5895 + 1 8953815 8959733 +
631 6382 20955 + 1 1944670 1961205 +
632 1054 5013 + 1 1961248 1965147 +
632 6312 9830 + 3 3570935 3574490 -
633 139 5912 + 3 3564945 3570733 -
633 6425 9212 + 3 531096 534081 +
634 423 4804 + 3 535050 538822 +
635 24 4575 + 4 475035 479771 +
635 6605 10125 + 3 1769294 1772853 +
636 458 4425 + 3 1772904 1776916 +
637 6579 9800 + 5 2081925 2085063 -
638 189 6358 + 5 2075856 2081887 -
638 7228 14102 + 4 2593008 2599888 -
639 4015 6255 + 4 2590534 2592924 -
639 6966 9703 + 7 1387672 1390445 -
640 567 6248 + 7 1381157 1387458 -
641 811 6338 + 5 3971889 3977408 -
641 7466 9322 + 2 3573494 3575420 -
642 315 6068 + 2 3567734 3573285 -
642 7092 9983 + 1 4694933 4697841 -
643 893 6319 + 1 4689415 4694829 -
643 6571 8670 + 1 5215369 5217455 -
644 365 6084 + 1 5209418 5215110 -
646 262 5721 + 1 3456572 3462022 -
647 2100 5300 + 3 1256405 1259451 -
648 120 4715 + 4 1103391 1107393 +
648 4786 5929 + 4 1111798 1112987 +
649 7050 8755 + 7 1736264 1737848 +
650 313 6369 + 7 1738042 1743268 +
651 6898 8184 + 4 5560534 5561967 +
652 595 5902 + 4 5563142 5568647 +
653 3783 5702 + 6 1843623 1845578 -
654 910 6227 + 4 548220 551625 +
655 621 6138 + 2 3411568 3417203 -
659 6680 7790 + 1 1583239 1584386 +
660 92 6080 + 1 1584688 1590362 +
661 2 6385 + 1 5160693 5167109 +
666 1492 5842 + 4 5570641 5575174 +
669 1119 5446 + 5 1418214 1422625 -
669 9262 10763 + 2 521159 522471 +
670 164 6501 + 2 522665 528561 +
671 338 5992 + 1 7180061 7185706 -
672 430 6252 + 4 2302441 2308234 +
673 110 6657 + 6 3833443 3840039 -
674 205 2748 + 2 397571 403510 -
675 687 6470 + 3 540395 546362 +
677 3892 6343 + 5 797926 800383 +
678 419 6761 + 5 3792457 3798812 -
679 3315 6148 + 2 3619001 3621861 +
680 514 6616 + 3 4433493 4439722 -
681 705 5140 + 4 5708608 5712966 +
683 2241 4969 + 4 715358 718455 +
684 1388 6093 + 4 2149805 2154502 -
686 1195 5777 + 2 2239596 2244771 -
688 2257 5463 + 1 8714442 8717649 -
689 2804 5526 + 5 94584 97409 -
690 57 1256 + 5 93319 94509 -
691 1474 6813 + 1 2416504 2421879 -
693 3272 5449 + 5 1070444 1072605 +
697 1902 5483 + 4 169257 173042 +
698 1960 6961 + 1 417731 422687 +
701 2001 5181 + 4 3587752 3591007 -
702 457 2009 + 4 3585883 3587492 -
704 281 2176 + 6 375038 376786 +
704 2345 4404 + 6 2357897 2359967 +
705 139 2161 + 6 2360879 2362833 +
720 3155 6910 + 7 1121040 1124855 +
724 7 2990 + 4 5792842 5795894 -
733 219 3416 + 3 1779037 1782435 -
733 3749 6753 + 4 2674164 2677209 +
734 3441 6585 + 1 785163 788335 +
735 745 2595 + 3 4530382 4532120 -
737 279 3745 + 3 2928074 2931423 +
740 1002 3203 + 1 7623229 7625320 -
745 2359 3991 + 7 2667123 2668775 -
751 1626 2834 + 1 3253449 3254695 -
752 45 1617 + 1 3251719 3253301 -
754 308 1785 + 3 2727918 2729436 -
765 113 1553 + 4 1400807 1402253 +
767 808 1850 + 3 2604127 2605161 +
767 2000 3771 + 3 4430954 4432995 -
769 138 1640 + 1 1358537 1360109 -
774 712 2516 + 2 3928180 3930000 +
