1 1515 44555 + 2 130184 160920 +
1 45568 62873 + 2 105929 123020 +
1 91297 178307 + 2 16547 103905 -
1 193414 466958 + 2 161957 377259 +
1 467672 478200 + 2 378755 389770 -
1 479655 488713 + 2 390591 399408 -
1 491920 588604 + 2 402026 494756 +
1 594107 643399 + 2 500470 551316 -
1 644292 667775 + 2 553527 592963 +
1 698988 872310 + 2 596949 768378 +
1 925085 1219286 + 2 768673 1050334 +
1 1229630 3531318 + 2 1050458 3245832 +
1 3898343 3901692 + 9 1515158 1518504 +
1 4098755 4110580 + 39 12619 24372 +
1 4111816 4116749 + 39 37075 41997 +
1 670258 672053 + 18 109113 110924 -
1 3823904 3825416 + 18 94438 95952 +
1 4071224 4072445 + 27 9966 11185 -
1 3708685 3713231 + 83 11744 16889 +
1 6421514 6423600 + 38 5023 7097 +
1 3949796 3952024 + 3 3055891 3058043 +
1 9733437 9736334 + 3 1435092 1438012 -
1 4117484 4129370 + 47 11807 23459 +
1 8265588 8266921 + 16 686207 687521 -
1 8279192 8293173 + 16 386310 398674 -
1 9791272 9793115 + 1 20726 22296 +
1 4129742 4235561 + 7 1934705 2014294 -
1 4235853 4314055 + 7 1840685 1919497 -
1 4334061 4531331 + 7 1660870 1840334 -
1 4581628 4669686 + 7 1532428 1618697 -
1 4669973 5072842 + 7 1131870 1522888 -
1 5073123 5082589 + 7 1122390 1127239 -
1 5082970 5084710 + 7 1111958 1113726 -
1 5085246 5481054 + 7 734613 1105787 -
1 5499332 5530031 + 7 702518 733702 -
1 5545294 5734593 + 7 508584 702471 -
1 5742507 5749291 + 7 6956 13854 -
1 5773140 5867718 + 7 428680 508186 -
1 7751077 8132596 + 7 14256 400767 +
1 8457427 8470887 + 7 407699 421180 -
1 8471026 8475267 + 7 403414 407430 +
1 8475951 8477230 + 7 401100 402356 -
1 5869135 6347084 + 4 1365475 1755105 +
1 6347407 6377460 + 4 1768211 1797186 +
1 6378296 6383341 + 4 1808230 1813304 +
1 6459131 6520953 + 4 1815839 1871043 +
1 6529158 7750805 + 4 1871824 3046722 +
1 8133824 8226994 + 4 1088631 1185789 +
1 8267177 8279145 + 4 1186696 1198598 +
1 8293270 8450520 + 4 1198789 1363241 +
1 8477647 8935631 + 4 660534 1087816 -
1 8939688 9010219 + 4 492343 555213 +
1 9013851 9030628 + 4 557578 574315 -
1 9031637 9114046 + 4 575616 657586 +
1 9114462 9151208 + 4 456509 491526 -
1 9153995 9163356 + 4 401820 411213 +
1 9175878 9180134 + 4 412282 416327 +
1 9180428 9224637 + 4 352037 400928 -
1 9226558 9264830 + 4 417468 454746 +
1 9265486 9354922 + 4 310426 351051 -
1 9356263 9378690 + 4 289526 309813 +
1 9379734 9392068 + 4 278424 288496 -
1 9392628 9424322 + 4 247829 277632 +
1 9425357 9461108 + 4 211144 246298 -
1 9463950 9647964 + 4 61520 206221 +
1 9650241 9705551 + 4 10311 60948 -
1 9759101 9767081 + 4 1108 9131 -
1 5767789 5769381 + 10 486278 487822 +
1 5736549 5740561 + 8 1748573 1752574 +
1 6522786 6528096 + 8 1419601 1424932 +
1 4092408 4094421 + 13 31546 33473 +
1 5484045 5490199 + 13 779149 783706 -
1 3765809 3771900 + 5 87929 95641 +
1 3701323 3706160 + 17 31876 36641 +
1 3916456 3917961 + 17 4421 6077 -
1 64920 69750 + 68 5614 10355 +
1 3694514 3701318 + 30 1307 8189 +
1 3726270 3728589 + 30 78579 80903 -
1 80474 85487 + 95 7075 12034 +
1 3940369 3941980 + 44 40506 42600 +
1 9167867 9172035 + 44 26819 30961 +
1 3788995 3791270 + 14 283883 285875 +
1 4533349 4542362 + 15 312147 320442 -
1 8252213 8254146 + 33 1987 3885 -
1 3850441 3853164 + 75 16756 19416 +
1 5543285 5544561 + 75 13916 15231 -
1 3987081 4004671 + 28 61509 79333 +
1 3761212 3763638 + 65 17294 19596 -
1 3537727 3578632 + 24 104411 132294 -
1 3580685 3585637 + 24 86184 91159 -
1 3586589 3595366 + 24 59700 72326 -
1 3638570 3640409 + 24 51395 53239 -
1 3664479 3679800 + 24 16126 31983 -
1 6448838 6451578 + 24 136172 138841 -
1 4332261 4333698 + 25 892 2329 -
1 3646369 3648146 + 49 36074 38019 +
1 6426523 6427919 + 118 5746 7083 -
1 6403053 6407502 + 22 293 4748 -
1 673077 680099 + 26 76614 83754 +
1 889035 894791 + 26 103227 108997 +
1 5533593 5538379 + 26 22006 28226 -
1 3531922 3536773 + 36 8544 13392 +
1 5750489 5756397 + 105 4016 10060 +
1 1221531 1227007 + 134 2594 8138 -
1 3806336 3807944 + 37 52048 53617 +
1 8255208 8260832 + 45 34367 39976 -
1 6434581 6441352 + 43 10819 17498 +
1 3630538 3634158 + 99 2659 6291 -
1 4040426 4043135 + 61 4738 7448 -
1 3730625 3734625 + 29 36640 71388 +
1 3609158 3615582 + 90 10182 15562 -
1 3686230 3687515 + 50 4628 5798 -
1 4058786 4062526 + 128 1882 5559 -
2 876084 882905 + 14 217556 224043 -
2 1094834 1097990 + 14 279202 282353 +
2 1244894 1250635 + 1 1942222 1946107 +
2 1200167 1202329 + 5 788594 790652 +
2 1186106 1187193 + 7 1129493 1130579 -
2 4345457 4358756 + 7 1926111 1933185 +
2 684846 688231 + 9 1500211 1503551 -
2 2644320 2902618 + 10 1093898 1346728 -
2 2921211 3366458 + 10 673033 1093770 -
2 3387674 3579494 + 10 490923 672922 -
2 3581158 3602050 + 10 457214 477689 -
2 3712660 3718165 + 10 451530 457116 -
2 3723558 3736275 + 10 435600 450683 +
2 3738178 3777395 + 10 395251 434160 -
2 3777596 3870716 + 10 202524 283531 +
2 3872999 3949617 + 10 285271 311920 -
2 3950900 4036673 + 10 313074 394141 +
2 4037600 4044356 + 10 196461 202129 -
2 4048234 4050852 + 10 181190 183790 +
2 4053679 4064511 + 10 185090 194919 -
2 4065190 4083214 + 10 160803 179047 +
2 4085836 4097167 + 10 146769 157352 -
2 4123368 4151915 + 10 108569 129407 -
2 4164764 4167309 + 10 100015 103560 +
2 4170272 4171547 + 10 97175 98518 -
2 4176655 4212633 + 10 61668 94327 +
2 4213803 4295073 + 10 4513 60142 -
2 2907475 2910186 + 18 97437 100148 +
2 4298525 4344587 + 23 114430 161916 -
2 4359860 4444829 + 23 29358 113830 -
2 4445514 4446528 + 23 23379 24595 +
2 4451680 4470533 + 23 546 23030 -
2 1207075 1210162 + 15 794915 799270 -
2 2165354 2168000 + 58 10194 13017 -
2 8919 32654 + 22 151319 172098 +
2 33933 69265 + 22 119822 147054 -
2 75654 108531 + 22 70501 103332 +
2 150115 166454 + 22 104986 119377 +
2 172442 230713 + 22 8754 69195 -
2 1251305 1253062 + 3 1280334 1281710 +
2 1374141 1453923 + 11 1100562 1169587 -
2 1464570 2113393 + 11 488660 1082872 -
2 2170923 2640492 + 11 23991 488405 -
2 2641223 2644160 + 11 5538 8469 -
2 231224 313890 + 16 605784 685576 -
2 315632 334838 + 16 579263 601881 +
2 337641 530903 + 16 399331 574416 -
2 531862 684030 + 16 254036 386188 -
2 689319 752557 + 16 184106 252355 -
2 755367 813086 + 16 117098 182909 +
2 813310 874140 + 16 61797 115891 -
2 883007 937419 + 16 8931 61586 -
2 1295382 1296593 + 24 139241 140451 -
2 111890 115291 + 158 1644 5052 -
2 3690842 3694878 + 87 1331 5360 +
2 140883 142002 + 64 3006 4116 +
2 937733 1092732 + 21 39427 180887 -
2 4154542 4158376 + 21 9554 13282 +
2 1301801 1309804 + 20 257057 267750 +
2 1155087 1157077 + 34 6110 8098 +
2 1122781 1125922 + 28 30245 31376 +
2 1340504 1342070 + 40 33870 35441 -
2 1312197 1314214 + 72 9902 11920 +
2 1106772 1107957 + 132 6601 7783 -
2 3624272 3626033 + 82 11016 12763 +
2 1223805 1229444 + 112 5603 9666 -
2 1235157 1236588 + 55 17886 19307 +
2 2910204 2913335 + 55 11605 14739 +
2 3656013 3657311 + 169 374 1671 +
2 1168201 1171061 + 88 7326 10122 +
2 1343758 1346468 + 29 79380 82008 -
2 1325208 1326340 + 52 3785 4929 -
2 1366431 1372824 + 60 6368 20197 -
2 3372790 3374141 + 60 21162 22515 -
2 3686365 3690358 + 98 8693 12556 +
3 4835830 4840364 + 2 3253293 3257813 +
3 2821384 2833314 + 8 1730790 1734080 -
3 1047530 1053707 + 14 533464 539659 -
3 2185337 2192782 + 14 81552 88718 -
3 788978 795814 + 4 1758989 1762101 -
3 783910 785825 + 3 1413837 1415689 +
3 4825316 4826809 + 18 390187 391667 -
3 4861394 4878072 + 18 374886 388192 -
3 4880534 4887720 + 18 364818 373051 +
3 4889011 4960743 + 18 290680 362326 +
3 4961799 4970195 + 18 281646 289691 -
3 4971826 4975251 + 18 278310 281536 +
3 4975719 4979102 + 18 272848 276304 -
3 4995963 5013727 + 18 250609 269669 +
3 5019418 5059279 + 18 204317 243505 -
3 5089819 5129253 + 18 52254 88080 +
3 5130139 5141380 + 18 117294 128330 -
3 5141616 5146466 + 18 89408 94286 -
3 5147608 5183070 + 18 130370 165066 -
3 5185040 5206340 + 18 165762 185622 +
3 5215829 5249935 + 18 17272 49511 -
3 5256039 5273305 + 18 172 16879 +
3 836204 840606 + 30 19657 23995 -
3 701022 703882 + 32 33010 39628 +
3 915531 925608 + 32 44656 48452 -
3 13291 95997 + 31 6717 76415 -
3 1622340 1651508 + 5 2929270 2954602 -
3 1749754 1813730 + 5 2817191 2879999 -
3 1817307 2175952 + 5 2457163 2815815 -
3 2236999 2423859 + 5 2262592 2442200 -
3 2444833 2821364 + 5 1878994 2262346 -
3 2833523 2906328 + 5 1815519 1878762 -
3 2906993 3188418 + 5 1539502 1809304 -
3 3189286 3209567 + 5 1519074 1538367 +
3 3210187 3955440 + 5 791129 1518316 -
3 3956736 4576052 + 5 205005 778324 -
3 4597488 4622199 + 5 179331 204481 +
3 4622435 4660828 + 5 143983 177063 -
3 4663852 4673298 + 5 77044 86470 +
3 4677367 4687223 + 5 97315 104541 -
3 4688073 4723810 + 5 106465 141283 +
3 4724188 4811054 + 5 17577 75514 -
3 967751 1041576 + 20 11213 84514 +
3 1063468 1233276 + 20 85267 254236 +
3 1730630 1733753 + 10 1349899 1352884 -
3 1814732 1815778 + 9 982794 983833 +
3 5067320 5075414 + 7 1523393 1531511 +
3 319771 326755 + 6 2294780 2301820 -
3 2435190 2437747 + 70 20418 22052 -
3 1745872 1747385 + 58 902 2355 -
3 480060 485484 + 100 7374 12806 -
3 2433032 2434944 + 100 5117 6996 -
3 375644 379228 + 114 1440 2720 +
3 898388 901581 + 147 3245 6351 +
3 1234368 1546729 + 19 6098 279039 +
3 1548568 1553837 + 19 280510 285713 -
3 1554914 1622205 + 19 291431 357471 +
3 96688 158324 + 17 441799 487118 -
3 160028 163416 + 17 434816 438212 +
3 164408 166582 + 17 438606 441241 -
3 169804 227443 + 17 382018 433299 -
3 228101 270910 + 17 338957 378090 +
3 274555 282826 + 17 329780 338008 -
3 283037 287395 + 17 317738 321960 +
3 296717 299816 + 17 315417 317073 -
3 330193 344163 + 17 300152 314005 -
3 384089 474080 + 17 226596 294494 -
3 486516 527715 + 17 189359 225912 -
3 528682 532216 + 17 185466 188904 +
3 533821 556443 + 17 157934 184049 -
3 559438 572859 + 17 147857 155966 +
3 575858 682437 + 17 37898 144850 -
3 892733 894141 + 37 56412 57818 -
3 359407 360962 + 43 3960 5510 -
3 809152 811067 + 25 98299 100347 +
3 849396 852344 + 25 92699 97295 +
3 946758 948887 + 71 4322 6451 -
3 964495 967083 + 75 7784 12059 +
3 845908 848489 + 125 2357 4925 -
4 1253 85070 + 15 286 75452 +
4 85811 102751 + 15 79164 93369 -
4 103798 197792 + 15 93693 157723 +
4 201500 205526 + 15 280886 285265 -
4 211672 250734 + 15 231006 275859 +
4 257418 324145 + 15 163485 226063 +
4 329734 350464 + 15 286117 306051 +
4 360947 363375 + 15 323953 326480 +
4 380911 394737 + 15 328552 338701 +
4 396657 408252 + 15 339910 350704 -
4 415570 695935 + 15 359616 615732 +
4 698688 720760 + 15 617273 644437 -
4 725432 726814 + 15 648106 649435 -
4 738173 743942 + 15 653902 660191 +
4 745182 759147 + 15 662889 676527 -
4 762430 829193 + 15 678680 743330 +
4 842744 873824 + 15 744208 776327 +
4 1474696 1475759 + 15 801537 802583 -
4 4058321 4061431 + 16 691477 694465 -
4 947585 949068 + 1 59370 60617 +
4 364873 366567 + 4 1798305 1800001 +
4 838908 842384 + 11 1092732 1100278 +
4 1138966 1146310 + 11 10067 21223 -
4 4622907 4624571 + 12 1089694 1091372 -
4 4660192 4850502 + 12 901742 1088981 -
4 4852171 4868255 + 12 883796 900127 +
4 4874325 4876011 + 12 881408 883111 -
4 4878152 4903274 + 12 855858 880391 +
4 4904389 4956855 + 12 802996 853636 -
4 4959781 4987260 + 12 775933 800345 +
4 4995718 5167649 + 12 640431 773336 -
4 5169125 5195319 + 12 613838 639062 +
4 5196358 5203891 + 12 606158 613444 -
4 5250262 5307676 + 12 547126 603118 -
4 5332270 5847187 + 12 49561 546187 -
4 5848577 5849969 + 12 44278 45596 +
4 5867642 5913730 + 12 16323 43358 -
4 5939175 5946968 + 12 3055 14640 -
4 1065554 1072425 + 5 781861 788577 -
4 3065843 3068996 + 17 14079 17208 +
4 1088094 1092047 + 3 3073287 3077688 -
4 1098876 1125385 + 3 3028129 3053648 -
4 1173802 1392656 + 3 2814609 3027684 -
4 1393213 1442768 + 3 2765102 2800972 +
4 1443972 1452437 + 3 1419550 1428038 +
4 1486551 1498692 + 3 2803402 2814003 +
4 1499942 1878595 + 3 2410280 2764096 -
4 1934565 2017910 + 3 2323367 2407229 -
4 2051482 2336427 + 3 2039578 2322467 -
4 2379699 2716967 + 3 1735275 2039112 -
4 2737695 3039537 + 3 1438453 1728414 -
4 3040139 3050503 + 3 1402477 1412973 -
4 3083342 3203479 + 3 1281861 1401149 -
4 3204458 4031388 + 3 490065 1273812 -
4 4063833 4202142 + 3 355091 489782 -
4 4204556 4250053 + 3 316624 348961 -
4 4301833 4324217 + 3 295812 316098 -
4 4325379 4327137 + 3 293693 295512 +
4 4329445 4622166 + 3 14619 290588 -
4 5228156 5231884 + 3 4459 8113 -
4 5233058 5236848 + 10 1353855 1357658 +
4 5982391 5985187 + 10 483477 486276 -
4 1461969 1463548 + 45 3795 5352 -
4 4266885 4268601 + 45 8881 11022 +
4 5240018 5246769 + 58 2728 9603 +
4 5326467 5329130 + 75 2099 4831 +
4 918381 919915 + 26 29562 31019 +
4 4629280 4637312 + 26 3628 11494 -
4 887608 893385 + 64 12985 18756 +
4 5314910 5318662 + 64 5032 8792 -
4 2362509 2364813 + 34 50664 52992 +
4 5963439 5964990 + 42 48513 50025 -
4 5918710 5923001 + 39 48872 53221 +
4 2734659 2735813 + 40 11367 12496 -
4 1918826 1919952 + 24 77129 78253 -
4 2368533 2375367 + 24 94488 101254 -
4 880624 883252 + 28 891 3395 +
4 1078496 1083507 + 28 47824 52822 +
4 1887358 1889447 + 32 12220 14306 +
4 1136184 1137453 + 56 10248 11462 +
4 4271340 4274854 + 44 4201 7715 +
4 1468425 1474661 + 51 6875 13086 +
4 1915560 1917957 + 51 14571 16949 -
4 2719438 2725517 + 101 5436 11483 -
4 2351490 2358818 + 81 4086 11279 +
4 5992466 5995461 + 52 609 3533 -
4 886184 887524 + 130 3791 5085 -
4 1465227 1466797 + 62 727 2287 -
4 2019772 2026776 + 38 50298 57374 -
4 4033908 4048970 + 88 883 3193 -
4 911513 913328 + 141 3767 5590 -
4 2730783 2734022 + 80 1194 4437 +
4 984205 985387 + 89 1812 2968 -
4 5959718 5962416 + 59 591 3307 +
4 5969060 5970590 + 142 1545 3036 -
5 18966 51468 + 14 47890 79858 +
5 52215 130333 + 14 88898 166469 +
5 132593 163593 + 14 168094 198091 -
5 166660 200666 + 14 202495 217009 +
5 202086 238020 + 14 237311 274622 +
5 238044 242796 + 14 290910 295522 +
5 243333 245039 + 14 472011 473792 +
5 249889 416181 + 14 296315 446241 -
5 418328 437214 + 14 451606 470573 -
5 438643 451556 + 14 549535 562353 -
5 453099 480299 + 14 499857 527075 -
5 732124 745896 + 14 577953 593021 +
5 748357 770773 + 14 475374 497697 +
5 998005 999328 + 14 927172 928801 +
5 1218600 1382775 + 14 768708 926629 -
5 2976949 2989443 + 14 595134 609659 -
5 2990545 3146320 + 14 610576 767932 +
5 1038388 1041261 + 7 1107597 1110442 -
5 482827 694268 + 1 191872 355018 +
5 696018 721883 + 1 357102 382309 -
5 723620 729298 + 1 383512 389110 +
5 797858 891310 + 1 102496 189901 -
5 1148126 1152845 + 1 61732 66451 -
5 1383642 1519338 + 1 1777145 1902952 -
5 1539214 1572500 + 1 1722172 1756292 +
5 1574733 1591911 + 1 1758132 1775086 -
5 1592110 1635324 + 1 1667373 1710578 -
5 1638567 1679469 + 1 1610748 1655673 -
5 1682030 1708470 + 1 1595499 1610350 +
5 1709296 1752307 + 1 1549261 1592532 -
5 1768352 2593866 + 1 728575 1547623 -
5 2625919 2923325 + 1 442068 728358 -
5 2928226 2973926 + 1 391820 437610 -
5 3146774 3182804 + 1 1903776 1940437 +
5 3183449 4159664 + 1 1950208 2857563 +
5 4171306 4782743 + 1 2858190 3418287 +
5 4800234 4856343 + 1 3419084 3475106 +
5 4859086 5299003 + 1 3475936 3898019 -
5 5366226 5406612 + 1 4059491 4098757 -
5 5420858 5497387 + 1 3977942 4059147 -
5 5497633 5656014 + 1 4099190 4255990 +
5 5697635 5699914 + 1 4256373 4258672 +
5 5714030 5891209 + 1 4259418 4449632 +
5 5917182 5980342 + 1 4449979 4500233 +
5 6019993 6021441 + 1 24699 26134 -
5 6025650 6088731 + 1 4507500 4561955 +
5 6090295 6096950 + 1 4562965 4570294 -
5 6100432 6138125 + 1 4595555 4625358 -
5 6152207 6178069 + 1 4571002 4593864 -
5 6195006 6212868 + 1 4626208 4642792 +
5 6222396 6239989 + 1 4646975 4660796 -
5 6242832 6409705 + 1 4668153 4833034 +
5 5406767 5420207 + 5 1810234 1815418 -
5 5695257 5696603 + 48 25104 26451 +
5 792743 796289 + 139 1393 5155 +
5 5660982 5666611 + 70 10690 16573 -
5 1095117 1096893 + 30 16273 18000 -
5 4798926 4800215 + 6 2441 3805 +
5 5703604 5709724 + 108 5241 11359 -
5 980715 982231 + 85 14039 15199 -
5 1763165 1766582 + 85 5973 9314 -
5 4161192 4162834 + 44 1532 3169 +
5 5997379 5998438 + 69 20628 21719 +
5 967699 974414 + 27 31009 37754 +
5 1155110 1162132 + 27 50287 57312 -
5 6010417 6012424 + 57 2554 4556 +
5 5911700 5913523 + 99 8444 10303 +
5 2594933 2603127 + 72 713 8847 +
5 4163207 4168070 + 60 592 5438 +
5 1168752 1170407 + 80 14160 15786 +
5 4783557 4790371 + 35 53237 60349 +
5 6005327 6007993 + 93 10609 13246 -
5 6139995 6141376 + 91 2164 3556 -
5 2924304 2927115 + 165 1642 4478 +
6 3023336 3026417 + 1 12954 15943 -
6 3076598 3092648 + 62 8001 19940 +
6 2927 4137 + 147 81 1377 -
6 6771 60404 + 35 584 53087 +
6 60720 104069 + 6 4046 44110 +
6 121874 156815 + 6 46653 81747 +
6 160021 230361 + 6 82443 151462 -
6 231614 269056 + 6 153261 186287 +
6 275867 278784 + 6 187102 190008 +
6 279559 350577 + 6 197744 256506 +
6 355555 359633 + 6 276514 279352 -
6 398163 405897 + 6 265590 273380 -
6 407092 413221 + 6 258159 263985 +
6 415655 487074 + 6 281027 333291 +
6 489590 531117 + 6 335316 373283 -
6 534276 587785 + 6 388895 438198 +
6 599099 664062 + 6 450492 513167 -
6 725517 1038268 + 6 572407 881544 +
6 1042322 1069673 + 6 881812 908770 -
6 1089288 1172033 + 6 913591 994479 +
6 1193436 1317811 + 6 994972 1114113 +
6 1321472 1328373 + 6 1114464 1121234 -
6 1340468 1795051 + 6 1125871 1555201 +
6 1823773 1888226 + 6 1555204 1611673 +
6 1911018 1977142 + 6 1612082 1677291 +
6 1977712 1986884 + 6 1678623 1687839 -
6 1989390 2101817 + 6 1688919 1805752 +
6 2103765 2105159 + 6 1810349 1811734 -
6 2107696 2586025 + 6 1812193 2291295 +
6 3098751 3166131 + 13 899351 974030 -
6 3170246 3205216 + 13 863050 897364 -
6 3205880 3231328 + 13 749280 773819 +
6 3241087 3318356 + 13 787036 862289 +
6 3319632 3322748 + 13 744808 747892 -
6 3322965 3369420 + 13 700350 744366 +
6 3370489 3505873 + 13 585033 699626 -
6 3538156 3597364 + 13 522489 584041 -
6 3598709 3629592 + 13 491116 521401 +
6 3646203 3711741 + 13 426296 489803 -
6 3723439 3745479 + 13 406025 425082 +
6 3745767 3770852 + 13 382982 400673 -
6 3771141 3776491 + 13 371588 376927 +
6 3777555 3781836 + 13 365721 369741 -
6 3796187 3806190 + 13 356025 364555 -
6 3807250 3824427 + 13 335431 354911 +
6 3832978 3867528 + 13 294830 328284 +
6 3872483 3891596 + 13 267242 290017 +
6 3892052 3895847 + 13 263093 266962 +
6 3896162 4131999 + 13 47338 261022 -
6 4133185 4160728 + 13 206 30411 -
6 2686403 2693191 + 10 135430 142161 -
6 3784022 3789604 + 18 403402 408976 +
6 4189299 4197599 + 18 189917 197844 -
6 3536894 3537911 + 3 353468 354870 +
6 1891249 1897113 + 14 226418 232308 -
6 3238151 3240620 + 53 9623 12102 -
6 114046 115357 + 58 19178 20476 -
6 4202107 4206269 + 7 2020744 2024916 -
6 269194 271740 + 17 23901 26394 +
6 1899027 1901959 + 24 54308 57195 +
6 3014477 3016418 + 85 2767 4714 +
6 2747721 2750144 + 89 8036 10497 -
6 1813114 1819690 + 36 23285 29802 -
6 2886588 2888237 + 32 58795 60447 -
6 365213 367426 + 102 6980 9397 +
6 2607398 2609007 + 102 5118 6726 -
6 2615964 2618326 + 73 8939 11303 -
6 1175792 1179390 + 78 817 6573 -
6 2693283 2699670 + 78 9169 14600 +
6 2721186 2747083 + 34 20710 43572 -
6 2652873 2655805 + 59 7490 10431 -
6 3166513 3167895 + 164 207 1620 -
6 2611366 2614309 + 51 25691 28750 -
6 2626411 2652637 + 43 18555 37305 +
6 2603582 2607016 + 52 17581 21061 +
6 2588101 2601531 + 50 7302 21490 +
6 2664410 2676205 + 26 32846 44887 +
6 2700083 2708903 + 26 45628 70836 +
6 2710289 2720714 + 26 86638 96325 +
6 2850211 2851283 + 26 19028 20075 +
6 3068663 3071038 + 123 2401 4649 -
6 2586260 2587976 + 63 12105 13842 -
6 2952917 2956648 + 63 21896 25521 +
6 2755805 2760962 + 76 7737 14120 +
6 4174544 4175833 + 76 2595 3873 -
6 2657221 2663902 + 77 6902 13566 +
6 3168220 3169509 + 163 2119 3378 -
6 4176807 4179406 + 104 5153 7814 -
7 613570 619463 + 23 163791 170390 +
7 1336629 1338646 + 1 27556 29557 -
7 2303223 2307354 + 1 8449 12551 +
7 2381589 2389897 + 1 1657727 1665975 +
7 2139603 2141391 + 17 27886 29676 +
7 2443517 2445771 + 38 10842 13002 +
7 2588387 2602885 + 38 22369 36871 -
7 2114577 2121041 + 27 58493 64923 -
7 2292474 2293880 + 6 195742 197148 -
7 1325798 1329618 + 58 21346 25203 -
7 2565228 2569135 + 56 12603 16693 +
7 2556396 2561531 + 66 9946 15050 -
7 2078644 2092576 + 13 976248 981347 -
7 2243713 2248700 + 3 1274655 1278440 -
7 1207 135302 + 8 760 136689 +
7 153806 155326 + 8 138420 139983 +
7 157708 240478 + 8 144152 218138 -
7 242632 257153 + 8 220371 233005 +
7 257830 305612 + 8 233535 258358 -
7 306563 311912 + 8 701183 706359 -
7 312465 313662 + 8 699348 700614 +
7 314307 318406 + 8 706839 710887 +
7 322760 385074 + 8 713154 750137 -
7 386579 388165 + 8 753652 754902 +
7 394437 422908 + 8 774891 802685 -
7 425247 432562 + 8 756039 764077 -
7 433270 438188 + 8 803500 808922 +
7 440353 450755 + 8 811350 821785 -
7 453137 457182 + 8 827252 831174 -
7 460306 502008 + 8 831994 871556 +
7 526200 610323 + 8 872633 952751 +
7 624106 889647 + 8 953019 1198265 +
7 915664 986559 + 8 1203320 1278131 +
7 987676 1007509 + 8 481487 501249 +
7 1028047 1039393 + 8 501473 513734 +
7 1079828 1091763 + 8 463149 475129 -
7 1093826 1116839 + 8 379369 401153 +
7 1150055 1221801 + 8 402308 462607 +
7 1222461 1225582 + 8 375442 378197 -
7 1226805 1318452 + 8 301235 373625 +
7 1345409 1390374 + 8 259303 300276 -
7 1390872 1591386 + 8 514634 699247 -
7 1594785 1598345 + 8 476503 480222 +
7 1600271 1740763 + 8 1279367 1417915 +
7 1741627 1823033 + 8 1426763 1504892 +
7 1835463 2060038 + 8 1505953 1730661 +
7 2060778 2075981 + 8 1734647 1746491 +
7 2105345 2111354 + 8 1759493 1765853 +
7 2279225 2285214 + 8 764117 770071 -
7 2142594 2143745 + 159 20 1184 -
7 893637 898186 + 14 285876 290390 -
7 904977 908426 + 14 275659 279110 -
7 1141511 1142897 + 14 930032 931196 +
7 2254726 2258370 + 14 570529 574155 +
7 142449 146311 + 19 365668 368642 -
7 2146711 2150735 + 9 1512704 1514417 +
7 2639447 2796543 + 9 1343389 1499950 -
7 2811134 3162241 + 9 992770 1342805 -
7 3162612 3367771 + 9 780569 982548 -
7 3375092 3497786 + 9 695271 780005 -
7 3499325 3521792 + 9 671626 693539 +
7 3524172 3660264 + 9 535001 669976 -
7 3662729 3664123 + 9 464893 466062 -
7 3665170 3729219 + 9 497588 534083 +
7 3730727 3760341 + 9 467344 496210 +
7 3761631 3824272 + 9 402811 464249 -
7 3829801 3831870 + 9 396089 398109 +
7 3833144 3954567 + 9 275645 394262 -
7 3955424 3980849 + 9 238530 260537 -
7 3982547 4013710 + 9 203386 234690 +
7 4018837 4020919 + 9 235742 237744 -
7 4021930 4126628 + 9 96530 197279 -
7 4127028 4196322 + 9 23098 89972 +
7 4200511 4202789 + 9 19621 21939 -
7 4217553 4232552 + 9 2115 17369 -
7 524447 525817 + 18 394349 395728 -
7 4246589 4254766 + 15 803675 812558 +
7 1827547 1831465 + 49 27354 30992 -
7 2182616 2185143 + 49 5031 8045 -
7 2548956 2555839 + 41 42951 50938 -
7 2569469 2585511 + 41 5517 19604 +
7 2797329 2799883 + 53 27660 30173 +
7 2231334 2234073 + 30 42246 44951 +
7 2800629 2804315 + 30 38184 41877 -
7 2478244 2481584 + 120 2558 5872 +
7 2125110 2132477 + 44 10554 19593 +
7 2132850 2134879 + 44 34092 36121 +
7 2496294 2502409 + 39 28726 33617 -
7 3369655 3374148 + 48 29933 34319 -
7 4213517 4214799 + 70 17022 18328 +
7 1022182 1026121 + 47 4527 8341 -
7 1341646 1344181 + 94 10238 12766 +
7 2603645 2638160 + 37 12868 48552 +
7 1010710 1013643 + 127 3076 6008 +
7 2240118 2242690 + 81 1013 3386 -
7 2415980 2421780 + 119 1494 7033 -
7 1013798 1017664 + 28 84938 88750 +
7 2323540 2326165 + 28 18457 21061 -
7 2153941 2159417 + 25 40779 46231 -
7 2393368 2394458 + 25 55142 56219 +
7 2483306 2494879 + 25 8226 36121 +
7 2507279 2524059 + 25 59808 78683 +
7 2534396 2541437 + 25 79704 86203 +
7 2542296 2547695 + 25 105662 111003 +
7 2394884 2397096 + 72 16930 19120 -
7 2195324 2196710 + 65 23169 24539 +
7 2529283 2533088 + 114 2852 6642 -
7 2527992 2529107 + 26 16770 17885 -
7 2422750 2437452 + 86 868 15480 +
7 2316791 2322260 + 67 8009 13606 +
7 2473089 2476768 + 169 1978 3476 +
8 62809 104658 + 14 319 39517 +
9 6023 7791 + 7 1119813 1120863 -
10 50632 52298 + 9 263095 264794 -
10 60961 65007 + 27 83871 87920 -
10 6643 7693 + 122 2444 3504 -
10 31807 38948 + 55 21431 28512 -
10 11679 19995 + 38 41229 49543 -
10 100488 101530 + 39 25169 26194 -
10 41743 43738 + 54 7795 9807 +
10 119660 124329 + 62 20619 25121 -
10 93856 99528 + 57 14706 20325 -
11 4566 6117 + 32 15433 17025 -
11 14758 18036 + 6 375245 378524 +
13 350 6876 + 3 3065032 3071547 -
13 7094 9804 + 36 47304 50007 -
